1531,64,42.8,53.8,42.5,888.8,-88.8,-999.9,-88.8
1424,63.9,42.9,53.9,41.9,888.8,-88.8,-999.9,-88.8
1425,63.9,42.9,54,41.4,888.8,-88.8,-999.9,-88.8
1426,63.8,43,54,41,888.8,-88.8,-999.9,-88.8
1427,63.8,43,54,40.5,888.8,-88.8,-999.9,-88.8
1428,63.9,43,54.1,39.9,888.8,-88.8,-999.9,-88.8
1429,64,43.1,54.1,40.1,888.8,-88.8,-999.9,-88.8
1430,64,43.1,54.1,39.9,888.8,-88.8,-999.9,-88.8
1431,63.9,43.2,54.2,39.5,888.8,-88.8,-999.9,-88.8
1432,63.8,43.2,54.3,39.2,888.8,-88.8,-999.9,-88.8
1433,63.8,43.3,54.3,39,888.8,-88.8,-999.9,-88.8
1434,63.7,43.3,54.3,38.6,888.8,-88.8,-999.9,-88.8
1435,63.5,43.4,54.4,38.2,888.8,-88.8,-999.9,-88.8
1436,63.4,43.4,54.5,37.9,888.8,-88.8,-999.9,-88.8
1437,63.2,43.5,54.5,37.5,888.8,-88.8,-999.9,-88.8
1438,63.1,43.6,54.5,37.1,888.8,-88.8,-999.9,-88.8
1439,62.9,43.7,54.5,37.2,888.8,-88.8,-999.9,-88.8
1440,62.8,43.7,54.5,37.2,888.8,-88.8,-999.9,-88.8
1441,62.7,43.8,54.6,37.6,888.8,-88.8,-999.9,-88.8
1442,62.7,43.9,54.7,38.9,888.8,-88.8,-999.9,-88.8
1443,62.6,43.9,54.7,40.4,888.8,-88.8,-999.9,-88.8
1444,62.5,44,54.9,41,888.8,-88.8,-999.9,-88.8
1445,62.4,44,54.9,40.7,888.8,-88.8,-999.9,-88.8
1446,62.4,44.1,54.9,40.6,888.8,-88.8,-999.9,-88.8
1447,62.3,44.1,54.9,40.5,888.8,-88.8,-999.9,-88.8
1448,62.2,44.1,54.9,38.2,888.8,-88.8,-999.9,-88.8
1449,62.1,44.1,55,37,888.8,-88.8,-999.9,-88.8
1450,62,44.1,55,37.5,888.8,-88.8,-999.9,-88.8
1451,61.8,44.1,55.1,37.6,888.8,-88.8,-999.9,-88.8
1452,61.7,44.1,55.1,37.9,888.8,-88.8,-999.9,-88.8
1453,61.5,44.2,55,37.6,888.8,-88.8,-999.9,-88.8
1454,61.3,44.2,55.1,37.2,888.8,-88.8,-999.9,-88.8
1455,61.1,44.3,55.1,36.8,888.8,-88.8,-999.9,-88.8
1456,61,44.4,55.2,36.6,888.8,-88.8,-999.9,-88.8
1457,60.8,44.4,55.2,36.3,888.8,-88.8,-999.9,-88.8
1458,60.6,44.4,55.2,35.9,888.8,-88.8,-999.9,-88.8
1459,60.5,44.5,55.2,36.3,888.8,-88.8,-999.9,-88.8
1500,60.3,44.6,55.2,37.1,888.8,-88.8,-999.9,-88.8
1501,60.2,44.6,55.2,38.1,888.8,-88.8,-999.9,-88.8
1502,60,44.7,55.3,39,888.8,-88.8,-999.9,-88.8
1503,59.8,44.8,55.3,40.3,888.8,-88.8,-999.9,-88.8
1504,59.6,44.8,55.3,39.9,888.8,-88.8,-999.9,-88.8
1505,59.3,44.9,55.4,40.4,888.8,-88.8,-999.9,-88.8
1506,58.9,44.9,55.4,40.2,888.8,-88.8,-999.9,-88.8
1507,59.9,45,55.4,39.6,888.8,-88.8,-999.9,-88.8
1508,60.6,45,55.5,39.2,888.8,-88.8,-999.9,-88.8
1509,58.5,45,55.5,39.9,888.8,-88.8,-999.9,-88.8
1510,57.1,45,55.5,39.3,888.8,-88.8,-999.9,-88.8
1511,56.8,45,55.5,38.2,888.8,-88.8,-999.9,-88.8
1512,57,45,55.4,37.7,888.8,-88.8,-999.9,-88.8
1513,57.4,44.9,55.4,37.6,888.8,-88.8,-999.9,-88.8
1514,57.7,44.9,55.4,37.6,888.8,-88.8,-999.9,-88.8
1515,57.8,44.9,55.4,37.4,888.8,-88.8,-999.9,-88.8
1516,57.7,44.8,55.4,37.2,888.8,-88.8,-999.9,-88.8
1517,57.5,44.8,55.4,36.8,888.8,-88.8,-999.9,-88.8
1518,57.2,44.8,55.3,36.4,888.8,-88.8,-999.9,-88.8
1519,56.9,44.6,55.3,36.4,888.8,-88.8,-999.9,-88.8
1520,56.6,44.4,55.3,36.1,888.8,-88.8,-999.9,-88.8
1521,56.3,44.1,55.3,35.9,888.8,-88.8,-999.9,-88.8
1522,55.9,43.8,55.3,36,888.8,-88.8,-999.9,-88.8
1523,55.4,43.7,55.3,36.8,888.8,-88.8,-999.9,-88.8
1524,55.3,43.5,55.3,37.7,888.8,-88.8,-999.9,-88.8
1525,56.1,43.4,55.3,38.9,888.8,-88.8,-999.9,-88.8
1526,55.5,43.4,55.3,39.9,888.8,-88.8,-999.9,-88.8
1527,54.7,43.3,55.3,40.8,888.8,-88.8,-999.9,-88.8
1528,54.2,43.3,55.3,41.9,888.8,-88.8,-999.9,-88.8
1529,53.8,43.3,55.3,42.3,888.8,-88.8,-999.9,-88.8
1530,53.5,43.3,55.3,42.5,888.8,-88.8,-999.9,-88.8
1531,53.2,43.2,55.3,42.3,888.8,-88.8,-999.9,-88.8
1532,52.9,43.2,55.3,42.3,888.8,-88.8,-999.9,-88.8
1533,52.4,43.2,55.3,41.9,888.8,-88.8,-999.9,-88.8
1534,51.9,43.2,55.3,41.3,888.8,-88.8,-999.9,-88.8
1535,51.4,43.2,55.3,40.7,888.8,-88.8,-999.9,-88.8
1536,50.9,43.2,55.3,40.3,888.8,-88.8,-999.9,-88.8
1537,50.4,43.1,55.3,39.9,888.8,-88.8,-999.9,-88.8
1538,49.7,43.1,55.3,39.3,888.8,-88.8,-999.9,-88.8
1539,49.1,42.9,55.2,39.1,888.8,-88.8,-999.9,-88.8
1540,48.5,42.9,55.3,38.9,888.8,-88.8,-999.9,-88.8
1541,48.1,42.7,55.3,38.6,888.8,-88.8,-999.9,-88.8
1542,47,42.7,55.3,38.3,888.8,-88.8,-999.9,-88.8
1543,45.7,42.6,55.2,38,888.8,-88.8,-999.9,-88.8
1544,45,42.6,55.2,37.7,888.8,-88.8,-999.9,-88.8
1545,44.5,42.6,55.2,37.4,888.8,-88.8,-999.9,-88.8
1546,44.5,42.6,55.2,37.1,888.8,-88.8,-999.9,-88.8
1547,44.9,42.5,55.2,36.8,888.8,-88.8,-999.9,-88.8
1548,45,42.5,55.2,36.3,888.8,-88.8,-999.9,-88.8
1549,45,42.5,55.2,36.1,888.8,-88.8,-999.9,-88.8
1550,45,42.5,55.1,36.1,888.8,-88.8,-999.9,-88.8
1551,44.9,42.5,55.1,35.9,888.8,-88.8,-999.9,-88.8
1552,44.7,42.5,55.1,35.7,888.8,-88.8,-999.9,-88.8
1553,44.4,42.5,55.1,35.6,888.8,-88.8,-999.9,-88.8
1554,43.9,42.5,55,35.4,888.8,-88.8,-999.9,-88.8
1555,43.4,42.5,55,35.2,888.8,-88.8,-999.9,-88.8
1556,42.7,42.5,55,34.9,888.8,-88.8,-999.9,-88.8
1557,42,42.5,55,34.7,888.8,-88.8,-999.9,-88.8
1558,41.4,42.5,54.9,34.3,888.8,-88.8,-999.9,-88.8
1559,40.6,42.4,54.9,34.2,888.8,-88.8,-999.9,-88.8
1600,40,42.4,54.9,33.8,888.8,-88.8,-999.9,-88.8
1601,39.3,42.4,54.9,34,888.8,-88.8,-999.9,-88.8
1602,38.5,42.4,55,34.5,888.8,-88.8,-999.9,-88.8
1603,37.9,42.5,54.9,35.2,888.8,-88.8,-999.9,-88.8
1604,37.1,42.4,54.9,36.2,888.8,-88.8,-999.9,-88.8
1605,36.4,42.4,54.8,37.3,888.8,-88.8,-999.9,-88.8
1606,35.7,42.4,54.9,38.9,888.8,-88.8,-999.9,-88.8
1607,35,42.4,54.9,39.5,888.8,-88.8,-999.9,-88.8
1608,34.3,42.4,54.8,39.6,888.8,-88.8,-999.9,-88.8
1609,33.7,42.4,54.9,40.2,888.8,-88.8,-999.9,-88.8
1610,33,42.3,54.8,39.9,888.8,-88.8,-999.9,-88.8
1611,32.4,42.4,54.8,39.5,888.8,-88.8,-999.9,-88.8
1612,31.7,42.4,54.7,39.4,888.8,-88.8,-999.9,-88.8
1613,31.1,42.3,54.7,39.1,888.8,-88.8,-999.9,-88.8
1614,30.4,42.3,54.7,38.5,888.8,-88.8,-999.9,-88.8
1615,29.8,42.3,54.7,38.1,888.8,-88.8,-999.9,-88.8
1616,29.2,42.4,54.7,37.7,888.8,-88.8,-999.9,-88.8
1617,28.6,42.3,54.7,37.3,888.8,-88.8,-999.9,-88.8
1618,28.1,42.3,54.6,36.9,888.8,-88.8,-999.9,-88.8
1619,27.5,42.3,54.6,36.6,888.8,-88.8,-999.9,-88.8
1620,27,42.3,54.6,36.5,888.8,-88.8,-999.9,-88.8
1621,26.4,42.3,54.5,36.4,888.8,-88.8,-999.9,-88.8
1622,25.9,42.3,54.5,36.2,888.8,-88.8,-999.9,-88.8
1623,25.4,42.3,54.5,36,888.8,-88.8,-999.9,-88.8
1624,24.9,42.3,54.5,35.8,888.8,-88.8,-999.9,-88.8
1625,24.4,42.3,54.5,35.5,888.8,-88.8,-999.9,-88.8
1626,23.9,42.3,54.5,35.2,888.8,-88.8,-999.9,-88.8
1627,23.4,42.3,54.5,35,888.8,-88.8,-999.9,-88.8
1628,23,42.3,54.5,34.7,888.8,-88.8,-999.9,-88.8
1629,22.5,42.3,54.4,34.5,888.8,-88.8,-999.9,-88.8
1630,22.1,42.3,54.4,34.1,888.8,-88.8,-999.9,-88.8
1631,21.6,42.3,54.4,34.2,888.8,-88.8,-999.9,-88.8
1632,21.2,42.3,54.4,34.7,888.8,-88.8,-999.9,-88.8
1633,20.7,42.3,54.4,35.4,888.8,-88.8,-999.9,-88.8
1634,20.3,42.3,54.4,36.3,888.8,-88.8,-999.9,-88.8
1635,19.9,42.3,54.4,37.5,888.8,-88.8,-999.9,-88.8
1636,19.4,42.3,54.4,38.7,888.8,-88.8,-999.9,-88.8
1637,19,42.3,54.3,39.8,888.8,-88.8,-999.9,-88.8
1638,18.6,42.3,54.4,41,888.8,-88.8,-999.9,-88.8
1639,18.2,42.3,54.4,41.5,888.8,-88.8,-999.9,-88.8
1640,17.9,42.3,54.3,41.9,888.8,-88.8,-999.9,-88.8
1641,17.5,42.3,54.3,41.6,888.8,-88.8,-999.9,-88.8
1642,17.1,42.3,54.3,41.3,888.8,-88.8,-999.9,-88.8
1643,16.7,42.3,54.3,40.9,888.8,-88.8,-999.9,-88.8
1644,16.3,42.3,54.3,40.3,888.8,-88.8,-999.9,-88.8
1645,16,42.3,54.3,39.8,888.8,-88.8,-999.9,-88.8
1646,15.6,42.3,54.2,39.4,888.8,-88.8,-999.9,-88.8
1647,15.3,42.2,54.3,39,888.8,-88.8,-999.9,-88.8
1648,14.9,42.3,54.2,38.5,888.8,-88.8,-999.9,-88.8
1649,14.6,42.2,54.2,38.1,888.8,-88.8,-999.9,-88.8
1650,14.3,42.2,54.2,37.9,888.8,-88.8,-999.9,-88.8
1651,14,42.3,54.2,37.8,888.8,-88.8,-999.9,-88.8
1652,13.7,42.2,54.1,37.5,888.8,-88.8,-999.9,-88.8
1653,13.4,42.2,54.1,37.3,888.8,-88.8,-999.9,-88.8
1654,13,42.2,54.1,37.1,888.8,-88.8,-999.9,-88.8
1655,12.8,42.2,54.1,35.2,888.8,-88.8,-999.9,-88.8
1656,12.5,42.2,54.1,34,888.8,-88.8,-999.9,-88.8
1657,12.2,42.2,54.1,33.9,888.8,-88.8,-999.9,-88.8
1658,11.9,42.2,54,33.9,888.8,-88.8,-999.9,-88.8
1659,11.6,42.2,54,34.3,888.8,-88.8,-999.9,-88.8
1700,11.3,42.2,54,34.7,888.8,-88.8,-999.9,-88.8
1701,11.1,42.2,54,35.3,888.8,-88.8,-999.9,-88.8
1702,10.8,42.2,53.9,35.9,888.8,-88.8,-999.9,-88.8
1703,10.6,42.2,54,36.6,888.8,-88.8,-999.9,-88.8
1704,10.3,42.2,54,37.3,888.8,-88.8,-999.9,-88.8
1705,10.1,42.2,54,38.1,888.8,-88.8,-999.9,-88.8
1706,9.8,42.2,53.9,38.8,888.8,-88.8,-999.9,-88.8
1707,9.6,42.2,53.9,39.6,888.8,-88.8,-999.9,-88.8
1708,9.4,42.2,54,40.3,888.8,-88.8,-999.9,-88.8
1709,9.2,42.2,54,41,888.8,-88.8,-999.9,-88.8
1710,8.9,42.2,53.9,41.7,888.8,-88.8,-999.9,-88.8
1711,8.7,42.1,53.9,42.2,888.8,-88.8,-999.9,-88.8
1712,8.5,42.2,53.9,42.9,888.8,-88.8,-999.9,-88.8
1713,8.3,42.1,53.9,43.4,888.8,-88.8,-999.9,-88.8
1714,8.1,42.2,53.9,43.7,888.8,-88.8,-999.9,-88.8
1715,7.9,42.1,53.9,44.2,888.8,-88.8,-999.9,-88.8
1716,7.7,42.1,53.9,44.6,888.8,-88.8,-999.9,-88.8
1717,7.5,42.1,53.9,45,888.8,-88.8,-999.9,-88.8
1718,7.3,42.1,53.9,45.5,888.8,-88.8,-999.9,-88.8
1719,7.1,42.1,53.9,45.9,888.8,-88.8,-999.9,-88.8
1720,6.9,42.1,53.9,46.1,888.8,-88.8,-999.9,-88.8
1721,6.7,42.1,53.9,46.3,888.8,-88.8,-999.9,-88.8
1722,6.6,42.1,53.9,46.4,888.8,-88.8,-999.9,-88.8
1723,6.5,42.1,53.9,46,888.8,-88.8,-999.9,-88.8
1724,6.2,42.1,53.9,45.7,888.8,-88.8,-999.9,-88.8
1725,6.1,42.1,53.9,45,888.8,-88.8,-999.9,-88.8
1726,5.9,42.1,53.9,44.5,888.8,-88.8,-999.9,-88.8
1727,5.8,42.1,53.9,44.1,888.8,-88.8,-999.9,-88.8
1728,5.6,42.1,53.8,43.5,888.8,-88.8,-999.9,-88.8
1729,5.5,42.1,53.8,43,888.8,-88.8,-999.9,-88.8
1730,5.4,42.1,53.8,42.5,888.8,-88.8,-999.9,-88.8
1731,5.2,42.1,53.8,42.1,888.8,-88.8,-999.9,-88.8
1732,5.1,42.1,53.8,41.7,888.8,-88.8,-999.9,-88.8
1733,5,42.1,53.8,41.2,888.8,-88.8,-999.9,-88.8
1734,4.9,42.1,53.8,40.8,888.8,-88.8,-999.9,-88.8
1735,4.7,42.1,53.8,40.3,888.8,-88.8,-999.9,-88.8
1736,4.6,42.1,53.8,39.9,888.8,-88.8,-999.9,-88.8
1737,4.5,42.1,53.8,39.5,888.8,-88.8,-999.9,-88.8
1738,4.4,42.1,53.7,39.1,888.8,-88.8,-999.9,-88.8
1739,4.2,42.1,53.7,38.6,888.8,-88.8,-999.9,-88.8
1740,4.1,42.1,53.7,38.5,888.8,-88.8,-999.9,-88.8
1741,4,42.1,53.7,38.3,888.8,-88.8,-999.9,-88.8
1742,3.9,42.1,53.7,38,888.8,-88.8,-999.9,-88.8
1743,3.8,42.1,53.6,37.8,888.8,-88.8,-999.9,-88.8
1744,3.7,42.1,53.6,37.4,888.8,-88.8,-999.9,-88.8
1745,3.6,42.1,53.6,37,888.8,-88.8,-999.9,-88.8
1746,3.5,42.1,53.6,36.6,888.8,-88.8,-999.9,-88.8
1747,3.4,42.1,53.6,36.3,888.8,-88.8,-999.9,-88.8
1748,3.3,42.1,53.6,35.5,888.8,-88.8,-999.9,-88.8
1749,3.2,42.1,53.5,35.2,888.8,-88.8,-999.9,-88.8
1750,3.1,42,53.5,36.1,888.8,-88.8,-999.9,-88.8
1751,3.1,42,53.5,37.5,888.8,-88.8,-999.9,-88.8
1752,3,42.1,53.5,38.7,888.8,-88.8,-999.9,-88.8
1753,2.9,42.1,53.5,39.4,888.8,-88.8,-999.9,-88.8
1754,2.8,42.1,53.5,40,888.8,-88.8,-999.9,-88.8
1755,2.7,42.1,53.5,40.6,888.8,-88.8,-999.9,-88.8
1756,2.7,42,53.5,41.2,888.8,-88.8,-999.9,-88.8
1757,2.5,42,53.5,41.8,888.8,-88.8,-999.9,-88.8
1758,2.4,42,53.5,42.4,888.8,-88.8,-999.9,-88.8
1759,2.4,42,53.5,42.7,888.8,-88.8,-999.9,-88.8
1800,2.3,42,53.5,42.9,888.8,-88.8,-999.9,-88.8
1801,2.2,42,53.5,42.9,888.8,-88.8,-999.9,-88.8
1802,2.2,42,53.5,42.2,888.8,-88.8,-999.9,-88.8
1803,2.1,42,53.5,41.8,888.8,-88.8,-999.9,-88.8
1804,2,42,53.5,41.6,888.8,-88.8,-999.9,-88.8
1805,1.9,42,53.4,41.4,888.8,-88.8,-999.9,-88.8
1806,1.9,42,53.4,41,888.8,-88.8,-999.9,-88.8
1807,1.8,42,53.4,40.6,888.8,-88.8,-999.9,-88.8
1808,1.8,42,53.4,40.3,888.8,-88.8,-999.9,-88.8
1809,1.7,42,53.4,40,888.8,-88.8,-999.9,-88.8
1810,1.6,42,53.4,40.2,888.8,-88.8,-999.9,-88.8
1811,1.5,42,53.4,40.1,888.8,-88.8,-999.9,-88.8
1812,1.5,42,53.4,40.3,888.8,-88.8,-999.9,-88.8
1813,1.4,42,53.4,40.9,888.8,-88.8,-999.9,-88.8
1814,1.3,42,53.4,41.4,888.8,-88.8,-999.9,-88.8
1815,1.3,42,53.3,41.9,888.8,-88.8,-999.9,-88.8
1816,1.2,42,53.3,42.4,888.8,-88.8,-999.9,-88.8
1817,1.2,42,53.3,42.6,888.8,-88.8,-999.9,-88.8
1818,1.1,42,53.3,41.9,888.8,-88.8,-999.9,-88.8
1819,1.1,42,53.3,42,888.8,-88.8,-999.9,-88.8
1820,1,41.9,53.3,42.6,888.8,-88.8,-999.9,-88.8
1821,0.9,42,53.3,42.2,888.8,-88.8,-999.9,-88.8
1822,0.9,42,53.3,41.9,888.8,-88.8,-999.9,-88.8
1823,0.8,42,53.3,41.7,888.8,-88.8,-999.9,-88.8
1824,0.7,41.9,53.3,41.4,888.8,-88.8,-999.9,-88.8
1825,0.7,41.9,53.3,40.9,888.8,-88.8,-999.9,-88.8
1826,0.6,41.9,53.2,40.4,888.8,-88.8,-999.9,-88.8
1827,0.6,41.9,53.2,40,888.8,-88.8,-999.9,-88.8
1828,0.5,41.9,53.2,39.5,888.8,-88.8,-999.9,-88.8
1829,0.5,41.9,53.2,39.3,888.8,-88.8,-999.9,-88.8
1830,0.5,41.9,53.2,39.4,888.8,-88.8,-999.9,-88.8
1831,0.4,41.9,53.2,39.5,888.8,-88.8,-999.9,-88.8
1832,0.4,41.9,53.2,39.7,888.8,-88.8,-999.9,-88.8
1833,0.3,41.9,53.2,40.4,888.8,-88.8,-999.9,-88.8
1834,0.2,41.9,53.1,40.9,888.8,-88.8,-999.9,-88.8
1835,0.2,41.9,53.2,41.3,888.8,-88.8,-999.9,-88.8
1836,0.1,41.9,53.2,40.6,888.8,-88.8,-999.9,-88.8
1837,0.1,41.9,53.1,40.4,888.8,-88.8,-999.9,-88.8
1838,0,41.9,53.2,40.2,888.8,-88.8,-999.9,-88.8
1839,0,41.9,53.1,40.3,888.8,-88.8,-999.9,-88.8
1840,0,41.9,53.1,40.8,888.8,-88.8,-999.9,-88.8
1841,0,41.9,53.1,40.4,888.8,-88.8,-999.9,-88.8
1842,-0.1,41.9,53.1,40,888.8,-88.8,-999.9,-88.8
1843,-0.2,41.9,53.1,39.7,888.8,-88.8,-999.9,-88.8
1844,-0.2,41.9,53.1,39.5,888.8,-88.8,-999.9,-88.8
1845,-0.2,41.9,53,39,888.8,-88.8,-999.9,-88.8
1846,-0.3,41.9,53,38.6,888.8,-88.8,-999.9,-88.8
1847,-0.4,41.9,53,38.2,888.8,-88.8,-999.9,-88.8
1848,-0.4,41.9,52.9,37.9,888.8,-88.8,-999.9,-88.8
1849,-0.5,41.9,52.9,37.6,888.8,-88.8,-999.9,-88.8
1850,-0.5,41.9,52.9,37.9,888.8,-88.8,-999.9,-88.8
1851,-0.5,41.9,52.9,38.1,888.8,-88.8,-999.9,-88.8
1852,-0.6,41.9,52.9,38.3,888.8,-88.8,-999.9,-88.8
1853,-0.6,41.9,52.9,39,888.8,-88.8,-999.9,-88.8
1854,-0.7,41.9,52.9,38.7,888.8,-88.8,-999.9,-88.8
1855,-0.7,41.9,52.9,38.3,888.8,-88.8,-999.9,-88.8
1856,-0.8,41.9,52.9,38.1,888.8,-88.8,-999.9,-88.8
1857,-0.8,41.8,52.9,37.9,888.8,-88.8,-999.9,-88.8
1858,-0.9,41.9,52.8,37.8,888.8,-88.8,-999.9,-88.8
1859,-0.9,41.9,52.8,37.9,888.8,-88.8,-999.9,-88.8
1900,-0.9,41.9,52.8,38.4,888.8,-88.8,-999.9,-88.8
1901,-1,41.9,52.7,38.8,888.8,-88.8,-999.9,-88.8
1902,-1,41.9,52.8,39,888.8,-88.8,-999.9,-88.8
1903,-1.1,41.9,52.8,38.8,888.8,-88.8,-999.9,-88.8
1904,-1.1,41.8,52.7,38.4,888.8,-88.8,-999.9,-88.8
1905,-1.2,41.9,52.8,38.1,888.8,-88.8,-999.9,-88.8
1906,-1.2,41.8,52.7,37.8,888.8,-88.8,-999.9,-88.8
1907,-1.2,41.9,52.7,37.7,888.8,-88.8,-999.9,-88.8
1908,-1.3,41.9,52.7,37.6,888.8,-88.8,-999.9,-88.8
1909,-1.3,41.8,52.7,37.5,888.8,-88.8,-999.9,-88.8
1910,-1.3,41.8,52.7,37.9,888.8,-88.8,-999.9,-88.8
1911,-1.4,41.8,52.7,38.2,888.8,-88.8,-999.9,-88.8
1912,-1.4,41.9,52.6,38.5,888.8,-88.8,-999.9,-88.8
1913,-1.4,41.8,52.6,39,888.8,-88.8,-999.9,-88.8
1914,-1.5,41.8,52.6,38.4,888.8,-88.8,-999.9,-88.8
1915,-1.5,41.6,52.6,38.1,888.8,-88.8,-999.9,-88.8
1916,-1.5,41.4,52.6,37.8,888.8,-88.8,-999.9,-88.8
1917,-1.5,41.1,52.6,37.7,888.8,-88.8,-999.9,-88.8
1918,-1.6,40.9,52.6,37.6,888.8,-88.8,-999.9,-88.8
1919,-1.6,40.8,52.5,37.6,888.8,-88.8,-999.9,-88.8
1920,-1.6,40.7,52.5,38.2,888.8,-88.8,-999.9,-88.8
1921,-1.7,40.6,52.5,38.5,888.8,-88.8,-999.9,-88.8
1922,-1.7,40.6,52.5,38.8,888.8,-88.8,-999.9,-88.8
1923,-1.7,40.6,52.5,38.7,888.8,-88.8,-999.9,-88.8
1924,-1.8,40.5,52.5,38.2,888.8,-88.8,-999.9,-88.8
1925,-1.8,40.5,52.5,37.9,888.8,-88.8,-999.9,-88.8
1926,-1.8,40.5,52.5,37.5,888.8,-88.8,-999.9,-88.8
1927,-1.9,40.4,52.4,37.5,888.8,-88.8,-999.9,-88.8
1928,-1.9,40.4,52.4,37.4,888.8,-88.8,-999.9,-88.8
1929,-2,40.4,52.4,37.3,888.8,-88.8,-999.9,-88.8
1930,-2,40.4,52.4,37.9,888.8,-88.8,-999.9,-88.8
1931,-2,40.4,52.3,38.2,888.8,-88.8,-999.9,-88.8
1932,-2,40.4,52.3,38.4,888.8,-88.8,-999.9,-88.8
1933,-2.1,40.3,52.3,38.9,888.8,-88.8,-999.9,-88.8
1934,-2.1,40.3,52.3,38.2,888.8,-88.8,-999.9,-88.8
1935,-2.1,40.3,52.3,37.9,888.8,-88.8,-999.9,-88.8
1936,-2.2,40.4,52.3,37.5,888.8,-88.8,-999.9,-88.8
1937,-2.2,40.3,52.3,37.4,888.8,-88.8,-999.9,-88.8
1938,-2.2,40.3,52.3,37.4,888.8,-88.8,-999.9,-88.8
1939,-2.3,40.3,52.3,37.3,888.8,-88.8,-999.9,-88.8
1940,-2.3,40.3,52.3,37.9,888.8,-88.8,-999.9,-88.8
1941,-2.3,40.3,52.2,38.4,888.8,-88.8,-999.9,-88.8
1942,-2.4,40.4,52.2,38.5,888.8,-88.8,-999.9,-88.8
1943,-2.4,40.3,52.2,38.9,888.8,-88.8,-999.9,-88.8
1944,-2.4,40.3,52.2,38.2,888.8,-88.8,-999.9,-88.8
1945,-2.4,40.3,52.2,37.9,888.8,-88.8,-999.9,-88.8
1946,-2.5,40.3,52.2,37.6,888.8,-88.8,-999.9,-88.8
1947,-2.5,40.3,52.2,37.5,888.8,-88.8,-999.9,-88.8
1948,-2.6,40.3,52.2,37.4,888.8,-88.8,-999.9,-88.8
1949,-2.6,40.3,52.2,37.3,888.8,-88.8,-999.9,-88.8
1950,-2.6,40.3,52.1,37.9,888.8,-88.8,-999.9,-88.8
1951,-2.7,40.3,52.1,38.3,888.8,-88.8,-999.9,-88.8
1952,-2.7,40.3,52.1,38.4,888.8,-88.8,-999.9,-88.8
1953,-2.7,40.3,52.1,38.9,888.8,-88.8,-999.9,-88.8
1954,-2.7,40.4,52.1,38.2,888.8,-88.8,-999.9,-88.8
1955,-2.7,40.3,52.1,37.9,888.8,-88.8,-999.9,-88.8
1956,-2.8,40.3,52.1,37.5,888.8,-88.8,-999.9,-88.8
1957,-2.8,40.3,52.1,37.3,888.8,-88.8,-999.9,-88.8
1958,-2.8,40.1,52,37.3,888.8,-88.8,-999.9,-88.8
1959,-2.8,39.9,52,37.2,888.8,-88.8,-999.9,-88.8
2000,-2.9,39.6,52,37.7,888.8,-88.8,-999.9,-88.8
2001,-2.9,39.2,51.9,38.2,888.8,-88.8,-999.9,-88.8
2002,-2.9,38.9,51.9,38.4,888.8,-88.8,-999.9,-88.8
2003,-2.9,38.5,51.9,38.9,888.8,-88.8,-999.9,-88.8
2004,-2.9,38.2,51.9,39.5,888.8,-88.8,-999.9,-88.8
2005,-3,38,51.9,40,888.8,-88.8,-999.9,-88.8
2006,-3,37.8,51.9,39.5,888.8,-88.8,-999.9,-88.8
2007,-3,37.7,51.8,39.1,888.8,-88.8,-999.9,-88.8
2008,-3,37.7,51.8,38.9,888.8,-88.8,-999.9,-88.8
2009,-3,37.7,51.8,38.8,888.8,-88.8,-999.9,-88.8
2010,-3.1,37.6,51.8,39.6,888.8,-88.8,-999.9,-88.8
2011,-3.1,37.6,51.8,40.5,888.8,-88.8,-999.9,-88.8
2012,-3.1,37.6,51.8,40.5,888.8,-88.8,-999.9,-88.8
2013,-3.1,37.6,51.7,39.7,888.8,-88.8,-999.9,-88.8
2014,-3.1,37.6,51.8,39.5,888.8,-88.8,-999.9,-88.8
2015,-3.2,37.5,51.7,39,888.8,-88.8,-999.9,-88.8
2016,-3.2,37.4,51.7,38.8,888.8,-88.8,-999.9,-88.8
2017,-3.2,37.3,51.7,38.6,888.8,-88.8,-999.9,-88.8
2018,-3.3,37.3,51.7,38.4,888.8,-88.8,-999.9,-88.8
2019,-3.3,37.1,51.6,38.1,888.8,-88.8,-999.9,-88.8
2020,-3.3,36.9,51.6,38.3,888.8,-88.8,-999.9,-88.8
2021,-3.3,36.6,51.6,38.5,888.8,-88.8,-999.9,-88.8
2022,-3.3,36.5,51.6,38.6,888.8,-88.8,-999.9,-88.8
2023,-3.4,36.2,51.6,38.8,888.8,-88.8,-999.9,-88.8
2024,-3.4,36,51.6,39.3,888.8,-88.8,-999.9,-88.8
2025,-3.4,35.8,51.5,38.8,888.8,-88.8,-999.9,-88.8
2026,-3.4,35.7,51.5,38.4,888.8,-88.8,-999.9,-88.8
2027,-3.5,35.5,51.5,38,888.8,-88.8,-999.9,-88.8
2028,-3.5,35.3,51.4,37.8,888.8,-88.8,-999.9,-88.8
2029,-3.5,35.1,51.4,37.5,888.8,-88.8,-999.9,-88.8
2030,-3.5,35,51.4,38.3,888.8,-88.8,-999.9,-88.8
2031,-3.5,34.9,51.4,39.1,888.8,-88.8,-999.9,-88.8
2032,-3.6,34.8,51.4,39.2,888.8,-88.8,-999.9,-88.8
2033,-3.6,34.7,51.4,39.5,888.8,-88.8,-999.9,-88.8
2034,-3.6,34.7,51.4,39.4,888.8,-88.8,-999.9,-88.8
2035,-3.6,34.6,51.4,38.7,888.8,-88.8,-999.9,-88.8
2036,-3.7,34.6,51.3,38.3,888.8,-88.8,-999.9,-88.8
2037,-3.7,34.6,51.3,38,888.8,-88.8,-999.9,-88.8
2038,-3.7,34.6,51.3,37.8,888.8,-88.8,-999.9,-88.8
2039,-3.8,34.5,51.2,37.6,888.8,-88.8,-999.9,-88.8
2040,-3.8,34.5,51.2,38.2,888.8,-88.8,-999.9,-88.8
2041,-3.8,34.5,51.2,38.6,888.8,-88.8,-999.9,-88.8
2042,-3.8,34.5,51.3,38.7,888.8,-88.8,-999.9,-88.8
2043,-3.9,34.5,51.2,39.1,888.8,-88.8,-999.9,-88.8
2044,-3.9,34.5,51.2,39.7,888.8,-88.8,-999.9,-88.8
2045,-3.9,34.5,51.2,40.1,888.8,-88.8,-999.9,-88.8
2046,-3.9,34.5,51.2,40.6,888.8,-88.8,-999.9,-88.8
2047,-3.9,34.5,51.2,40.8,888.8,-88.8,-999.9,-88.8
2048,-3.9,34.5,51.2,41,888.8,-88.8,-999.9,-88.8
2049,-3.9,34.5,51.2,40.6,888.8,-88.8,-999.9,-88.8
2050,-4,34.5,51.2,41.2,888.8,-88.8,-999.9,-88.8
2051,-4,34.5,51.2,41.6,888.8,-88.8,-999.9,-88.8
2052,-4,34.5,51.2,40.8,888.8,-88.8,-999.9,-88.8
2053,-4,34.4,51.2,40.4,888.8,-88.8,-999.9,-88.8
2054,-4,34.4,51.2,40.3,888.8,-88.8,-999.9,-88.8
2055,-4.1,34.4,51.2,39.9,888.8,-88.8,-999.9,-88.8
2056,-4.1,34.5,51.1,39.5,888.8,-88.8,-999.9,-88.8
2057,-4.1,34.4,51.1,39.1,888.8,-88.8,-999.9,-88.8
2058,-4.1,34.4,51.1,38.8,888.8,-88.8,-999.9,-88.8
2059,-4.1,34.4,51.1,38.3,888.8,-88.8,-999.9,-88.8
2100,-4.1,34.4,51.1,38.5,888.8,-88.8,-999.9,-88.8
2101,-4.1,34.4,51.1,39.3,888.8,-88.8,-999.9,-88.8
2102,-4.1,34.5,51.1,39.9,888.8,-88.8,-999.9,-88.8
2103,-4.1,34.5,51,40.8,888.8,-88.8,-999.9,-88.8
2104,-4.1,34.5,51,40.8,888.8,-88.8,-999.9,-88.8
2105,-4.1,34.4,51,39.9,888.8,-88.8,-999.9,-88.8
2106,-4.1,34.4,51,39.5,888.8,-88.8,-999.9,-88.8
2107,-4.2,34.5,51,39.2,888.8,-88.8,-999.9,-88.8
2108,-4.1,34.5,51,39,888.8,-88.8,-999.9,-88.8
2109,-4.2,34.4,51,38.6,888.8,-88.8,-999.9,-88.8
2110,-4.2,34.5,51,39,888.8,-88.8,-999.9,-88.8
2111,-4.2,34.5,51,40.1,888.8,-88.8,-999.9,-88.8
2112,-4.2,34.5,51,40.8,888.8,-88.8,-999.9,-88.8
2113,-4.2,34.5,51,41.6,888.8,-88.8,-999.9,-88.8
2114,-4.2,34.5,50.9,42.5,888.8,-88.8,-999.9,-88.8
2115,-4.2,34.5,51,43.3,888.8,-88.8,-999.9,-88.8
2116,-4.2,34.5,51,43.6,888.8,-88.8,-999.9,-88.8
2117,-4.1,34.5,50.9,42.5,888.8,-88.8,-999.9,-88.8
2118,-4.1,34.5,51,41.9,888.8,-88.8,-999.9,-88.8
2119,-4.1,34.5,51,41.6,888.8,-88.8,-999.9,-88.8
2120,-4.1,34.5,50.9,41.9,888.8,-88.8,-999.9,-88.8
2121,-4.1,34.5,50.9,43.1,888.8,-88.8,-999.9,-88.8
2122,-4.1,34.5,50.9,43.6,888.8,-88.8,-999.9,-88.8
2123,-4.1,34.5,50.9,42.5,888.8,-88.8,-999.9,-88.8
2124,-4.1,34.5,50.9,41.9,888.8,-88.8,-999.9,-88.8
2125,-4.1,34.5,50.9,41.6,888.8,-88.8,-999.9,-88.8
2126,-4.1,34.5,50.9,41.2,888.8,-88.8,-999.9,-88.8
2127,-4.1,34.5,50.9,40.8,888.8,-88.8,-999.9,-88.8
2128,-4.1,34.5,50.9,40.5,888.8,-88.8,-999.9,-88.8
2129,-4.1,34.5,50.9,40.1,888.8,-88.8,-999.9,-88.8
2130,-4.1,34.5,50.8,40.1,888.8,-88.8,-999.9,-88.8
2131,-4.1,34.5,50.8,40.9,888.8,-88.8,-999.9,-88.8
2132,-4.1,34.5,50.8,41.5,888.8,-88.8,-999.9,-88.8
2133,-4.1,34.5,50.8,42.4,888.8,-88.8,-999.9,-88.8
2134,-4.1,34.5,50.8,43.2,888.8,-88.8,-999.9,-88.8
2135,-4.1,34.5,50.8,44,888.8,-88.8,-999.9,-88.8
2136,-4.1,34.5,50.8,43.8,888.8,-88.8,-999.9,-88.8
2137,-4.1,34.5,50.9,42.7,888.8,-88.8,-999.9,-88.8
2138,-4.1,34.6,50.8,42.2,888.8,-88.8,-999.9,-88.8
2139,-4.1,34.5,50.8,41.9,888.8,-88.8,-999.9,-88.8
2140,-4.1,34.5,50.8,42.3,888.8,-88.8,-999.9,-88.8
2141,-4.1,34.5,50.8,43.6,888.8,-88.8,-999.9,-88.8
2142,-4.1,34.5,50.8,44.1,888.8,-88.8,-999.9,-88.8
2143,-4.1,34.5,50.8,44.8,888.8,-88.8,-999.9,-88.8
2144,-4.1,34.5,50.8,45.4,888.8,-88.8,-999.9,-88.8
2145,-4.1,34.5,50.8,46,888.8,-88.8,-999.9,-88.8
2146,-4.1,34.6,50.8,46.7,888.8,-88.8,-999.9,-88.8
2147,-4.1,34.5,50.8,47.3,888.8,-88.8,-999.9,-88.8
2148,-4.2,34.6,50.8,46.2,888.8,-88.8,-999.9,-88.8
2149,-4.2,34.5,50.8,45.4,888.8,-88.8,-999.9,-88.8
2150,-4.2,34.5,50.8,45.7,888.8,-88.8,-999.9,-88.8
2151,-4.2,34.6,50.8,46.8,888.8,-88.8,-999.9,-88.8
2152,-4.2,34.6,50.8,47.4,888.8,-88.8,-999.9,-88.8
2153,-4.2,34.6,50.8,47.8,888.8,-88.8,-999.9,-88.8
2154,-4.2,34.6,50.8,46.4,888.8,-88.8,-999.9,-88.8
2155,-4.2,34.6,50.8,45.8,888.8,-88.8,-999.9,-88.8
2156,-4.2,34.6,50.8,45.2,888.8,-88.8,-999.9,-88.8
2157,-4.2,34.6,50.8,44.7,888.8,-88.8,-999.9,-88.8
2158,-4.2,34.6,50.8,44.2,888.8,-88.8,-999.9,-88.8
2159,-4.2,34.6,50.8,43.7,888.8,-88.8,-999.9,-88.8
2200,-4.2,34.6,50.7,43.5,888.8,-88.8,-999.9,-88.8
2201,-4.2,34.6,50.8,44.1,888.8,-88.8,-999.9,-88.8
2202,-4.2,34.6,50.7,44.8,888.8,-88.8,-999.9,-88.8
2203,-4.3,34.6,50.7,45.6,888.8,-88.8,-999.9,-88.8
2204,-4.3,34.7,50.7,46.6,888.8,-88.8,-999.9,-88.8
2205,-4.3,34.7,50.7,45.1,888.8,-88.8,-999.9,-88.8
2206,-4.3,34.7,50.8,41,888.8,-88.8,-999.9,-88.8
2207,-4.3,34.6,50.7,37.1,888.8,-88.8,-999.9,-88.8
2208,-4.3,34.7,50.7,35.2,888.8,-88.8,-999.9,-88.8
2209,-4.3,34.7,50.7,35.2,888.8,-88.8,-999.9,-88.8
2210,-4.3,34.7,50.7,45.6,888.8,-88.8,-999.9,-88.8
2211,-4.3,34.7,50.7,36.6,888.8,-88.8,-999.9,-88.8
2212,-4.3,34.7,50.7,32.3,888.8,-88.8,-999.9,-88.8
2213,-4.4,34.7,50.7,31.4,888.8,-88.8,-999.9,-88.8
2214,-4.4,34.7,50.7,33.5,888.8,-88.8,-999.9,-88.8
2215,-4.4,34.7,50.7,35.5,888.8,-88.8,-999.9,-88.8
2216,-4.4,34.7,50.7,36.6,888.8,-88.8,-999.9,-88.8
2217,-4.4,34.7,50.6,36.6,888.8,-88.8,-999.9,-88.8
2218,-4.4,34.7,50.6,36.4,888.8,-88.8,-999.9,-88.8
2219,-4.4,34.7,50.6,36.3,888.8,-88.8,-999.9,-88.8
2220,-4.4,34.7,50.5,36.2,888.8,-88.8,-999.9,-88.8
2221,-4.4,34.7,50.5,36,888.8,-88.8,-999.9,-88.8
2222,-4.4,34.7,50.5,35.8,888.8,-88.8,-999.9,-88.8
2223,-4.4,34.7,50.4,35.4,888.8,-88.8,-999.9,-88.8
2224,-4.5,34.7,50.4,34.9,888.8,-88.8,-999.9,-88.8
2225,-4.5,34.7,50.4,29.2,888.8,-88.8,-999.9,-88.8
2226,-4.5,34.7,50.4,27.4,888.8,-88.8,-999.9,-88.8
2227,-4.5,34.7,50.4,26.9,888.8,-88.8,-999.9,-88.8
2228,-4.5,34.7,50.4,27.1,888.8,-88.8,-999.9,-88.8
2229,-4.5,34.7,50.4,28.1,888.8,-88.8,-999.9,-88.8
2230,-4.5,34.7,50.4,29.5,888.8,-88.8,-999.9,-88.8
2231,-4.5,34.7,50.3,30.9,888.8,-88.8,-999.9,-88.8
2232,-4.5,34.7,50.3,31.9,888.8,-88.8,-999.9,-88.8
2233,-4.5,34.8,50.3,32.5,888.8,-88.8,-999.9,-88.8
2234,-4.5,34.7,50.2,32.5,888.8,-88.8,-999.9,-88.8
2235,-4.5,34.8,50.1,32,888.8,-88.8,-999.9,-88.8
2236,-4.5,34.8,50.1,31.3,888.8,-88.8,-999.9,-88.8
2237,-4.5,34.8,50.1,30.7,888.8,-88.8,-999.9,-88.8
2238,-4.6,34.8,50.1,30.2,888.8,-88.8,-999.9,-88.8
2239,-4.6,34.8,50,29.9,888.8,-88.8,-999.9,-88.8
2240,-4.6,34.8,50,29.9,888.8,-88.8,-999.9,-88.8
2241,-4.6,34.8,50,30,888.8,-88.8,-999.9,-88.8
2242,-4.6,34.8,50,30.2,888.8,-88.8,-999.9,-88.8
2243,-4.6,34.8,50,30.3,888.8,-88.8,-999.9,-88.8
2244,-4.6,34.8,49.9,30.4,888.8,-88.8,-999.9,-88.8
2245,-4.6,34.8,49.9,30.5,888.8,-88.8,-999.9,-88.8
2246,-4.6,34.8,49.9,30.3,888.8,-88.8,-999.9,-88.8
2247,-4.6,34.8,49.8,30.3,888.8,-88.8,-999.9,-88.8
2248,-4.6,34.9,49.8,30.1,888.8,-88.8,-999.9,-88.8
2249,-4.6,34.9,49.8,29.9,888.8,-88.8,-999.9,-88.8
2250,-4.6,34.9,49.8,29.8,888.8,-88.8,-999.9,-88.8
2251,-4.7,34.9,49.7,29.7,888.8,-88.8,-999.9,-88.8
2252,-4.7,34.9,49.8,29.6,888.8,-88.8,-999.9,-88.8
2253,-4.7,34.9,49.7,29.5,888.8,-88.8,-999.9,-88.8
2254,-4.7,34.9,49.7,29.5,888.8,-88.8,-999.9,-88.8
2255,-4.7,34.9,49.7,29.4,888.8,-88.8,-999.9,-88.8
2256,-4.7,34.9,49.7,29.4,888.8,-88.8,-999.9,-88.8
2257,-4.7,34.9,49.7,29.3,888.8,-88.8,-999.9,-88.8
2258,-4.7,34.9,49.6,29.2,888.8,-88.8,-999.9,-88.8
2259,-4.7,34.9,49.7,29.2,888.8,-88.8,-999.9,-88.8
2300,-4.7,34.9,49.6,29.1,888.8,-88.8,-999.9,-88.8
2301,-4.7,34.9,49.5,29,888.8,-88.8,-999.9,-88.8
2302,-4.7,34.9,49.5,29,888.8,-88.8,-999.9,-88.8
2303,-4.7,34.9,49.5,28.9,888.8,-88.8,-999.9,-88.8
2304,-4.7,34.9,49.5,28.9,888.8,-88.8,-999.9,-88.8
2305,-4.7,34.9,49.5,28.8,888.8,-88.8,-999.9,-88.8
2306,-4.7,34.9,49.4,28.7,888.8,-88.8,-999.9,-88.8
2307,-4.7,34.9,49.4,28.7,888.8,-88.8,-999.9,-88.8
2308,-4.7,34.9,49.4,28.6,888.8,-88.8,-999.9,-88.8
2309,-4.7,34.9,49.4,28.6,888.8,-88.8,-999.9,-88.8
2310,-4.7,34.9,49.3,28.6,888.8,-88.8,-999.9,-88.8
2311,-4.7,34.9,49.3,28.4,888.8,-88.8,-999.9,-88.8
2312,-4.7,34.9,49.3,28.4,888.8,-88.8,-999.9,-88.8
2313,-4.7,34.9,49.3,28.2,888.8,-88.8,-999.9,-88.8
2314,-4.7,34.9,49.3,28.1,888.8,-88.8,-999.9,-88.8
2315,-4.7,35,49.2,28.1,888.8,-88.8,-999.9,-88.8
2316,-4.7,35,49.2,28,888.8,-88.8,-999.9,-88.8
2317,-4.7,34.9,49.1,27.9,888.8,-88.8,-999.9,-88.8
2318,-4.7,34.9,49.1,27.7,888.8,-88.8,-999.9,-88.8
2319,-4.7,34.9,49.1,27.4,888.8,-88.8,-999.9,-88.8
2320,-4.7,35,49.1,27.3,888.8,-88.8,-999.9,-88.8
2321,-4.7,35,49,27.2,888.8,-88.8,-999.9,-88.8
2322,-4.6,35,49,27.1,888.8,-88.8,-999.9,-88.8
2323,-4.7,34.9,49,27.1,888.8,-88.8,-999.9,-88.8
2324,-4.6,35,49,27.1,888.8,-88.8,-999.9,-88.8
2325,-4.7,35,49,27,888.8,-88.8,-999.9,-88.8
2326,-4.7,35,49,27,888.8,-88.8,-999.9,-88.8
2327,-4.7,35,48.9,27,888.8,-88.8,-999.9,-88.8
2328,-4.7,35,48.9,26.9,888.8,-88.8,-999.9,-88.8
2329,-4.7,35,48.9,26.9,888.8,-88.8,-999.9,-88.8
2330,-4.7,35,48.9,26.8,888.8,-88.8,-999.9,-88.8
2331,-4.6,35,48.9,26.7,888.8,-88.8,-999.9,-88.8
2332,-4.6,35,48.8,26.7,888.8,-88.8,-999.9,-88.8
2333,-4.6,35,48.9,26.7,888.8,-88.8,-999.9,-88.8
2334,-4.6,35,48.8,26.7,888.8,-88.8,-999.9,-88.8
2335,-4.6,35,48.8,26.7,888.8,-88.8,-999.9,-88.8
2336,-4.6,35,48.7,26.7,888.8,-88.8,-999.9,-88.8
2337,-4.7,35,48.8,26.7,888.8,-88.8,-999.9,-88.8
2338,-4.6,35.1,48.7,26.7,888.8,-88.8,-999.9,-88.8
2339,-4.6,35,48.7,26.7,888.8,-88.8,-999.9,-88.8
2340,-4.6,35.1,48.7,26.7,888.8,-88.8,-999.9,-88.8
2341,-4.6,35.1,48.6,26.7,888.8,-88.8,-999.9,-88.8
2342,-4.7,35.1,48.6,26.7,888.8,-88.8,-999.9,-88.8
2343,-4.6,35.1,48.7,26.8,888.8,-88.8,-999.9,-88.8
2344,-4.7,35.1,48.6,26.8,888.8,-88.8,-999.9,-88.8
2345,-4.6,35.1,48.6,26.8,888.8,-88.8,-999.9,-88.8
2346,-4.7,35.1,48.5,26.8,888.8,-88.8,-999.9,-88.8
2347,-4.7,35.1,48.5,26.9,888.8,-88.8,-999.9,-88.8
2348,-4.7,35.1,48.5,26.9,888.8,-88.8,-999.9,-88.8
2349,-4.6,35.1,48.5,27,888.8,-88.8,-999.9,-88.8
2350,-4.7,35.1,48.5,27,888.8,-88.8,-999.9,-88.8
2351,-4.7,35.1,48.5,27,888.8,-88.8,-999.9,-88.8
2352,-4.6,35.1,48.5,27,888.8,-88.8,-999.9,-88.8
2353,-4.7,35.1,48.4,27.1,888.8,-88.8,-999.9,-88.8
2354,-4.6,35.1,48.4,27.1,888.8,-88.8,-999.9,-88.8
2355,-4.6,35.1,48.4,27.1,888.8,-88.8,-999.9,-88.8
2356,-4.7,35.1,48.4,27.1,888.8,-88.8,-999.9,-88.8
2357,-4.7,35.1,48.3,27,888.8,-88.8,-999.9,-88.8
2358,-4.6,35.1,48.3,27.1,888.8,-88.8,-999.9,-88.8
2359,-4.7,35.1,48.3,27.1,888.8,-88.8,-999.9,-88.8