0,-4.6,35.1,48.3,27.1,888.8,-88.8,-999.9,-88.8
1,-4.6,35.1,48.3,26.8,888.8,-88.8,-999.9,-88.8
2,-4.6,35.1,48.3,27,888.8,-88.8,-999.9,-88.8
3,-4.6,35.1,48.3,27.1,888.8,-88.8,-999.9,-88.8
4,-4.6,35.1,48.2,27,888.8,-88.8,-999.9,-88.8
5,-4.6,35.1,48.2,27.1,888.8,-88.8,-999.9,-88.8
6,-4.6,35.1,48.2,27,888.8,-88.8,-999.9,-88.8
7,-4.6,35.1,48.2,27,888.8,-88.8,-999.9,-88.8
8,-4.6,35.1,48.1,27,888.8,-88.8,-999.9,-88.8
9,-4.6,35.1,48.1,27,888.8,-88.8,-999.9,-88.8
10,-4.6,35.1,48.1,27,888.8,-88.8,-999.9,-88.8
11,-4.6,35.1,48.1,27,888.8,-88.8,-999.9,-88.8
12,-4.6,35.2,48.1,27,888.8,-88.8,-999.9,-88.8
13,-4.6,35.1,48.1,27,888.8,-88.8,-999.9,-88.8
14,-4.6,35.2,48.1,27,888.8,-88.8,-999.9,-88.8
15,-4.6,35.1,48,27,888.8,-88.8,-999.9,-88.8
16,-4.6,35.2,48,27,888.8,-88.8,-999.9,-88.8
17,-4.6,35.1,48,27,888.8,-88.8,-999.9,-88.8
18,-4.6,35.1,48,27,888.8,-88.8,-999.9,-88.8
19,-4.6,35.2,47.9,26.9,888.8,-88.8,-999.9,-88.8
20,-4.6,35.2,47.9,26.9,888.8,-88.8,-999.9,-88.8
21,-4.6,35.2,47.9,26.9,888.8,-88.8,-999.9,-88.8
22,-4.6,35.2,47.9,26.9,888.8,-88.8,-999.9,-88.8
23,-4.6,35.2,47.9,26.8,888.8,-88.8,-999.9,-88.8
24,-4.5,35.1,47.8,26.8,888.8,-88.8,-999.9,-88.8
25,-4.6,35.2,47.8,26.8,888.8,-88.8,-999.9,-88.8
26,-4.5,35.2,47.8,26.8,888.8,-88.8,-999.9,-88.8
27,-4.6,35.2,47.8,26.8,888.8,-88.8,-999.9,-88.8
28,-4.5,35.2,47.8,26.8,888.8,-88.8,-999.9,-88.8
29,-4.6,35.2,47.8,26.8,888.8,-88.8,-999.9,-88.8
30,-4.5,35.2,47.7,26.8,888.8,-88.8,-999.9,-88.8
31,-4.6,35.2,47.7,26.7,888.8,-88.8,-999.9,-88.8
32,-4.6,35.2,47.7,26.7,888.8,-88.8,-999.9,-88.8
33,-4.5,35.2,47.7,26.7,888.8,-88.8,-999.9,-88.8
34,-4.5,35.2,47.7,26.6,888.8,-88.8,-999.9,-88.8
35,-4.5,35.2,47.7,26.6,888.8,-88.8,-999.9,-88.8
36,-4.5,35.2,47.6,26.6,888.8,-88.8,-999.9,-88.8
37,-4.5,35.2,47.6,26.5,888.8,-88.8,-999.9,-88.8
38,-4.5,35.2,47.6,26.5,888.8,-88.8,-999.9,-88.8
39,-4.5,35.2,47.6,26.4,888.8,-88.8,-999.9,-88.8
40,-4.5,35.2,47.5,26.3,888.8,-88.8,-999.9,-88.8
41,-4.5,35.2,47.6,26.3,888.8,-88.8,-999.9,-88.8
42,-4.5,35.2,47.5,26.2,888.8,-88.8,-999.9,-88.8
43,-4.5,35.2,47.5,26.2,888.8,-88.8,-999.9,-88.8
44,-4.5,35.2,47.5,26.1,888.8,-88.8,-999.9,-88.8
45,-4.5,35.2,47.5,25.5,888.8,-88.8,-999.9,-88.8
46,-4.5,35.2,47.4,25.3,888.8,-88.8,-999.9,-88.8
47,-4.5,35.2,47.4,25.1,888.8,-88.8,-999.9,-88.8
48,-4.5,35.2,47.4,24.9,888.8,-88.8,-999.9,-88.8
49,-4.5,35.2,47.4,24.7,888.8,-88.8,-999.9,-88.8
50,-4.5,35.2,47.4,24.6,888.8,-88.8,-999.9,-88.8
51,-4.5,35.2,47.4,24.5,888.8,-88.8,-999.9,-88.8
52,-4.5,35.2,47.4,24.5,888.8,-88.8,-999.9,-88.8
53,-4.5,35.2,47.3,24.5,888.8,-88.8,-999.9,-88.8
54,-4.5,35.2,47.3,24.4,888.8,-88.8,-999.9,-88.8
55,-4.5,35.2,47.3,24.3,888.8,-88.8,-999.9,-88.8
56,-4.5,35.2,47.3,24.3,888.8,-88.8,-999.9,-88.8
57,-4.5,35.2,47.2,24.2,888.8,-88.8,-999.9,-88.8
58,-4.5,35.2,47.2,24,888.8,-88.8,-999.9,-88.8
59,-4.6,35.2,47.2,23.9,888.8,-88.8,-999.9,-88.8
100,-4.5,35.2,47.2,23.7,888.8,-88.8,-999.9,-88.8
101,-4.6,35.2,47.2,23.6,888.8,-88.8,-999.9,-88.8
102,-4.6,35.2,47.2,23.4,888.8,-88.8,-999.9,-88.8
103,-4.6,35.2,47.1,23.3,888.8,-88.8,-999.9,-88.8
104,-4.6,35.2,47.1,23.2,888.8,-88.8,-999.9,-88.8
105,-4.6,35.2,47.1,23.1,888.8,-88.8,-999.9,-88.8
106,-4.6,35.3,47.1,23.1,888.8,-88.8,-999.9,-88.8
107,-4.6,35.2,47.1,23,888.8,-88.8,-999.9,-88.8
108,-4.6,35.3,47,23,888.8,-88.8,-999.9,-88.8
109,-4.6,35.3,47,22.9,888.8,-88.8,-999.9,-88.8
110,-4.6,35.3,47,22.8,888.8,-88.8,-999.9,-88.8
111,-4.6,35.3,47,22.8,888.8,-88.8,-999.9,-88.8
112,-4.6,35.3,47,22.7,888.8,-88.8,-999.9,-88.8
113,-4.7,35.2,46.9,22.7,888.8,-88.8,-999.9,-88.8
114,-4.7,35.3,46.9,22.7,888.8,-88.8,-999.9,-88.8
115,-4.7,35.3,46.8,22.6,888.8,-88.8,-999.9,-88.8
116,-4.7,35.3,46.8,22.5,888.8,-88.8,-999.9,-88.8
117,-4.7,35.3,46.8,22.5,888.8,-88.8,-999.9,-88.8
118,-4.7,35.3,46.8,22.5,888.8,-88.8,-999.9,-88.8
119,-4.7,35.3,46.8,22.4,888.8,-88.8,-999.9,-88.8
120,-4.7,35.3,46.7,22.4,888.8,-88.8,-999.9,-88.8
121,-4.7,35.3,46.7,22.4,888.8,-88.8,-999.9,-88.8
122,-4.8,35.3,46.7,22.3,888.8,-88.8,-999.9,-88.8
123,-4.8,35.3,46.7,22.3,888.8,-88.8,-999.9,-88.8
124,-4.8,35.3,46.6,22.3,888.8,-88.8,-999.9,-88.8
125,-4.8,35.3,46.6,22.3,888.8,-88.8,-999.9,-88.8
126,-4.8,35.3,46.6,22.3,888.8,-88.8,-999.9,-88.8
127,-4.8,35.3,46.6,22.3,888.8,-88.8,-999.9,-88.8
128,-4.8,35.3,46.6,22.3,888.8,-88.8,-999.9,-88.8
129,-4.8,35.3,46.6,22.4,888.8,-88.8,-999.9,-88.8
130,-4.9,35.3,46.5,22.4,888.8,-88.8,-999.9,-88.8
131,-4.9,35.3,46.5,22.4,888.8,-88.8,-999.9,-88.8
132,-4.9,35.3,46.5,22.5,888.8,-88.8,-999.9,-88.8
133,-4.8,35.3,46.4,22.6,888.8,-88.8,-999.9,-88.8
134,-4.9,35.3,46.4,22.6,888.8,-88.8,-999.9,-88.8
135,-4.9,35.3,46.4,22.7,888.8,-88.8,-999.9,-88.8
136,-4.9,35.3,46.4,22.7,888.8,-88.8,-999.9,-88.8
137,-5,35.3,46.4,22.8,888.8,-88.8,-999.9,-88.8
138,-5,35.3,46.3,22.8,888.8,-88.8,-999.9,-88.8
139,-5,35.3,46.3,22.8,888.8,-88.8,-999.9,-88.8
140,-5,35.3,46.3,22.8,888.8,-88.8,-999.9,-88.8
141,-5,35.3,46.3,22.9,888.8,-88.8,-999.9,-88.8
142,-5,35.3,46.2,22.8,888.8,-88.8,-999.9,-88.8
143,-5,35.3,46.2,22.9,888.8,-88.8,-999.9,-88.8
144,-5.1,35.3,46.2,22.9,888.8,-88.8,-999.9,-88.8
145,-5.1,35.3,46.2,22.9,888.8,-88.8,-999.9,-88.8
146,-5.1,35.3,46.2,22.9,888.8,-88.8,-999.9,-88.8
147,-5.1,35.3,46.2,22.9,888.8,-88.8,-999.9,-88.8
148,-5.1,35.3,46.1,22.9,888.8,-88.8,-999.9,-88.8
149,-5.1,35.3,46.1,22.9,888.8,-88.8,-999.9,-88.8
150,-5.1,35.3,46.1,22.9,888.8,-88.8,-999.9,-88.8
151,-5.2,35.3,46.1,22.9,888.8,-88.8,-999.9,-88.8
152,-5.2,35.3,46,22.9,888.8,-88.8,-999.9,-88.8
153,-5.2,35.3,46,22.9,888.8,-88.8,-999.9,-88.8
154,-5.2,35.3,46,22.9,888.8,-88.8,-999.9,-88.8
155,-5.2,35.3,46,22.9,888.8,-88.8,-999.9,-88.8
156,-5.2,35.3,46,22.9,888.8,-88.8,-999.9,-88.8
157,-5.2,35.3,46,22.9,888.8,-88.8,-999.9,-88.8
158,-5.3,35.3,46,22.8,888.8,-88.8,-999.9,-88.8
159,-5.3,35.3,45.9,22.9,888.8,-88.8,-999.9,-88.8
200,-5.3,35.3,45.9,22.9,888.8,-88.8,-999.9,-88.8
201,-5.3,35.3,45.9,22.9,888.8,-88.8,-999.9,-88.8
202,-5.3,35.3,45.9,22.9,888.8,-88.8,-999.9,-88.8
203,-5.3,35.3,45.8,22.9,888.8,-88.8,-999.9,-88.8
204,-5.3,35.3,45.8,22.9,888.8,-88.8,-999.9,-88.8
205,-5.4,35.3,45.8,22.9,888.8,-88.8,-999.9,-88.8
206,-5.4,35.3,45.8,23,888.8,-88.8,-999.9,-88.8
207,-5.4,35.4,45.8,23,888.8,-88.8,-999.9,-88.8
208,-5.4,35.4,45.8,23,888.8,-88.8,-999.9,-88.8
209,-5.4,35.3,45.7,23,888.8,-88.8,-999.9,-88.8
210,-5.4,35.4,45.7,23,888.8,-88.8,-999.9,-88.8
211,-5.4,35.3,45.7,23,888.8,-88.8,-999.9,-88.8
212,-5.4,35.3,45.7,23,888.8,-88.8,-999.9,-88.8
213,-5.4,35.3,45.6,23,888.8,-88.8,-999.9,-88.8
214,-5.4,35.3,45.6,23,888.8,-88.8,-999.9,-88.8
215,-5.5,35.3,45.6,23,888.8,-88.8,-999.9,-88.8
216,-5.5,35.3,45.6,23,888.8,-88.8,-999.9,-88.8
217,-5.5,35.3,45.6,23,888.8,-88.8,-999.9,-88.8
218,-5.5,35.4,45.5,23,888.8,-88.8,-999.9,-88.8
219,-5.5,35.3,45.5,23,888.8,-88.8,-999.9,-88.8
220,-5.5,35.4,45.5,23.1,888.8,-88.8,-999.9,-88.8
221,-5.5,35.3,45.5,23,888.8,-88.8,-999.9,-88.8
222,-5.5,35.3,45.5,23,888.8,-88.8,-999.9,-88.8
223,-5.6,35.4,45.4,23.1,888.8,-88.8,-999.9,-88.8
224,-5.6,35.4,45.4,23.1,888.8,-88.8,-999.9,-88.8
225,-5.6,35.3,45.4,23.1,888.8,-88.8,-999.9,-88.8
226,-5.6,35.3,45.4,23.1,888.8,-88.8,-999.9,-88.8
227,-5.6,35.3,45.4,23.1,888.8,-88.8,-999.9,-88.8
228,-5.6,35.4,45.3,23.1,888.8,-88.8,-999.9,-88.8
229,-5.6,35.3,45.3,23,888.8,-88.8,-999.9,-88.8
230,-5.6,35.3,45.3,23.1,888.8,-88.8,-999.9,-88.8
231,-5.6,35.3,45.3,23.1,888.8,-88.8,-999.9,-88.8
232,-5.6,35.4,45.2,23,888.8,-88.8,-999.9,-88.8
233,-5.6,35.4,45.3,23,888.8,-88.8,-999.9,-88.8
234,-5.6,35.3,45.2,23.1,888.8,-88.8,-999.9,-88.8
235,-5.6,35.3,45.2,23,888.8,-88.8,-999.9,-88.8
236,-5.6,35.3,45.2,23,888.8,-88.8,-999.9,-88.8
237,-5.6,35.4,45.2,23,888.8,-88.8,-999.9,-88.8
238,-5.6,35.3,45.2,23,888.8,-88.8,-999.9,-88.8
239,-5.6,35.3,45.1,23,888.8,-88.8,-999.9,-88.8
240,-5.6,35.3,45.1,23,888.8,-88.8,-999.9,-88.8
241,-5.7,35.4,45.1,23.1,888.8,-88.8,-999.9,-88.8
242,-5.7,35.4,45.1,22.8,888.8,-88.8,-999.9,-88.8
243,-5.7,35.3,45.1,22.4,888.8,-88.8,-999.9,-88.8
244,-5.7,35.4,45,22.2,888.8,-88.8,-999.9,-88.8
245,-5.7,35.4,45,22.4,888.8,-88.8,-999.9,-88.8
246,-5.7,35.4,45,22.5,888.8,-88.8,-999.9,-88.8
247,-5.7,35.4,45,22.6,888.8,-88.8,-999.9,-88.8
248,-5.7,35.4,45,22.7,888.8,-88.8,-999.9,-88.8
249,-5.7,35.4,44.9,22.7,888.8,-88.8,-999.9,-88.8
250,-5.8,35.4,44.9,22.8,888.8,-88.8,-999.9,-88.8
251,-5.8,35.3,44.9,22.8,888.8,-88.8,-999.9,-88.8
252,-5.8,35.4,44.9,22.8,888.8,-88.8,-999.9,-88.8
253,-5.8,35.3,44.9,22.9,888.8,-88.8,-999.9,-88.8
254,-5.8,35.4,44.8,22.9,888.8,-88.8,-999.9,-88.8
255,-5.8,35.4,44.8,22.8,888.8,-88.8,-999.9,-88.8
256,-5.7,35.4,44.8,22.9,888.8,-88.8,-999.9,-88.8
257,-5.8,35.4,44.8,22.9,888.8,-88.8,-999.9,-88.8
258,-5.8,35.4,44.8,22.9,888.8,-88.8,-999.9,-88.8
259,-5.8,35.4,44.8,22.9,888.8,-88.8,-999.9,-88.8
300,-5.8,35.4,44.7,22.9,888.8,-88.8,-999.9,-88.8
301,-5.9,35.4,44.7,22.9,888.8,-88.8,-999.9,-88.8
302,-5.9,35.4,44.7,22.8,888.8,-88.8,-999.9,-88.8
303,-5.9,35.4,44.7,22.8,888.8,-88.8,-999.9,-88.8
304,-5.9,35.3,44.7,22.9,888.8,-88.8,-999.9,-88.8
305,-5.9,35.4,44.6,22.8,888.8,-88.8,-999.9,-88.8
306,-5.9,35.4,44.6,22.8,888.8,-88.8,-999.9,-88.8
307,-5.9,35.4,44.6,22.8,888.8,-88.8,-999.9,-88.8
308,-5.9,35.4,44.6,22.8,888.8,-88.8,-999.9,-88.8
309,-5.9,35.4,44.5,22.8,888.8,-88.8,-999.9,-88.8
310,-5.9,35.4,44.5,22.8,888.8,-88.8,-999.9,-88.8
311,-5.9,35.4,44.5,22.8,888.8,-88.8,-999.9,-88.8
312,-5.9,35.3,44.5,22.8,888.8,-88.8,-999.9,-88.8
313,-5.9,35.4,44.5,22.8,888.8,-88.8,-999.9,-88.8
314,-5.9,35.4,44.5,22.8,888.8,-88.8,-999.9,-88.8
315,-5.9,35.4,44.4,22.7,888.8,-88.8,-999.9,-88.8
316,-5.9,35.4,44.4,22.7,888.8,-88.8,-999.9,-88.8
317,-5.9,35.4,44.4,22.7,888.8,-88.8,-999.9,-88.8
318,-6,35.3,44.4,22.7,888.8,-88.8,-999.9,-88.8
319,-6,35.3,44.4,22.7,888.8,-88.8,-999.9,-88.8
320,-6,35.4,44.4,22.7,888.8,-88.8,-999.9,-88.8
321,-6,35.4,44.4,22.7,888.8,-88.8,-999.9,-88.8
322,-6,35.4,44.3,22.7,888.8,-88.8,-999.9,-88.8
323,-6,35.4,44.3,22.7,888.8,-88.8,-999.9,-88.8
324,-6,35.3,44.3,22.7,888.8,-88.8,-999.9,-88.8
325,-6,35.4,44.2,22.6,888.8,-88.8,-999.9,-88.8
326,-6,35.4,44.2,22.6,888.8,-88.8,-999.9,-88.8
327,-6,35.3,44.2,22.6,888.8,-88.8,-999.9,-88.8
328,-6,35.4,44.2,22.7,888.8,-88.8,-999.9,-88.8
329,-6,35.4,44.2,22.6,888.8,-88.8,-999.9,-88.8
330,-6,35.4,44.2,22.6,888.8,-88.8,-999.9,-88.8
331,-6,35.3,44.2,22.6,888.8,-88.8,-999.9,-88.8
332,-6,35.4,44.1,22.6,888.8,-88.8,-999.9,-88.8
333,-6,35.3,44.1,22.6,888.8,-88.8,-999.9,-88.8
334,-6,35.4,44.1,22.6,888.8,-88.8,-999.9,-88.8
335,-6,35.4,44.1,22.6,888.8,-88.8,-999.9,-88.8
336,-6,35.4,44.1,22.6,888.8,-88.8,-999.9,-88.8
337,-6,35.4,44.1,22.6,888.8,-88.8,-999.9,-88.8
338,-6,35.4,44.1,22.5,888.8,-88.8,-999.9,-88.8
339,-5.9,35.3,44.1,22.5,888.8,-88.8,-999.9,-88.8
340,-6,35.3,44,22.5,888.8,-88.8,-999.9,-88.8
341,-6,35.4,44,22.5,888.8,-88.8,-999.9,-88.8
342,-6,35.4,44,22.5,888.8,-88.8,-999.9,-88.8
343,-6,35.4,44,22.5,888.8,-88.8,-999.9,-88.8
344,-6,35.3,44,22.5,888.8,-88.8,-999.9,-88.8
345,-6,35.4,43.9,22.5,888.8,-88.8,-999.9,-88.8
346,-6,35.3,43.9,22.5,888.8,-88.8,-999.9,-88.8
347,-6,35.3,43.9,22.5,888.8,-88.8,-999.9,-88.8
348,-6,35.3,43.9,22.5,888.8,-88.8,-999.9,-88.8
349,-6,35.3,43.9,22.5,888.8,-88.8,-999.9,-88.8
350,-6,35.3,43.8,22.5,888.8,-88.8,-999.9,-88.8
351,-6,35.3,43.8,22.5,888.8,-88.8,-999.9,-88.8
352,-6,35.3,43.8,22.5,888.8,-88.8,-999.9,-88.8
353,-6,35.4,43.8,22.5,888.8,-88.8,-999.9,-88.8
354,-6,35.4,43.8,22.5,888.8,-88.8,-999.9,-88.8
355,-6,35.4,43.8,22.5,888.8,-88.8,-999.9,-88.8
356,-6,35.3,43.8,22.5,888.8,-88.8,-999.9,-88.8
357,-5.9,35.3,43.7,22.4,888.8,-88.8,-999.9,-88.8
358,-6,35.3,43.7,22.4,888.8,-88.8,-999.9,-88.8
359,-6,35.3,43.7,22.5,888.8,-88.8,-999.9,-88.8
400,-5.9,35.3,43.7,22.5,888.8,-88.8,-999.9,-88.8
401,-5.9,35.3,43.7,22.5,888.8,-88.8,-999.9,-88.8
402,-5.9,35.3,43.6,22.4,888.8,-88.8,-999.9,-88.8
403,-5.9,35.3,43.7,22.4,888.8,-88.8,-999.9,-88.8
404,-5.9,35.3,43.6,22.4,888.8,-88.8,-999.9,-88.8
405,-5.9,35.3,43.6,22.4,888.8,-88.8,-999.9,-88.8
406,-5.9,35.3,43.6,22.4,888.8,-88.8,-999.9,-88.8
407,-5.9,35.3,43.5,22.4,888.8,-88.8,-999.9,-88.8
408,-5.9,35.3,43.5,22.4,888.8,-88.8,-999.9,-88.8
409,-5.9,35.3,43.6,22.4,888.8,-88.8,-999.9,-88.8
410,-5.9,35.3,43.5,22.3,888.8,-88.8,-999.9,-88.8
411,-5.9,35.3,43.5,22.3,888.8,-88.8,-999.9,-88.8
412,-5.9,35.3,43.5,22.3,888.8,-88.8,-999.9,-88.8
413,-5.9,35.3,43.5,22.3,888.8,-88.8,-999.9,-88.8
414,-5.9,35.3,43.5,22.2,888.8,-88.8,-999.9,-88.8
415,-5.9,35.3,43.5,22.2,888.8,-88.8,-999.9,-88.8
416,-5.9,35.3,43.4,22.2,888.8,-88.8,-999.9,-88.8
417,-6,35.3,43.4,22.2,888.8,-88.8,-999.9,-88.8
418,-6,35.3,43.4,22.2,888.8,-88.8,-999.9,-88.8
419,-6,35.3,43.4,22.2,888.8,-88.8,-999.9,-88.8
420,-6,35.3,43.4,22.2,888.8,-88.8,-999.9,-88.8
421,-6,35.3,43.3,22.2,888.8,-88.8,-999.9,-88.8
422,-6,35.3,43.3,22.2,888.8,-88.8,-999.9,-88.8
423,-6,35.3,43.3,22.1,888.8,-88.8,-999.9,-88.8
424,-6,35.3,43.3,22.1,888.8,-88.8,-999.9,-88.8
425,-6,35.3,43.3,22.1,888.8,-88.8,-999.9,-88.8
426,-6,35.3,43.3,22.1,888.8,-88.8,-999.9,-88.8
427,-6,35.3,43.3,22.1,888.8,-88.8,-999.9,-88.8
428,-6,35.3,43.3,22.1,888.8,-88.8,-999.9,-88.8
429,-6,35.3,43.3,22,888.8,-88.8,-999.9,-88.8
430,-6,35.3,43.2,21.8,888.8,-88.8,-999.9,-88.8
431,-6,35.3,43.2,21.6,888.8,-88.8,-999.9,-88.8
432,-6,35.3,43.2,21.6,888.8,-88.8,-999.9,-88.8
433,-6,35.3,43.2,21.5,888.8,-88.8,-999.9,-88.8
434,-6,35.3,43.2,21.5,888.8,-88.8,-999.9,-88.8
435,-6,35.3,43.1,21.5,888.8,-88.8,-999.9,-88.8
436,-6,35.3,43.1,21.5,888.8,-88.8,-999.9,-88.8
437,-6,35.3,43.1,21.5,888.8,-88.8,-999.9,-88.8
438,-6,35.3,43.1,21.4,888.8,-88.8,-999.9,-88.8
439,-6,35.3,43.1,21.4,888.8,-88.8,-999.9,-88.8
440,-6,35.3,43.1,21.4,888.8,-88.8,-999.9,-88.8
441,-6,35.3,43.1,21.4,888.8,-88.8,-999.9,-88.8
442,-6,35.3,43,21.4,888.8,-88.8,-999.9,-88.8
443,-6,35.3,43,21.3,888.8,-88.8,-999.9,-88.8
444,-6.1,35.3,43,21.2,888.8,-88.8,-999.9,-88.8
445,-6.1,35.2,43,21.2,888.8,-88.8,-999.9,-88.8
446,-6.1,35.3,43,21.2,888.8,-88.8,-999.9,-88.8
447,-6.1,35.3,42.9,21.2,888.8,-88.8,-999.9,-88.8
448,-6.1,35.3,42.9,21.2,888.8,-88.8,-999.9,-88.8
449,-6.1,35.3,42.9,21.2,888.8,-88.8,-999.9,-88.8
450,-6.1,35.3,42.9,21.2,888.8,-88.8,-999.9,-88.8
451,-6.1,35.3,42.9,21.2,888.8,-88.8,-999.9,-88.8
452,-6.1,35.3,42.9,21.2,888.8,-88.8,-999.9,-88.8
453,-6.1,35.3,42.9,21.2,888.8,-88.8,-999.9,-88.8
454,-6.1,35.3,42.9,21.2,888.8,-88.8,-999.9,-88.8
455,-6.1,35.3,42.8,21.2,888.8,-88.8,-999.9,-88.8
456,-6.1,35.3,42.8,21.2,888.8,-88.8,-999.9,-88.8
457,-6.2,35.3,42.8,21.1,888.8,-88.8,-999.9,-88.8
458,-6.2,35.3,42.8,21.1,888.8,-88.8,-999.9,-88.8
459,-6.2,35.2,42.8,21.1,888.8,-88.8,-999.9,-88.8
500,-6.2,35.3,42.7,21.1,888.8,-88.8,-999.9,-88.8
501,-6.2,35.3,42.7,21.1,888.8,-88.8,-999.9,-88.8
502,-6.2,35.3,42.7,21.1,888.8,-88.8,-999.9,-88.8
503,-6.2,35.3,42.7,21.1,888.8,-88.8,-999.9,-88.8
504,-6.2,35.3,42.7,21.1,888.8,-88.8,-999.9,-88.8
505,-6.2,35.3,42.7,21.1,888.8,-88.8,-999.9,-88.8
506,-6.2,35.3,42.7,21.1,888.8,-88.8,-999.9,-88.8
507,-6.2,35.2,42.7,21.1,888.8,-88.8,-999.9,-88.8
508,-6.2,35.2,42.6,21.1,888.8,-88.8,-999.9,-88.8
509,-6.2,35.3,42.6,21.1,888.8,-88.8,-999.9,-88.8
510,-6.2,35.2,42.6,21.1,888.8,-88.8,-999.9,-88.8
511,-6.3,35.3,42.6,21.1,888.8,-88.8,-999.9,-88.8
512,-6.3,35.2,42.6,21.1,888.8,-88.8,-999.9,-88.8
513,-6.3,35.2,42.6,21.1,888.8,-88.8,-999.9,-88.8
514,-6.3,35.2,42.5,21.1,888.8,-88.8,-999.9,-88.8
515,-6.3,35.2,42.5,21.1,888.8,-88.8,-999.9,-88.8
516,-6.3,35.2,42.5,21.1,888.8,-88.8,-999.9,-88.8
517,-6.3,35.2,42.5,21.1,888.8,-88.8,-999.9,-88.8
518,-6.3,35.2,42.5,21.2,888.8,-88.8,-999.9,-88.8
519,-6.4,35.2,42.5,21.2,888.8,-88.8,-999.9,-88.8
520,-6.4,35.2,42.5,21.2,888.8,-88.8,-999.9,-88.8
521,-6.4,35.2,42.4,21.2,888.8,-88.8,-999.9,-88.8
522,-6.4,35.2,42.4,21.2,888.8,-88.8,-999.9,-88.8
523,-6.4,35.2,42.4,21.1,888.8,-88.8,-999.9,-88.8
524,-6.4,35.2,42.4,21.1,888.8,-88.8,-999.9,-88.8
525,-6.4,35.2,42.4,21,888.8,-88.8,-999.9,-88.8
526,-6.4,35.2,42.4,21,888.8,-88.8,-999.9,-88.8
527,-6.5,35.3,42.4,21,888.8,-88.8,-999.9,-88.8
528,-6.4,35.2,42.3,21,888.8,-88.8,-999.9,-88.8
529,-6.4,35.2,42.3,20.9,888.8,-88.8,-999.9,-88.8
530,-6.4,35.2,42.3,20.9,888.8,-88.8,-999.9,-88.8
531,-6.4,35.2,42.3,20.9,888.8,-88.8,-999.9,-88.8
532,-6.5,35.2,42.3,20.9,888.8,-88.8,-999.9,-88.8
533,-6.5,35.2,42.3,20.9,888.8,-88.8,-999.9,-88.8
534,-6.5,35.2,42.3,20.9,888.8,-88.8,-999.9,-88.8
535,-6.4,35.2,42.2,20.9,888.8,-88.8,-999.9,-88.8
536,-6.5,35.2,42.2,20.9,888.8,-88.8,-999.9,-88.8
537,-6.5,35.2,42.2,20.9,888.8,-88.8,-999.9,-88.8
538,-6.5,35.2,42.2,20.9,888.8,-88.8,-999.9,-88.8
539,-6.5,35.2,42.2,20.9,888.8,-88.8,-999.9,-88.8
540,-6.5,35.3,42.2,20.9,888.8,-88.8,-999.9,-88.8
541,-6.5,35.2,42.2,21,888.8,-88.8,-999.9,-88.8
542,-6.5,35.2,42.1,21,888.8,-88.8,-999.9,-88.8
543,-6.5,35.2,42.1,21.1,888.8,-88.8,-999.9,-88.8
544,-6.5,35.2,42.1,21.8,888.8,-88.8,-999.9,-88.8
545,-6.5,35.2,42.1,23.3,888.8,-88.8,-999.9,-88.8
546,-6.5,35.2,42.1,25.4,888.8,-88.8,-999.9,-88.8
547,-6.5,35.2,42.1,27.3,888.8,-88.8,-999.9,-88.8
548,-6.5,35.2,42.1,28.6,888.8,-88.8,-999.9,-88.8
549,-6.5,35.2,42.1,29.5,888.8,-88.8,-999.9,-88.8
550,-6.6,35.2,42.1,30,888.8,-88.8,-999.9,-88.8
551,-6.6,35.2,42.1,30.4,888.8,-88.8,-999.9,-88.8
552,-6.6,35.2,42.1,30.8,888.8,-88.8,-999.9,-88.8
553,-6.6,35.2,42.1,31.1,888.8,-88.8,-999.9,-88.8
554,-6.6,35.2,42.2,31.5,888.8,-88.8,-999.9,-88.8
555,-6.6,35.1,42.1,31.8,888.8,-88.8,-999.9,-88.8
556,-6.6,35,42.1,32,888.8,-88.8,-999.9,-88.8
557,-6.6,34.9,42.1,32.5,888.8,-88.8,-999.9,-88.8
558,-6.6,34.8,42.1,32.4,888.8,-88.8,-999.9,-88.8
559,-6.6,34.7,42.1,31.2,888.8,-88.8,-999.9,-88.8
600,-6.6,34.6,42.1,30.1,888.8,-88.8,-999.9,-88.8
601,-6.6,34.5,42.1,29.4,888.8,-88.8,-999.9,-88.8
602,-6.6,34.5,42.1,29.1,888.8,-88.8,-999.9,-88.8
603,-6.6,34.5,42.1,29,888.8,-88.8,-999.9,-88.8
604,-6.6,34.5,42.1,28.7,888.8,-88.8,-999.9,-88.8
605,-6.6,34.5,42.1,28.5,888.8,-88.8,-999.9,-88.8
606,-6.6,34.5,42.1,29,888.8,-88.8,-999.9,-88.8
607,-6.6,34.4,42.1,29.5,888.8,-88.8,-999.9,-88.8
608,-6.6,34.5,42.1,29.2,888.8,-88.8,-999.9,-88.8
609,-6.6,34.5,42.1,28.7,888.8,-88.8,-999.9,-88.8
610,-6.6,34.5,42.1,28.3,888.8,-88.8,-999.9,-88.8
611,-6.6,34.4,42.1,28.1,888.8,-88.8,-999.9,-88.8
612,-6.6,34.4,42.1,28,888.8,-88.8,-999.9,-88.8
613,-6.6,34.4,42.1,27.4,888.8,-88.8,-999.9,-88.8
614,-6.6,34.4,42.1,26.9,888.8,-88.8,-999.9,-88.8
615,-6.6,34.4,42.1,26.6,888.8,-88.8,-999.9,-88.8
616,-6.6,34.4,42.1,26.5,888.8,-88.8,-999.9,-88.8
617,-6.6,34.4,42.1,26.8,888.8,-88.8,-999.9,-88.8
618,-6.6,34.4,42.1,27.2,888.8,-88.8,-999.9,-88.8
619,-6.6,34.4,42.1,27.1,888.8,-88.8,-999.9,-88.8
620,-6.6,34.4,42,26.8,888.8,-88.8,-999.9,-88.8
621,-6.6,34.4,42,26.7,888.8,-88.8,-999.9,-88.8
622,-6.6,34.4,42,26.7,888.8,-88.8,-999.9,-88.8
623,-6.6,34.4,42,26.8,888.8,-88.8,-999.9,-88.8
624,-6.6,34.4,42,26.8,888.8,-88.8,-999.9,-88.8
625,-6.6,34.4,42,26.6,888.8,-88.8,-999.9,-88.8
626,-6.6,34.4,42,26.5,888.8,-88.8,-999.9,-88.8
627,-6.6,34.4,41.9,26.5,888.8,-88.8,-999.9,-88.8
628,-6.5,34.4,42,26.8,888.8,-88.8,-999.9,-88.8
629,-6.6,34.4,42,26.7,888.8,-88.8,-999.9,-88.8
630,-6.5,34.4,41.9,26.4,888.8,-88.8,-999.9,-88.8
631,-6.5,34.4,41.9,26.2,888.8,-88.8,-999.9,-88.8
632,-6.5,34.4,41.9,26,888.8,-88.8,-999.9,-88.8
633,-6.5,34.4,41.9,26.1,888.8,-88.8,-999.9,-88.8
634,-6.5,34.4,41.9,26,888.8,-88.8,-999.9,-88.8
635,-6.5,34.4,41.9,26,888.8,-88.8,-999.9,-88.8
636,-6.5,34.4,41.9,25.9,888.8,-88.8,-999.9,-88.8
637,-6.5,34.4,41.9,26,888.8,-88.8,-999.9,-88.8
638,-6.4,34.4,41.9,26.4,888.8,-88.8,-999.9,-88.8
639,-6.4,34.4,41.9,26.5,888.8,-88.8,-999.9,-88.8
640,-6.4,34.4,41.9,26.2,888.8,-88.8,-999.9,-88.8
641,-6.4,34.4,41.9,26,888.8,-88.8,-999.9,-88.8
642,-6.3,34.4,41.9,25.8,888.8,-88.8,-999.9,-88.8
643,-6.3,34.4,41.9,25.8,888.8,-88.8,-999.9,-88.8
644,-6.3,34.4,41.8,25.8,888.8,-88.8,-999.9,-88.8
645,-6.3,34.4,41.8,25.8,888.8,-88.8,-999.9,-88.8
646,-6.3,34.4,41.8,25.7,888.8,-88.8,-999.9,-88.8
647,-6.3,34.4,41.8,25.9,888.8,-88.8,-999.9,-88.8
648,-6.3,34.4,41.8,26.3,888.8,-88.8,-999.9,-88.8
649,-6.3,34.4,41.8,26.5,888.8,-88.8,-999.9,-88.8
650,-6.2,34.4,41.8,26.2,888.8,-88.8,-999.9,-88.8
651,-6.3,34.4,41.8,25.8,888.8,-88.8,-999.9,-88.8
652,-6.3,34.4,41.8,25.6,888.8,-88.8,-999.9,-88.8
653,-6.3,34.4,41.8,25.4,888.8,-88.8,-999.9,-88.8
654,-6.3,34.4,41.8,25.5,888.8,-88.8,-999.9,-88.8
655,-6.3,34.4,41.8,25.5,888.8,-88.8,-999.9,-88.8
656,-6.3,34.4,41.8,25.5,888.8,-88.8,-999.9,-88.8
657,-6.2,34.4,41.7,25.7,888.8,-88.8,-999.9,-88.8
658,-6.3,34.4,41.7,26.2,888.8,-88.8,-999.9,-88.8
659,-6.2,34.4,41.8,26.4,888.8,-88.8,-999.9,-88.8
700,-6.2,34.4,41.7,26.1,888.8,-88.8,-999.9,-88.8
701,-6.3,34.4,41.7,25.7,888.8,-88.8,-999.9,-88.8
702,-6.2,34.4,41.7,25.4,888.8,-88.8,-999.9,-88.8
703,-6.2,34.4,41.7,25.1,888.8,-88.8,-999.9,-88.8
704,-6.2,34.4,41.7,25.1,888.8,-88.8,-999.9,-88.8
705,-6.2,34.4,41.6,24.8,888.8,-88.8,-999.9,-88.8
706,-6.2,34.4,41.7,24.5,888.8,-88.8,-999.9,-88.8
707,-6.1,34.4,41.7,24.5,888.8,-88.8,-999.9,-88.8
708,-6.1,34.4,41.7,24.5,888.8,-88.8,-999.9,-88.8
709,-6.1,34.4,41.7,24.8,888.8,-88.8,-999.9,-88.8
710,-6.1,34.4,41.6,25,888.8,-88.8,-999.9,-88.8
711,-6.1,34.4,41.7,25,888.8,-88.8,-999.9,-88.8
712,-6.1,34.4,41.6,25,888.8,-88.8,-999.9,-88.8
713,-6,34.4,41.6,24.9,888.8,-88.8,-999.9,-88.8
714,-6,34.4,41.6,24.9,888.8,-88.8,-999.9,-88.8
715,-6,34.4,41.6,24.8,888.8,-88.8,-999.9,-88.8
716,-6,34.4,41.6,24.8,888.8,-88.8,-999.9,-88.8
717,-6,34.4,41.6,25.1,888.8,-88.8,-999.9,-88.8
718,-6,34.4,41.6,25.4,888.8,-88.8,-999.9,-88.8
719,-6,34.4,41.6,25.2,888.8,-88.8,-999.9,-88.8
720,-6,34.4,41.6,25.1,888.8,-88.8,-999.9,-88.8
721,-6,34.4,41.6,25.1,888.8,-88.8,-999.9,-88.8
722,-5.9,34.4,41.6,25.3,888.8,-88.8,-999.9,-88.8
723,-5.9,34.4,41.6,25.5,888.8,-88.8,-999.9,-88.8
724,-5.9,34.4,41.5,25.5,888.8,-88.8,-999.9,-88.8
725,-5.9,34.4,41.5,26,888.8,-88.8,-999.9,-88.8
726,-5.9,34.4,41.5,26.3,888.8,-88.8,-999.9,-88.8
727,-5.9,34.4,41.5,26.4,888.8,-88.8,-999.9,-88.8
728,-5.8,34.4,41.5,27,888.8,-88.8,-999.9,-88.8
729,-5.8,34.4,41.5,28.4,888.8,-88.8,-999.9,-88.8
730,-5.8,34.4,41.5,29.9,888.8,-88.8,-999.9,-88.8
731,-5.8,34.4,41.5,31.6,888.8,-88.8,-999.9,-88.8
732,-5.8,34.4,41.5,32.8,888.8,-88.8,-999.9,-88.8
733,-5.7,34.4,41.5,34.3,888.8,-88.8,-999.9,-88.8
734,-5.7,34.4,41.5,35.8,888.8,-88.8,-999.9,-88.8
735,-5.7,34.4,41.5,36.7,888.8,-88.8,-999.9,-88.8
736,-5.7,34.4,41.5,38.1,888.8,-88.8,-999.9,-88.8
737,-5.7,34.4,41.5,39,888.8,-88.8,-999.9,-88.8
738,-5.6,34.4,41.5,39.4,888.8,-88.8,-999.9,-88.8
739,-5.6,34.4,41.5,39.1,888.8,-88.8,-999.9,-88.8
740,-5.6,34.5,41.5,38,888.8,-88.8,-999.9,-88.8
741,-5.6,34.5,41.5,36.8,888.8,-88.8,-999.9,-88.8
742,-5.6,34.4,41.5,36,888.8,-88.8,-999.9,-88.8
743,-5.6,34.4,41.5,35.2,888.8,-88.8,-999.9,-88.8
744,-5.6,34.4,41.5,34.9,888.8,-88.8,-999.9,-88.8
745,-5.6,34.4,41.5,35.4,888.8,-88.8,-999.9,-88.8
746,-5.6,34.4,41.5,35.2,888.8,-88.8,-999.9,-88.8
747,-5.6,34.4,41.5,35,888.8,-88.8,-999.9,-88.8
748,-5.6,34.4,41.5,34.6,888.8,-88.8,-999.9,-88.8
749,-5.5,34.4,41.5,34,888.8,-88.8,-999.9,-88.8
750,-5.5,34.4,41.5,33.7,888.8,-88.8,-999.9,-88.8
751,-5.5,34.4,41.5,33.3,888.8,-88.8,-999.9,-88.8
752,-5.5,34.4,41.4,33.2,888.8,-88.8,-999.9,-88.8
753,-5.5,34.4,41.5,33,888.8,-88.8,-999.9,-88.8
754,-5.5,34.4,41.4,32.4,888.8,-88.8,-999.9,-88.8
755,-5.5,34.4,41.4,31.5,888.8,-88.8,-999.9,-88.8
756,-5.5,34.3,41.5,32.1,888.8,-88.8,-999.9,-88.8
757,-5.5,34.2,41.4,32,888.8,-88.8,-999.9,-88.8
758,-5.5,34.2,41.4,31.9,888.8,-88.8,-999.9,-88.8
759,-5.5,34,41.4,31.7,888.8,-88.8,-999.9,-88.8
800,-5.5,33.9,41.4,31.4,888.8,-88.8,-999.9,-88.8
801,-5.5,33.8,41.4,31,888.8,-88.8,-999.9,-88.8
802,-5.5,33.7,41.4,28.3,888.8,-88.8,-999.9,-88.8
803,-5.5,33.7,41.4,26.8,888.8,-88.8,-999.9,-88.8
804,-5.5,33.7,41.4,26.7,888.8,-88.8,-999.9,-88.8
805,-5.5,33.6,41.4,27.9,888.8,-88.8,-999.9,-88.8
806,-5.5,33.6,41.4,28.6,888.8,-88.8,-999.9,-88.8
807,-5.5,33.6,41.4,28.9,888.8,-88.8,-999.9,-88.8
808,-5.5,33.6,41.4,28.7,888.8,-88.8,-999.9,-88.8
809,-5.5,33.6,41.4,27.4,888.8,-88.8,-999.9,-88.8
810,-5.5,33.5,41.4,26.7,888.8,-88.8,-999.9,-88.8
811,-5.5,33.5,41.3,26.5,888.8,-88.8,-999.9,-88.8
812,-5.4,33.5,41.3,26.8,888.8,-88.8,-999.9,-88.8
813,-5.4,33.5,41.3,26.9,888.8,-88.8,-999.9,-88.8
814,-5.4,33.5,41.3,26.6,888.8,-88.8,-999.9,-88.8
815,-5.4,33.5,41.3,26.8,888.8,-88.8,-999.9,-88.8
816,-5.4,33.5,41.2,28.1,888.8,-88.8,-999.9,-88.8
817,-5.4,33.5,41.3,27.3,888.8,-88.8,-999.9,-88.8
818,-5.4,33.5,41.2,26.7,888.8,-88.8,-999.9,-88.8
819,-5.4,33.5,41.2,27.1,888.8,-88.8,-999.9,-88.8
820,-5.4,33.5,41.2,27.7,888.8,-88.8,-999.9,-88.8
821,-5.3,33.5,41.2,27.7,888.8,-88.8,-999.9,-88.8
822,-5.3,33.5,41.2,27.6,888.8,-88.8,-999.9,-88.8
823,-5.3,33.5,41.2,26.9,888.8,-88.8,-999.9,-88.8
824,-5.3,33.5,41.2,25.9,888.8,-88.8,-999.9,-88.8
825,-5.3,33.5,41.2,27.6,888.8,-88.8,-999.9,-88.8
826,-5.2,33.5,41.2,29.1,888.8,-88.8,-999.9,-88.8
827,-5.2,33.5,41.2,29.9,888.8,-88.8,-999.9,-88.8
828,-5.2,33.5,41.2,29.2,888.8,-88.8,-999.9,-88.8
829,-5.1,33.5,41.2,29.4,888.8,-88.8,-999.9,-88.8
830,-5.1,33.5,41.2,30.3,888.8,-88.8,-999.9,-88.8
831,-5,33.5,41.2,31.2,888.8,-88.8,-999.9,-88.8
832,-4.9,33.5,41.2,32,888.8,-88.8,-999.9,-88.8
833,-4.9,33.5,41.2,33.4,888.8,-88.8,-999.9,-88.8
834,-4.8,33.5,41.2,33.8,888.8,-88.8,-999.9,-88.8
835,-4.7,33.5,41.2,33.8,888.8,-88.8,-999.9,-88.8
836,-4.6,33.5,41.2,33.5,888.8,-88.8,-999.9,-88.8
837,-4.6,33.5,41.1,33.8,888.8,-88.8,-999.9,-88.8
838,-4.4,33.5,41.1,35.7,888.8,-88.8,-999.9,-88.8
839,-4.3,33.5,41.1,31.5,888.8,-88.8,-999.9,-88.8
840,-4.2,33.5,41.1,31.6,888.8,-88.8,-999.9,-88.8
841,-4.1,33.5,41.1,32,888.8,-88.8,-999.9,-88.8
842,-4,33.5,41.1,31.9,888.8,-88.8,-999.9,-88.8
843,-3.9,33.5,41.1,32.3,888.8,-88.8,-999.9,-88.8
844,-3.7,33.5,41.1,32.9,888.8,-88.8,-999.9,-88.8
845,-3.6,33.5,41.1,33.7,888.8,-88.8,-999.9,-88.8
846,-3.5,33.5,41.1,36.1,888.8,-88.8,-999.9,-88.8
847,-3.3,33.5,41.1,37.1,888.8,-88.8,-999.9,-88.8
848,-3.1,33.5,41.1,37.3,888.8,-88.8,-999.9,-88.8
849,-3,33.5,41.1,38.1,888.8,-88.8,-999.9,-88.8
850,-2.8,33.5,41.1,36.2,888.8,-88.8,-999.9,-88.8
851,-2.6,33.5,41.1,34.4,888.8,-88.8,-999.9,-88.8
852,-2.4,33.5,41.1,33.6,888.8,-88.8,-999.9,-88.8
853,-2.2,33.5,41.1,34.3,888.8,-88.8,-999.9,-88.8
854,-2,33.5,41.1,35.7,888.8,-88.8,-999.9,-88.8
855,-1.8,33.5,41.1,37.4,888.8,-88.8,-999.9,-88.8
856,-1.6,33.5,41.1,38.9,888.8,-88.8,-999.9,-88.8
857,-1.4,33.5,41.1,40.7,888.8,-88.8,-999.9,-88.8
858,-1.2,33.5,41.1,39.8,888.8,-88.8,-999.9,-88.8
859,-0.9,33.5,41.1,38.5,888.8,-88.8,-999.9,-88.8
900,-0.7,33.5,41.1,38.5,888.8,-88.8,-999.9,-88.8
901,-0.4,33.5,41.1,38.5,888.8,-88.8,-999.9,-88.8
902,-0.1,33.5,41.1,38.1,888.8,-88.8,-999.9,-88.8
903,0,33.6,41.1,38.1,888.8,-88.8,-999.9,-88.8
904,0.3,33.5,41.1,39.4,888.8,-88.8,-999.9,-88.8
905,0.6,33.5,41.1,38.6,888.8,-88.8,-999.9,-88.8
906,0.9,33.5,41.1,37.5,888.8,-88.8,-999.9,-88.8
907,1.2,33.5,41.1,36.3,888.8,-88.8,-999.9,-88.8
908,1.5,33.5,41.1,35.9,888.8,-88.8,-999.9,-88.8
909,1.9,33.5,41,35.5,888.8,-88.8,-999.9,-88.8
910,2.2,33.5,41.1,34.8,888.8,-88.8,-999.9,-88.8
911,2.6,33.5,41.1,33.8,888.8,-88.8,-999.9,-88.8
912,2.9,33.5,41.1,33,888.8,-88.8,-999.9,-88.8
913,3.4,33.5,41.1,33,888.8,-88.8,-999.9,-88.8
914,3.8,33.5,41.1,34.4,888.8,-88.8,-999.9,-88.8
915,4.3,33.5,41.1,36.3,888.8,-88.8,-999.9,-88.8
916,4.8,33.5,41.1,38.1,888.8,-88.8,-999.9,-88.8
917,5.4,33.5,41.1,39.4,888.8,-88.8,-999.9,-88.8
918,5.9,33.5,41.1,40.4,888.8,-88.8,-999.9,-88.8
919,6.5,33.5,41.1,39,888.8,-88.8,-999.9,-88.8
920,7.1,33.6,41.1,37.5,888.8,-88.8,-999.9,-88.8
921,7.8,33.5,41,37.2,888.8,-88.8,-999.9,-88.8
922,8.5,33.5,41,36.8,888.8,-88.8,-999.9,-88.8
923,9.2,33.6,41,36.8,888.8,-88.8,-999.9,-88.8
924,10,33.5,41,38.2,888.8,-88.8,-999.9,-88.8
925,10.8,33.5,41,37.9,888.8,-88.8,-999.9,-88.8
926,11.7,33.6,41,36.4,888.8,-88.8,-999.9,-88.8
927,12.6,33.6,41,36,888.8,-88.8,-999.9,-88.8
928,13.5,33.5,41,36,888.8,-88.8,-999.9,-88.8
929,14.5,33.5,41,35.6,888.8,-88.8,-999.9,-88.8
930,15.6,33.5,41,35.6,888.8,-88.8,-999.9,-88.8
931,16.7,33.6,41,35.2,888.8,-88.8,-999.9,-88.8
932,17.9,33.5,41,34.8,888.8,-88.8,-999.9,-88.8
933,19.1,33.5,41,34.9,888.8,-88.8,-999.9,-88.8
934,20.3,33.5,41,36.6,888.8,-88.8,-999.9,-88.8
935,21.5,33.5,41,37.3,888.8,-88.8,-999.9,-88.8
936,22.7,33.5,41,35.8,888.8,-88.8,-999.9,-88.8
937,23.8,33.6,41,35.1,888.8,-88.8,-999.9,-88.8
938,25,33.6,41,35.1,888.8,-88.8,-999.9,-88.8
939,26.1,33.6,41,35,888.8,-88.8,-999.9,-88.8
940,27.3,33.5,41,34.6,888.8,-88.8,-999.9,-88.8
941,28.4,33.5,41,34.2,888.8,-88.8,-999.9,-88.8
942,29.5,33.6,41,33.9,888.8,-88.8,-999.9,-88.8
943,30.7,33.6,41,34,888.8,-88.8,-999.9,-88.8
944,31.7,33.6,41,35.8,888.8,-88.8,-999.9,-88.8
945,32.8,33.5,41,37.6,888.8,-88.8,-999.9,-88.8
946,34,33.6,41,35.9,888.8,-88.8,-999.9,-88.8
947,35.1,33.6,41,34.9,888.8,-88.8,-999.9,-88.8
948,36.2,33.6,41,34.7,888.8,-88.8,-999.9,-88.8
949,37.3,33.6,41,34.8,888.8,-88.8,-999.9,-88.8
950,38.3,33.6,41,34.4,888.8,-88.8,-999.9,-88.8
951,39.3,33.6,41,33.9,888.8,-88.8,-999.9,-88.8
952,40.3,33.6,41,33.6,888.8,-88.8,-999.9,-88.8
953,41.2,33.6,41,33.6,888.8,-88.8,-999.9,-88.8
954,44.1,33.6,41,35.3,888.8,-88.8,-999.9,-88.8
955,46,33.6,41,37.4,888.8,-88.8,-999.9,-88.8
956,43.7,33.6,41,35.8,888.8,-88.8,-999.9,-88.8
957,40.4,33.6,40.9,34.5,888.8,-88.8,-999.9,-88.8
958,38.6,33.6,40.8,34.4,888.8,-88.8,-999.9,-88.8
959,38.5,33.6,40.6,34.5,888.8,-88.8,-999.9,-88.8
1000,39.5,33.6,40.5,34.1,888.8,-88.8,-999.9,-88.8
1001,41,33.6,40.6,33.7,888.8,-88.8,-999.9,-88.8
1002,42.3,33.6,40.6,33.3,888.8,-88.8,-999.9,-88.8
1003,43.2,33.6,40.6,33.3,888.8,-88.8,-999.9,-88.8
1004,43.6,33.6,40.6,35.1,888.8,-88.8,-999.9,-88.8
1005,43.9,33.6,40.6,36.6,888.8,-88.8,-999.9,-88.8
1006,44.2,33.6,40.6,34.9,888.8,-88.8,-999.9,-88.8
1007,44.7,33.6,40.6,33.9,888.8,-88.8,-999.9,-88.8
1008,45.2,33.6,40.5,33.9,888.8,-88.8,-999.9,-88.8
1009,45.4,33.6,40.6,34,888.8,-88.8,-999.9,-88.8
1010,45.2,33.5,40.6,33.6,888.8,-88.8,-999.9,-88.8
1011,47.2,33.6,40.6,33.1,888.8,-88.8,-999.9,-88.8
1012,49.1,33.6,40.6,32.8,888.8,-88.8,-999.9,-88.8
1013,49.7,33.5,40.5,32.8,888.8,-88.8,-999.9,-88.8
1014,49.9,33.6,40.6,34.5,888.8,-88.8,-999.9,-88.8
1015,49.9,33.6,40.6,37,888.8,-88.8,-999.9,-88.8
1016,49.6,33.6,40.7,35.6,888.8,-88.8,-999.9,-88.8
1017,49.2,33.6,40.8,34.2,888.8,-88.8,-999.9,-88.8
1018,48.8,33.6,40.9,33.9,888.8,-88.8,-999.9,-88.8
1019,48.5,33.6,41,34.2,888.8,-88.8,-999.9,-88.8
1020,48.3,33.7,41,33.8,888.8,-88.8,-999.9,-88.8
1021,48.3,33.7,41,33.3,888.8,-88.8,-999.9,-88.8
1022,48.4,33.7,41.1,33,888.8,-88.8,-999.9,-88.8
1023,48.5,33.8,41.2,32.9,888.8,-88.8,-999.9,-88.8
1024,48.7,33.8,41.2,34.6,888.8,-88.8,-999.9,-88.8
1025,48.9,33.8,41.3,36.6,888.8,-88.8,-999.9,-88.8
1026,49.2,33.9,41.4,35.1,888.8,-88.8,-999.9,-88.8
1027,49.5,33.9,41.4,33.8,888.8,-88.8,-999.9,-88.8
1028,49.7,34,41.4,33.6,888.8,-88.8,-999.9,-88.8
1029,50,34,41.6,33.6,888.8,-88.8,-999.9,-88.8
1030,50.3,34,41.6,33.1,888.8,-88.8,-999.9,-88.8
1031,50.6,34.1,41.6,32.4,888.8,-88.8,-999.9,-88.8
1032,50.8,34.2,41.7,31.9,888.8,-88.8,-999.9,-88.8
1033,51,34.2,41.8,31.6,888.8,-88.8,-999.9,-88.8
1034,51.3,34.3,41.8,33.2,888.8,-88.8,-999.9,-88.8
1035,51.5,34.3,41.9,35.6,888.8,-88.8,-999.9,-88.8
1036,51.7,34.4,41.9,38.3,888.8,-88.8,-999.9,-88.8
1037,52,34.4,41.9,39.9,888.8,-88.8,-999.9,-88.8
1038,52.1,34.4,41.9,39.2,888.8,-88.8,-999.9,-88.8
1039,52.2,34.5,42,37.3,888.8,-88.8,-999.9,-88.8
1040,52.3,34.5,42,36.7,888.8,-88.8,-999.9,-88.8
1041,52.4,34.4,42.1,36.9,888.8,-88.8,-999.9,-88.8
1042,52.5,34.4,42.2,36.6,888.8,-88.8,-999.9,-88.8
1043,52.6,34.4,42.2,36.2,888.8,-88.8,-999.9,-88.8
1044,52.7,34.5,42.3,37.7,888.8,-88.8,-999.9,-88.8
1045,52.9,34.5,42.3,37.9,888.8,-88.8,-999.9,-88.8
1046,53,34.5,42.4,36.6,888.8,-88.8,-999.9,-88.8
1047,53.1,34.6,42.4,36.1,888.8,-88.8,-999.9,-88.8
1048,53.2,34.6,42.5,35.9,888.8,-88.8,-999.9,-88.8
1049,53.4,34.7,42.6,35.7,888.8,-88.8,-999.9,-88.8
1050,53.4,34.7,42.7,35.2,888.8,-88.8,-999.9,-88.8
1051,53.5,34.7,42.7,34.8,888.8,-88.8,-999.9,-88.8
1052,53.6,34.8,42.8,34.5,888.8,-88.8,-999.9,-88.8
1053,53.7,34.9,42.8,34.2,888.8,-88.8,-999.9,-88.8
1054,53.8,34.9,42.9,35.5,888.8,-88.8,-999.9,-88.8
1055,53.8,35,42.9,36.4,888.8,-88.8,-999.9,-88.8
1056,53.9,35.1,43,35.2,888.8,-88.8,-999.9,-88.8
1057,54,35.1,43.1,34.4,888.8,-88.8,-999.9,-88.8
1058,54.1,35.2,43.2,34.4,888.8,-88.8,-999.9,-88.8
1059,54.3,35.2,43.3,34.3,888.8,-88.8,-999.9,-88.8
1100,54.4,35.3,43.3,34,888.8,-88.8,-999.9,-88.8
1101,54.5,35.3,43.3,33.6,888.8,-88.8,-999.9,-88.8
1102,54.6,35.3,43.5,33.3,888.8,-88.8,-999.9,-88.8
1103,54.7,35.2,43.5,33,888.8,-88.8,-999.9,-88.8
1104,54.8,35.3,43.5,34.2,888.8,-88.8,-999.9,-88.8
1105,54.9,35.3,43.6,35.4,888.8,-88.8,-999.9,-88.8
1106,55,35.3,43.7,33.9,888.8,-88.8,-999.9,-88.8
1107,55,35.4,43.7,32.9,888.8,-88.8,-999.9,-88.8
1108,55.1,35.4,43.8,32.9,888.8,-88.8,-999.9,-88.8
1109,55.3,35.5,43.9,32.7,888.8,-88.8,-999.9,-88.8
1110,55.5,35.6,43.9,32.2,888.8,-88.8,-999.9,-88.8
1111,55.6,35.6,44,31.8,888.8,-88.8,-999.9,-88.8
1112,55.6,35.7,44.1,31.5,888.8,-88.8,-999.9,-88.8
1113,55.6,35.8,44.1,31.3,888.8,-88.8,-999.9,-88.8
1114,55.7,35.8,44.2,32.5,888.8,-88.8,-999.9,-88.8
1115,55.9,35.9,44.3,34.6,888.8,-88.8,-999.9,-88.8
1116,56,35.9,44.3,36.9,888.8,-88.8,-999.9,-88.8
1117,56.1,36,44.4,38.9,888.8,-88.8,-999.9,-88.8
1118,56.2,36.1,44.6,36.1,888.8,-88.8,-999.9,-88.8
1119,56.3,36.1,44.7,33.7,888.8,-88.8,-999.9,-88.8
1120,56.5,36.2,44.8,33.4,888.8,-88.8,-999.9,-88.8
1121,56.6,36.3,44.8,33.2,888.8,-88.8,-999.9,-88.8
1122,56.8,36.3,44.9,32.2,888.8,-88.8,-999.9,-88.8
1123,56.9,36.4,45,31.6,888.8,-88.8,-999.9,-88.8
1124,57,36.5,45,32.6,888.8,-88.8,-999.9,-88.8
1125,57.1,36.5,45.1,33.9,888.8,-88.8,-999.9,-88.8
1126,57.2,36.6,45.1,35.3,888.8,-88.8,-999.9,-88.8
1127,57.3,36.7,45.2,36.5,888.8,-88.8,-999.9,-88.8
1128,57.4,36.8,45.3,37.4,888.8,-88.8,-999.9,-88.8
1129,57.5,36.8,45.4,35.6,888.8,-88.8,-999.9,-88.8
1130,57.5,36.9,45.4,34.5,888.8,-88.8,-999.9,-88.8
1131,57.4,37,45.6,34.2,888.8,-88.8,-999.9,-88.8
1132,57.6,37,45.6,33.7,888.8,-88.8,-999.9,-88.8
1133,57.9,37.1,45.6,33.3,888.8,-88.8,-999.9,-88.8
1134,58,37.2,45.6,34.7,888.8,-88.8,-999.9,-88.8
1135,58,37.2,45.8,35.6,888.8,-88.8,-999.9,-88.8
1136,58,37.3,45.8,34.5,888.8,-88.8,-999.9,-88.8
1137,58.1,37.4,45.9,34,888.8,-88.8,-999.9,-88.8
1138,58.2,37.5,46,34,888.8,-88.8,-999.9,-88.8
1139,58.3,37.5,46.1,33.8,888.8,-88.8,-999.9,-88.8
1140,58.5,37.6,46.2,33.4,888.8,-88.8,-999.9,-88.8
1141,58.5,37.7,46.1,33.2,888.8,-88.8,-999.9,-88.8
1142,58.6,37.8,46.2,33.1,888.8,-88.8,-999.9,-88.8
1143,58.6,37.8,46.3,33,888.8,-88.8,-999.9,-88.8
1144,58.7,37.9,46.4,33.9,888.8,-88.8,-999.9,-88.8
1145,58.7,38,46.5,34.9,888.8,-88.8,-999.9,-88.8
1146,58.9,38.1,46.6,35.5,888.8,-88.8,-999.9,-88.8
1147,59,38.1,46.6,34.4,888.8,-88.8,-999.9,-88.8
1148,59,38.2,46.6,34.1,888.8,-88.8,-999.9,-88.8
1149,58.9,38.3,46.6,34.2,888.8,-88.8,-999.9,-88.8
1150,58.9,38.3,46.7,34.1,888.8,-88.8,-999.9,-88.8
1151,58.9,38.4,46.8,33.8,888.8,-88.8,-999.9,-88.8
1152,59.1,38.5,46.9,33.5,888.8,-88.8,-999.9,-88.8
1153,59.2,38.6,47,33.5,888.8,-88.8,-999.9,-88.8
1154,59.4,38.6,47,34.3,888.8,-88.8,-999.9,-88.8
1155,59.4,38.7,47,35.7,888.8,-88.8,-999.9,-88.8
1156,59.5,38.8,47.1,35.5,888.8,-88.8,-999.9,-88.8
1157,59.6,38.8,47.2,34.6,888.8,-88.8,-999.9,-88.8
1158,59.7,38.9,47.4,34.3,888.8,-88.8,-999.9,-88.8
1159,59.7,39,47.5,34.1,888.8,-88.8,-999.9,-88.8
1200,59.9,39.1,47.6,33.6,888.8,-88.8,-999.9,-88.8
1201,60.1,39.1,47.6,33.3,888.8,-88.8,-999.9,-88.8
1202,60.2,39.2,47.6,33.1,888.8,-88.8,-999.9,-88.8
1203,60.2,39.3,47.6,32.7,888.8,-88.8,-999.9,-88.8
1204,60.2,39.4,47.8,33,888.8,-88.8,-999.9,-88.8
1205,60.3,39.4,47.9,33.7,888.8,-88.8,-999.9,-88.8
1206,60.4,39.5,48,33.3,888.8,-88.8,-999.9,-88.8
1207,60.5,39.6,48,32.4,888.8,-88.8,-999.9,-88.8
1208,60.6,39.6,48,32,888.8,-88.8,-999.9,-88.8
1209,60.5,39.7,48.2,31.9,888.8,-88.8,-999.9,-88.8
1210,60.6,39.8,48.2,32.7,888.8,-88.8,-999.9,-88.8
1211,60.7,39.9,48.2,32.6,888.8,-88.8,-999.9,-88.8
1212,60.8,39.9,48.2,32.3,888.8,-88.8,-999.9,-88.8
1213,60.7,40,48.3,32.1,888.8,-88.8,-999.9,-88.8
1214,60.8,40.1,48.4,32.5,888.8,-88.8,-999.9,-88.8
1215,61,40.2,48.5,33.9,888.8,-88.8,-999.9,-88.8
1216,61.1,40.3,48.5,34.2,888.8,-88.8,-999.9,-88.8
1217,61.1,40.3,48.6,33.3,888.8,-88.8,-999.9,-88.8
1218,61.2,40.4,48.8,33,888.8,-88.8,-999.9,-88.8
1219,61.4,40.4,48.9,32.9,888.8,-88.8,-999.9,-88.8
1220,61.4,40.5,49,32.9,888.8,-88.8,-999.9,-88.8
1221,61.5,40.6,49,32.8,888.8,-88.8,-999.9,-88.8
1222,61.6,40.7,49.1,32.6,888.8,-88.8,-999.9,-88.8
1223,61.8,40.7,49.1,32.5,888.8,-88.8,-999.9,-88.8
1224,61.9,40.8,49.1,32.7,888.8,-88.8,-999.9,-88.8
1225,61.9,40.9,49.3,34.2,888.8,-88.8,-999.9,-88.8
1226,61.9,41,49.4,34.5,888.8,-88.8,-999.9,-88.8
1227,62.1,41,49.4,33.7,888.8,-88.8,-999.9,-88.8
1228,62.2,41.1,49.5,33.3,888.8,-88.8,-999.9,-88.8
1229,62.2,41.2,49.5,33.3,888.8,-88.8,-999.9,-88.8
1230,62.2,41.3,49.6,33.3,888.8,-88.8,-999.9,-88.8
1231,62.3,41.4,49.6,33.2,888.8,-88.8,-999.9,-88.8
1232,62.4,41.4,49.7,33,888.8,-88.8,-999.9,-88.8
1233,62.5,41.5,49.8,32.8,888.8,-88.8,-999.9,-88.8
1234,62.6,41.6,49.9,33,888.8,-88.8,-999.9,-88.8
1235,62.7,41.7,50,34.4,888.8,-88.8,-999.9,-88.8
1236,62.7,41.7,50.1,34.7,888.8,-88.8,-999.9,-88.8
1237,62.7,41.8,50.1,33.9,888.8,-88.8,-999.9,-88.8
1238,62.8,41.8,50.1,33.5,888.8,-88.8,-999.9,-88.8
1239,62.9,41.9,50.3,33.5,888.8,-88.8,-999.9,-88.8
1240,62.9,42,50.3,33.5,888.8,-88.8,-999.9,-88.8
1241,63,42,50.4,33.4,888.8,-88.8,-999.9,-88.8
1242,63.2,42.1,50.5,33.2,888.8,-88.8,-999.9,-88.8
1243,63.2,42.2,50.6,33,888.8,-88.8,-999.9,-88.8
1244,63.3,42.3,50.7,33.2,888.8,-88.8,-999.9,-88.8
1245,63.3,42.4,50.8,34.5,888.8,-88.8,-999.9,-88.8
1246,63.4,42.4,50.8,34.9,888.8,-88.8,-999.9,-88.8
1247,63.4,42.5,50.9,34.1,888.8,-88.8,-999.9,-88.8
1248,63.4,42.6,51,33.7,888.8,-88.8,-999.9,-88.8
1249,63.4,42.7,51,31.7,888.8,-88.8,-999.9,-88.8
1250,63.6,42.7,51,30.9,888.8,-88.8,-999.9,-88.8
1251,63.7,42.8,51.1,30.9,888.8,-88.8,-999.9,-88.8
1252,63.8,42.9,51.2,30.8,888.8,-88.8,-999.9,-88.8
1253,63.9,43,51.2,30.4,888.8,-88.8,-999.9,-88.8
1254,63.9,43,51.3,31.1,888.8,-88.8,-999.9,-88.8
1255,64,43.1,51.4,32.2,888.8,-88.8,-999.9,-88.8
1256,64,43.2,51.4,32.5,888.8,-88.8,-999.9,-88.8
1257,63.9,43.2,51.5,31.6,888.8,-88.8,-999.9,-88.8
1258,64,43.3,51.6,31.5,888.8,-88.8,-999.9,-88.8
1259,64,43.3,51.7,31.5,888.8,-88.8,-999.9,-88.8
1300,64.2,43.4,51.9,31.4,888.8,-88.8,-999.9,-88.8
1301,64.4,43.5,51.8,31.4,888.8,-88.8,-999.9,-88.8
1302,64.4,43.5,51.9,29.9,888.8,-88.8,-999.9,-88.8
1303,64.3,43.6,52,27.9,888.8,-88.8,-999.9,-88.8
1304,64.3,43.7,52.1,27.5,888.8,-88.8,-999.9,-88.8
1305,64.4,43.7,52.2,27,888.8,-88.8,-999.9,-88.8
1306,64.5,43.8,52.2,27,888.8,-88.8,-999.9,-88.8
1307,64.5,43.8,52.4,27.6,888.8,-88.8,-999.9,-88.8
1308,64.5,43.8,52.5,28.4,888.8,-88.8,-999.9,-88.8
1309,64.5,43.8,52.4,29.6,888.8,-88.8,-999.9,-88.8
1310,64.7,43.9,52.4,30.8,888.8,-88.8,-999.9,-88.8
1311,64.7,43.9,52.5,32,888.8,-88.8,-999.9,-88.8
1312,64.7,44,52.6,33,888.8,-88.8,-999.9,-88.8
1313,64.8,44,52.7,33.8,888.8,-88.8,-999.9,-88.8
1314,64.9,44.1,52.8,34.5,888.8,-88.8,-999.9,-88.8
1315,65,44.2,52.9,35.3,888.8,-88.8,-999.9,-88.8
1316,65,44.2,53,36.1,888.8,-88.8,-999.9,-88.8
1317,65.1,44.3,53,36.7,888.8,-88.8,-999.9,-88.8
1318,65.1,44.3,53.2,37.3,888.8,-88.8,-999.9,-88.8
1319,65.2,44.4,53.2,37.9,888.8,-88.8,-999.9,-88.8
1320,65.1,44.5,53.2,38.3,888.8,-88.8,-999.9,-88.8
1321,65.1,44.6,53.3,38.9,888.8,-88.8,-999.9,-88.8
1322,65.2,44.6,53.3,39.3,888.8,-88.8,-999.9,-88.8
1323,65.3,44.7,53.4,38.9,888.8,-88.8,-999.9,-88.8
1324,65.3,44.8,53.5,38.5,888.8,-88.8,-999.9,-88.8
1325,65.3,44.9,53.6,38.2,888.8,-88.8,-999.9,-88.8
1326,65.3,44.9,53.7,38.1,888.8,-88.8,-999.9,-88.8
1327,65.4,45,53.6,38.1,888.8,-88.8,-999.9,-88.8
1328,65.5,45,53.7,38.4,888.8,-88.8,-999.9,-88.8
1329,65.5,45.1,53.8,38,888.8,-88.8,-999.9,-88.8
1330,65.5,45.2,53.8,37.5,888.8,-88.8,-999.9,-88.8
1331,65.5,45.3,53.9,37.2,888.8,-88.8,-999.9,-88.8
1332,65.5,45.3,54,37,888.8,-88.8,-999.9,-88.8
1333,65.6,45.4,54.1,36.6,888.8,-88.8,-999.9,-88.8
1334,65.6,45.5,54.1,36.3,888.8,-88.8,-999.9,-88.8
1335,65.7,45.5,54.2,36,888.8,-88.8,-999.9,-88.8
1336,65.7,45.6,54.3,35.7,888.8,-88.8,-999.9,-88.8
1337,65.7,45.7,54.3,35.4,888.8,-88.8,-999.9,-88.8
1338,65.8,45.8,54.4,35.6,888.8,-88.8,-999.9,-88.8
1339,65.8,45.8,54.5,35.6,888.8,-88.8,-999.9,-88.8
1340,65.8,45.9,54.5,35.1,888.8,-88.8,-999.9,-88.8
1341,65.8,46,54.6,34.8,888.8,-88.8,-999.9,-88.8
1342,65.8,46,54.7,34.7,888.8,-88.8,-999.9,-88.8
1343,65.8,46.1,54.7,34.5,888.8,-88.8,-999.9,-88.8
1344,65.9,46.1,54.7,34.4,888.8,-88.8,-999.9,-88.8
1345,65.8,46.2,54.7,34.2,888.8,-88.8,-999.9,-88.8
1346,65.7,46.2,54.9,33.9,888.8,-88.8,-999.9,-88.8
1347,65.9,46.3,55,33.7,888.8,-88.8,-999.9,-88.8
1348,66,46.4,55,33.9,888.8,-88.8,-999.9,-88.8
1349,66.1,46.4,55,34.1,888.8,-88.8,-999.9,-88.8
1350,66.1,46.5,55,34.7,888.8,-88.8,-999.9,-88.8
1351,66,46.6,55,35.5,888.8,-88.8,-999.9,-88.8
1352,65.9,46.6,55.1,36.6,888.8,-88.8,-999.9,-88.8
1353,66,46.6,55.2,37.8,888.8,-88.8,-999.9,-88.8
1354,66.1,46.7,55.3,38.3,888.8,-88.8,-999.9,-88.8
1355,66.1,46.8,55.4,37.9,888.8,-88.8,-999.9,-88.8
1356,66.1,46.8,55.4,37.4,888.8,-88.8,-999.9,-88.8
1357,66.1,46.9,55.4,37.2,888.8,-88.8,-999.9,-88.8
1358,65.9,46.9,55.4,37.9,888.8,-88.8,-999.9,-88.8
1359,65.9,47,55.5,37.7,888.8,-88.8,-999.9,-88.8
1400,66,47.1,55.5,37.3,888.8,-88.8,-999.9,-88.8
1401,66.1,47.1,55.6,37,888.8,-88.8,-999.9,-88.8
1402,66.1,47.2,55.6,36.7,888.8,-88.8,-999.9,-88.8
1403,66.1,47.2,55.7,36.4,888.8,-88.8,-999.9,-88.8
1404,66.1,47.3,55.8,36.1,888.8,-88.8,-999.9,-88.8
1405,66.1,47.3,55.7,35.8,888.8,-88.8,-999.9,-88.8
1406,66.1,47.4,55.8,35.5,888.8,-88.8,-999.9,-88.8
1407,66,47.4,55.8,35.1,888.8,-88.8,-999.9,-88.8
1408,66,47.5,55.9,35.2,888.8,-88.8,-999.9,-88.8
1409,66.1,47.5,55.9,35.5,888.8,-88.8,-999.9,-88.8
1410,66.1,47.6,56,35.1,888.8,-88.8,-999.9,-88.8
1411,66.2,47.6,56.1,34.7,888.8,-88.8,-999.9,-88.8
1412,66.3,47.7,56.1,34.5,888.8,-88.8,-999.9,-88.8
1413,66.2,47.7,56.1,34.4,888.8,-88.8,-999.9,-88.8
1414,66.1,47.8,56.1,34.1,888.8,-88.8,-999.9,-88.8
1415,66.1,47.8,56.3,33.9,888.8,-88.8,-999.9,-88.8
1416,66.1,47.9,56.4,33.5,888.8,-88.8,-999.9,-88.8
1417,66.1,47.9,56.5,33.2,888.8,-88.8,-999.9,-88.8
1418,66.1,48,56.5,33.2,888.8,-88.8,-999.9,-88.8
1419,66.1,48.1,56.4,33.4,888.8,-88.8,-999.9,-88.8
1420,66.1,48.1,56.3,33.2,888.8,-88.8,-999.9,-88.8
1421,66,48.1,56.4,32.8,888.8,-88.8,-999.9,-88.8
1422,65.9,48.2,56.4,32.7,888.8,-88.8,-999.9,-88.8
1423,65.8,48.3,56.5,32.7,888.8,-88.8,-999.9,-88.8
1424,65.6,48.3,56.6,32.8,888.8,-88.8,-999.9,-88.8
1425,65.6,48.3,56.7,32.8,888.8,-88.8,-999.9,-88.8
1426,65.5,48.4,56.8,32.6,888.8,-88.8,-999.9,-88.8
1427,65.4,48.4,56.7,32.4,888.8,-88.8,-999.9,-88.8
1428,65.2,48.5,56.7,32.3,888.8,-88.8,-999.9,-88.8
1429,65,48.5,56.7,32.7,888.8,-88.8,-999.9,-88.8
1430,64.8,48.5,56.6,32.9,888.8,-88.8,-999.9,-88.8
1431,64.7,48.6,56.7,32.7,888.8,-88.8,-999.9,-88.8
1432,64.7,48.6,56.8,32.8,888.8,-88.8,-999.9,-88.8
1433,64.7,48.7,56.9,32.8,888.8,-88.8,-999.9,-88.8
1434,64.5,48.7,57,32.8,888.8,-88.8,-999.9,-88.8
1435,64.5,48.8,57.1,32.6,888.8,-88.8,-999.9,-88.8
1436,64.4,48.8,57,32.4,888.8,-88.8,-999.9,-88.8
1437,64.3,48.9,57,32.2,888.8,-88.8,-999.9,-88.8
1438,64.3,48.9,57,31.3,888.8,-88.8,-999.9,-88.8
1439,64.2,48.9,56.9,31.3,888.8,-88.8,-999.9,-88.8
1440,64.2,49,56.9,31.5,888.8,-88.8,-999.9,-88.8
1441,64,49,57,31.3,888.8,-88.8,-999.9,-88.8
1442,63.9,49.1,57,31.4,888.8,-88.8,-999.9,-88.8
1443,63.7,49.1,57.1,31.6,888.8,-88.8,-999.9,-88.8
1444,63.6,49.1,57.2,31.7,888.8,-88.8,-999.9,-88.8
1445,63.4,49.2,57.3,31.7,888.8,-88.8,-999.9,-88.8
1446,63.3,49.2,57.3,31.5,888.8,-88.8,-999.9,-88.8
1447,63.2,49.3,57.3,31.1,888.8,-88.8,-999.9,-88.8
1448,63,49.3,57.3,30.6,888.8,-88.8,-999.9,-88.8
1449,62.8,49.3,57.3,30.3,888.8,-88.8,-999.9,-88.8
1450,62.6,49.4,57.2,30.3,888.8,-88.8,-999.9,-88.8
1451,62.5,49.4,57.3,30.8,888.8,-88.8,-999.9,-88.8
1452,62.4,49.5,57.3,30.3,888.8,-88.8,-999.9,-88.8
1453,62.2,49.5,57.3,31.6,888.8,-88.8,-999.9,-88.8
1454,62,49.5,57.4,33.3,888.8,-88.8,-999.9,-88.8
1455,61.9,49.6,57.5,34.6,888.8,-88.8,-999.9,-88.8
1456,61.7,49.6,57.5,35.7,888.8,-88.8,-999.9,-88.8
1457,61.4,49.7,57.5,36.6,888.8,-88.8,-999.9,-88.8
1458,61,49.7,57.5,37.2,888.8,-88.8,-999.9,-88.8
1459,61.4,49.7,57.4,37.3,888.8,-88.8,-999.9,-88.8
1500,63.3,49.7,57.5,36.9,888.8,-88.8,-999.9,-88.8
1501,62.2,49.7,57.5,36.8,888.8,-88.8,-999.9,-88.8
1502,60.6,49.5,57.5,36.7,888.8,-88.8,-999.9,-88.8
1503,59.8,49.2,57.5,36.7,888.8,-88.8,-999.9,-88.8
1504,59.8,48.8,57.5,36.6,888.8,-88.8,-999.9,-88.8
1505,59.9,48.4,57.5,36.3,888.8,-88.8,-999.9,-88.8
1506,60.1,48.1,57.4,36.1,888.8,-88.8,-999.9,-88.8
1507,60.1,47.9,57.4,35.8,888.8,-88.8,-999.9,-88.8
1508,60.2,47.8,57.4,35.4,888.8,-88.8,-999.9,-88.8
1509,60.2,47.6,57.4,35.2,888.8,-88.8,-999.9,-88.8
1510,60.2,47.3,57.3,35.2,888.8,-88.8,-999.9,-88.8
1511,60,46.8,57.3,34.9,888.8,-88.8,-999.9,-88.8
1512,59.7,46.4,57.3,34.5,888.8,-88.8,-999.9,-88.8
1513,59.5,46,57.3,34.3,888.8,-88.8,-999.9,-88.8
1514,59.2,45.8,57.3,34.2,888.8,-88.8,-999.9,-88.8
1515,58.7,45.7,57.3,34,888.8,-88.8,-999.9,-88.8
1516,58.6,45.6,57.3,33.7,888.8,-88.8,-999.9,-88.8
1517,60.5,45.5,57.3,33.7,888.8,-88.8,-999.9,-88.8
1518,60,45.3,57.2,33.4,888.8,-88.8,-999.9,-88.8
1519,59,45.2,57.2,33.4,888.8,-88.8,-999.9,-88.8
1520,58.2,45,57.2,33.3,888.8,-88.8,-999.9,-88.8
1521,57.9,44.9,57.2,33.4,888.8,-88.8,-999.9,-88.8
1522,57.7,44.8,57.2,33.9,888.8,-88.8,-999.9,-88.8
1523,57.6,44.8,57.2,34.7,888.8,-88.8,-999.9,-88.8
1524,57.5,44.7,57.2,34.7,888.8,-88.8,-999.9,-88.8
1525,57.5,44.7,57.2,34.4,888.8,-88.8,-999.9,-88.8
1526,57.2,44.6,57.2,34.4,888.8,-88.8,-999.9,-88.8
1527,56.8,44.6,57.2,34.5,888.8,-88.8,-999.9,-88.8
1528,56.3,44.6,57.2,34.5,888.8,-88.8,-999.9,-88.8
1529,56,44.6,57.2,34.4,888.8,-88.8,-999.9,-88.8
1530,55.6,44.6,57.2,34.7,888.8,-88.8,-999.9,-88.8
1531,55.1,44.6,57.2,34.6,888.8,-88.8,-999.9,-88.8
1532,54.4,44.6,57.2,34.3,888.8,-88.8,-999.9,-88.8
1533,54.1,44.6,57.2,34,888.8,-88.8,-999.9,-88.8
1534,54.4,44.6,57.1,34,888.8,-88.8,-999.9,-88.8
1535,53.3,44.6,57.1,33.9,888.8,-88.8,-999.9,-88.8
1536,52.3,44.5,57.1,33.7,888.8,-88.8,-999.9,-88.8
1537,51.4,44.5,57.1,33.5,888.8,-88.8,-999.9,-88.8
1538,50.7,44.4,57.1,33.3,888.8,-88.8,-999.9,-88.8
1539,50,44.2,57,33,888.8,-88.8,-999.9,-88.8
1540,49.4,44,57.1,32.9,888.8,-88.8,-999.9,-88.8
1541,48.7,43.8,57,33,888.8,-88.8,-999.9,-88.8
1542,48.2,43.7,57,32.8,888.8,-88.8,-999.9,-88.8
1543,47.6,43.7,57,32.6,888.8,-88.8,-999.9,-88.8
1544,46.8,43.6,57,32.7,888.8,-88.8,-999.9,-88.8
1545,46.2,43.6,57,32.6,888.8,-88.8,-999.9,-88.8
1546,45.6,43.5,56.9,32.5,888.8,-88.8,-999.9,-88.8
1547,45.4,43.5,56.9,32.3,888.8,-88.8,-999.9,-88.8
1548,45.2,43.5,56.9,32.2,888.8,-88.8,-999.9,-88.8
1549,45,43.5,56.8,31.9,888.8,-88.8,-999.9,-88.8
1550,44.8,43.5,56.8,31.7,888.8,-88.8,-999.9,-88.8
1551,44.8,43.5,56.8,32.1,888.8,-88.8,-999.9,-88.8
1552,44.6,43.5,56.7,32.2,888.8,-88.8,-999.9,-88.8
1553,44.3,43.5,56.7,31.9,888.8,-88.8,-999.9,-88.8
1554,43.8,43.5,56.6,32,888.8,-88.8,-999.9,-88.8
1555,43.1,43.4,56.6,32.1,888.8,-88.8,-999.9,-88.8
1556,42.3,43.4,56.6,32,888.8,-88.8,-999.9,-88.8
1557,41.4,43.4,56.5,31.9,888.8,-88.8,-999.9,-88.8
1558,40.4,43.5,56.5,31.7,888.8,-88.8,-999.9,-88.8
1559,39.4,43.5,56.5,31.5,888.8,-88.8,-999.9,-88.8
1600,38.6,43.5,56.5,31.2,888.8,-88.8,-999.9,-88.8
1601,37.7,43.5,56.4,31.2,888.8,-88.8,-999.9,-88.8
1602,36.8,43.4,56.4,31.5,888.8,-88.8,-999.9,-88.8
1603,36,43.4,56.4,32.1,888.8,-88.8,-999.9,-88.8
1604,35.2,43.5,56.4,32.8,888.8,-88.8,-999.9,-88.8
1605,34.5,43.4,56.4,33.8,888.8,-88.8,-999.9,-88.8
1606,33.9,43.4,56.4,35.3,888.8,-88.8,-999.9,-88.8
1607,33.2,43.4,56.4,35.7,888.8,-88.8,-999.9,-88.8
1608,32.5,43.4,56.4,35.6,888.8,-88.8,-999.9,-88.8
1609,31.9,43.4,56.3,35.9,888.8,-88.8,-999.9,-88.8
1610,31.3,43.5,56.3,36.6,888.8,-88.8,-999.9,-88.8
1611,30.7,43.4,56.3,36.6,888.8,-88.8,-999.9,-88.8
1612,30,43.4,56.3,36.5,888.8,-88.8,-999.9,-88.8
1613,29.4,43.5,56.2,36.3,888.8,-88.8,-999.9,-88.8
1614,28.7,43.3,56.2,36,888.8,-88.8,-999.9,-88.8
1615,28.1,43.1,56.2,35.6,888.8,-88.8,-999.9,-88.8
1616,27.6,43,56.1,35.3,888.8,-88.8,-999.9,-88.8
1617,27,42.9,56.1,35,888.8,-88.8,-999.9,-88.8
1618,26.3,42.8,56.1,34.7,888.8,-88.8,-999.9,-88.8
1619,25.7,42.8,56.1,34.4,888.8,-88.8,-999.9,-88.8
1620,25.1,42.7,56.1,34.4,888.8,-88.8,-999.9,-88.8
1621,24.5,42.7,56,34.2,888.8,-88.8,-999.9,-88.8
1622,24,42.7,56,33.9,888.8,-88.8,-999.9,-88.8
1623,23.4,42.7,56,33.7,888.8,-88.8,-999.9,-88.8
1624,22.8,42.6,55.9,33.7,888.8,-88.8,-999.9,-88.8
1625,22.3,42.7,55.9,33.5,888.8,-88.8,-999.9,-88.8
1626,21.8,42.7,55.9,33.4,888.8,-88.8,-999.9,-88.8
1627,21.2,42.6,55.9,33.2,888.8,-88.8,-999.9,-88.8
1628,20.7,42.6,55.9,33,888.8,-88.8,-999.9,-88.8
1629,20.2,42.6,55.8,32.7,888.8,-88.8,-999.9,-88.8
1630,19.7,42.6,55.8,32.6,888.8,-88.8,-999.9,-88.8
1631,19.2,42.6,55.8,32.7,888.8,-88.8,-999.9,-88.8
1632,18.7,42.6,55.7,32.5,888.8,-88.8,-999.9,-88.8
1633,18.2,42.6,55.7,30.8,888.8,-88.8,-999.9,-88.8
1634,17.8,42.7,55.7,30.6,888.8,-88.8,-999.9,-88.8
1635,17.3,42.6,55.6,30.7,888.8,-88.8,-999.9,-88.8
1636,16.9,42.6,55.6,30.8,888.8,-88.8,-999.9,-88.8
1637,16.4,42.6,55.6,30.9,888.8,-88.8,-999.9,-88.8
1638,16,42.6,55.6,30.8,888.8,-88.8,-999.9,-88.8
1639,15.6,42.6,55.5,30.7,888.8,-88.8,-999.9,-88.8
1640,15.2,42.6,55.5,30.9,888.8,-88.8,-999.9,-88.8
1641,14.8,42.6,55.5,31,888.8,-88.8,-999.9,-88.8
1642,14.5,42.6,55.5,31.5,888.8,-88.8,-999.9,-88.8
1643,14.1,42.6,55.5,32.3,888.8,-88.8,-999.9,-88.8
1644,13.8,42.6,55.4,33.2,888.8,-88.8,-999.9,-88.8
1645,13.4,42.6,55.4,34,888.8,-88.8,-999.9,-88.8
1646,13.1,42.7,55.4,35.4,888.8,-88.8,-999.9,-88.8
1647,12.7,42.7,55.4,36.2,888.8,-88.8,-999.9,-88.8
1648,12.5,42.6,55.4,36.7,888.8,-88.8,-999.9,-88.8
1649,12.1,42.6,55.4,37.1,888.8,-88.8,-999.9,-88.8
1650,11.8,42.6,55.4,37,888.8,-88.8,-999.9,-88.8
1651,11.4,42.6,55.4,36.6,888.8,-88.8,-999.9,-88.8
1652,11.1,42.7,55.4,36.4,888.8,-88.8,-999.9,-88.8
1653,10.9,42.7,55.4,36.3,888.8,-88.8,-999.9,-88.8
1654,10.6,42.7,55.3,36.2,888.8,-88.8,-999.9,-88.8
1655,10.3,42.7,55.3,36.1,888.8,-88.8,-999.9,-88.8
1656,10,42.7,55.3,35.9,888.8,-88.8,-999.9,-88.8
1657,9.7,42.7,55.3,35.6,888.8,-88.8,-999.9,-88.8
1658,9.5,42.7,55.2,35.2,888.8,-88.8,-999.9,-88.8
1659,9.2,42.6,55.2,35.1,888.8,-88.8,-999.9,-88.8
1700,8.9,42.5,55.2,35.1,888.8,-88.8,-999.9,-88.8
1701,8.7,42.3,55.2,34.8,888.8,-88.8,-999.9,-88.8
1702,8.5,42.1,55.2,34.4,888.8,-88.8,-999.9,-88.8
1703,8.2,41.9,55.1,34.1,888.8,-88.8,-999.9,-88.8
1704,8,41.8,55.1,33.9,888.8,-88.8,-999.9,-88.8
1705,7.8,41.8,55,33.7,888.8,-88.8,-999.9,-88.8
1706,7.5,41.7,55,33.6,888.8,-88.8,-999.9,-88.8
1707,7.3,41.7,55,33.4,888.8,-88.8,-999.9,-88.8
1708,7.1,41.7,55,33.2,888.8,-88.8,-999.9,-88.8
1709,6.9,41.7,55,33.2,888.8,-88.8,-999.9,-88.8
1710,6.7,41.6,54.9,33.2,888.8,-88.8,-999.9,-88.8
1711,6.5,41.6,54.9,33,888.8,-88.8,-999.9,-88.8
1712,6.2,41.6,54.9,33.3,888.8,-88.8,-999.9,-88.8
1713,6.1,41.6,54.9,33.9,888.8,-88.8,-999.9,-88.8
1714,5.9,41.6,54.9,34.5,888.8,-88.8,-999.9,-88.8
1715,5.7,41.6,54.9,35.4,888.8,-88.8,-999.9,-88.8
1716,5.5,41.6,54.9,36.4,888.8,-88.8,-999.9,-88.8
1717,5.3,41.6,54.9,36.3,888.8,-88.8,-999.9,-88.8
1718,5.1,41.6,54.8,36.1,888.8,-88.8,-999.9,-88.8
1719,5,41.6,54.8,36.3,888.8,-88.8,-999.9,-88.8
1720,4.8,41.6,54.8,36.8,888.8,-88.8,-999.9,-88.8
1721,4.6,41.6,54.8,36.3,888.8,-88.8,-999.9,-88.8
1722,4.5,41.6,54.7,36.3,888.8,-88.8,-999.9,-88.8
1723,4.3,41.6,54.7,36.1,888.8,-88.8,-999.9,-88.8
1724,4.1,41.6,54.7,35.8,888.8,-88.8,-999.9,-88.8
1725,4,41.5,54.7,35.4,888.8,-88.8,-999.9,-88.8
1726,3.9,41.4,54.6,35.1,888.8,-88.8,-999.9,-88.8
1727,3.7,41.4,54.6,34.8,888.8,-88.8,-999.9,-88.8
1728,3.6,41.3,54.6,34.5,888.8,-88.8,-999.9,-88.8
1729,3.5,41.3,54.6,34.5,888.8,-88.8,-999.9,-88.8
1730,3.3,41.3,54.5,34.7,888.8,-88.8,-999.9,-88.8
1731,3.2,41.2,54.5,34.8,888.8,-88.8,-999.9,-88.8
1732,3.1,41.2,54.5,35.2,888.8,-88.8,-999.9,-88.8
1733,2.9,41,54.5,35.1,888.8,-88.8,-999.9,-88.8
1734,2.8,40.8,54.5,34.8,888.8,-88.8,-999.9,-88.8
1735,2.7,40.4,54.5,34.4,888.8,-88.8,-999.9,-88.8
1736,2.6,40.1,54.4,34.3,888.8,-88.8,-999.9,-88.8
1737,2.5,39.8,54.4,34.2,888.8,-88.8,-999.9,-88.8
1738,2.3,39.7,54.3,34,888.8,-88.8,-999.9,-88.8
1739,2.2,39.5,54.3,34.1,888.8,-88.8,-999.9,-88.8
1740,2.1,39.4,54.3,34.4,888.8,-88.8,-999.9,-88.8
1741,2,39.3,54.3,34.5,888.8,-88.8,-999.9,-88.8
1742,1.9,39.3,54.2,34.9,888.8,-88.8,-999.9,-88.8
1743,1.8,39.2,54.2,34.8,888.8,-88.8,-999.9,-88.8
1744,1.7,39.2,54.2,34.5,888.8,-88.8,-999.9,-88.8
1745,1.6,39.2,54.2,34.2,888.8,-88.8,-999.9,-88.8
1746,1.5,39.2,54.1,34.1,888.8,-88.8,-999.9,-88.8
1747,1.5,39.2,54.1,34,888.8,-88.8,-999.9,-88.8
1748,1.3,39.1,54.1,33.9,888.8,-88.8,-999.9,-88.8
1749,1.3,39.1,54,34.3,888.8,-88.8,-999.9,-88.8
1750,1.2,39.1,54,34.8,888.8,-88.8,-999.9,-88.8
1751,1.1,39.1,54,35.1,888.8,-88.8,-999.9,-88.8
1752,1,39,54,35.2,888.8,-88.8,-999.9,-88.8
1753,0.9,39,54,35,888.8,-88.8,-999.9,-88.8
1754,0.9,39,53.9,34.7,888.8,-88.8,-999.9,-88.8
1755,0.8,39,53.9,34.4,888.8,-88.8,-999.9,-88.8
1756,0.7,39,53.9,34.3,888.8,-88.8,-999.9,-88.8
1757,0.6,38.9,53.9,34.1,888.8,-88.8,-999.9,-88.8
1758,0.6,38.9,53.8,34,888.8,-88.8,-999.9,-88.8
1759,0.5,38.9,53.8,34.6,888.8,-88.8,-999.9,-88.8
1800,0.4,38.9,53.8,35,888.8,-88.8,-999.9,-88.8
1801,0.4,38.9,53.8,35.2,888.8,-88.8,-999.9,-88.8
1802,0.3,38.9,53.8,35.8,888.8,-88.8,-999.9,-88.8
1803,0.3,38.9,53.8,36.1,888.8,-88.8,-999.9,-88.8
1804,0.2,38.9,53.8,35.6,888.8,-88.8,-999.9,-88.8
1805,0.1,38.8,53.8,35.4,888.8,-88.8,-999.9,-88.8
1806,0,38.8,53.7,35.1,888.8,-88.8,-999.9,-88.8
1807,0,38.8,53.7,34.9,888.8,-88.8,-999.9,-88.8
1808,0,38.8,53.6,34.8,888.8,-88.8,-999.9,-88.8
1809,0,38.7,53.7,35.2,888.8,-88.8,-999.9,-88.8
1810,-0.1,38.7,53.6,35.8,888.8,-88.8,-999.9,-88.8
1811,-0.1,38.6,53.6,36,888.8,-88.8,-999.9,-88.8
1812,-0.1,38.2,53.5,35.7,888.8,-88.8,-999.9,-88.8
1813,-0.2,37.6,53.2,35.6,888.8,-88.8,-999.9,-88.8
1814,-0.2,36.9,52.5,35.3,888.8,-88.8,-999.9,-88.8
1815,-0.3,36.2,51.9,35,888.8,-88.8,-999.9,-88.8
1816,-0.4,35.5,51.2,34.7,888.8,-88.8,-999.9,-88.8
1817,-0.4,34.9,50.6,34.7,888.8,-88.8,-999.9,-88.8
1818,-0.4,34.2,50.1,34.5,888.8,-88.8,-999.9,-88.8
1819,-0.5,33.7,49.6,34.8,888.8,-88.8,-999.9,-88.8
1820,-0.5,33.4,49.3,35.3,888.8,-88.8,-999.9,-88.8
1821,-0.5,33.1,49.1,35.5,888.8,-88.8,-999.9,-88.8
1822,-0.6,32.9,49,36,888.8,-88.8,-999.9,-88.8
1823,-0.6,32.8,48.9,35.7,888.8,-88.8,-999.9,-88.8
1824,-0.6,32.7,48.9,35.6,888.8,-88.8,-999.9,-88.8
1825,-0.7,32.7,48.9,35.3,888.8,-88.8,-999.9,-88.8
1826,-0.7,32.7,48.9,35,888.8,-88.8,-999.9,-88.8
1827,-0.8,32.6,48.8,34.8,888.8,-88.8,-999.9,-88.8
1828,-0.8,32.6,48.9,34.6,888.8,-88.8,-999.9,-88.8
1829,-0.8,32.6,48.8,35.1,888.8,-88.8,-999.9,-88.8
1830,-0.9,32.6,48.8,35.6,888.8,-88.8,-999.9,-88.8
1831,-0.9,32.6,48.8,35.9,888.8,-88.8,-999.9,-88.8
1832,-0.9,32.6,48.8,36.1,888.8,-88.8,-999.9,-88.8
1833,-0.9,32.5,48.7,35.8,888.8,-88.8,-999.9,-88.8
1834,-1,32.5,48.7,35.6,888.8,-88.8,-999.9,-88.8
1835,-1,32.5,48.7,35.2,888.8,-88.8,-999.9,-88.8
1836,-1.1,32.5,48.7,35,888.8,-88.8,-999.9,-88.8
1837,-1.1,32.5,48.7,34.8,888.8,-88.8,-999.9,-88.8
1838,-1.1,32.5,48.7,34.6,888.8,-88.8,-999.9,-88.8
1839,-1.1,32.5,48.7,35,888.8,-88.8,-999.9,-88.8
1840,-1.1,32.5,48.7,35.4,888.8,-88.8,-999.9,-88.8
1841,-1.2,32.5,48.7,35.7,888.8,-88.8,-999.9,-88.8
1842,-1.2,32.4,48.7,36.2,888.8,-88.8,-999.9,-88.8
1843,-1.2,32.4,48.7,36,888.8,-88.8,-999.9,-88.8
1844,-1.3,32.3,48.7,35.8,888.8,-88.8,-999.9,-88.8
1845,-1.3,32.2,48.7,35.5,888.8,-88.8,-999.9,-88.8
1846,-1.3,32.2,48.6,35.2,888.8,-88.8,-999.9,-88.8
1847,-1.3,32.1,48.7,35,888.8,-88.8,-999.9,-88.8
1848,-1.3,32.1,48.7,34.9,888.8,-88.8,-999.9,-88.8
1849,-1.4,32,48.7,35.1,888.8,-88.8,-999.9,-88.8
1850,-1.4,31.9,48.6,35.6,888.8,-88.8,-999.9,-88.8
1851,-1.4,31.8,48.5,35.9,888.8,-88.8,-999.9,-88.8
1852,-1.4,31.6,48.5,36.4,888.8,-88.8,-999.9,-88.8
1853,-1.5,31.5,48.4,36.3,888.8,-88.8,-999.9,-88.8
1854,-1.5,31.4,48.3,36.1,888.8,-88.8,-999.9,-88.8
1855,-1.5,31.4,48.3,35.7,888.8,-88.8,-999.9,-88.8
1856,-1.5,31.3,48.3,35.4,888.8,-88.8,-999.9,-88.8
1857,-1.5,31.3,48.3,35.2,888.8,-88.8,-999.9,-88.8
1858,-1.6,31.2,48.3,35,888.8,-88.8,-999.9,-88.8
1859,-1.6,31.2,48.3,35.2,888.8,-88.8,-999.9,-88.8
1900,-1.6,31.2,48.3,35.7,888.8,-88.8,-999.9,-88.8
1901,-1.6,31.2,48.3,36,888.8,-88.8,-999.9,-88.8
1902,-1.6,31.2,48.3,36.5,888.8,-88.8,-999.9,-88.8
1903,-1.7,31.2,48.3,36.3,888.8,-88.8,-999.9,-88.8
1904,-1.7,31.2,48.3,36.1,888.8,-88.8,-999.9,-88.8
1905,-1.7,31.2,48.3,35.6,888.8,-88.8,-999.9,-88.8
1906,-1.7,31.2,48.3,35.4,888.8,-88.8,-999.9,-88.8
1907,-1.8,31.1,48.3,35.2,888.8,-88.8,-999.9,-88.8
1908,-1.8,31.1,48.3,35,888.8,-88.8,-999.9,-88.8
1909,-1.8,31.1,48.3,35.2,888.8,-88.8,-999.9,-88.8
1910,-1.9,31.1,48.3,35.6,888.8,-88.8,-999.9,-88.8
1911,-1.8,31.1,48.4,35.9,888.8,-88.8,-999.9,-88.8
1912,-1.9,31.1,48.4,36.4,888.8,-88.8,-999.9,-88.8
1913,-1.9,31.1,48.3,36.4,888.8,-88.8,-999.9,-88.8
1914,-1.9,31.1,48.3,36.1,888.8,-88.8,-999.9,-88.8
1915,-1.9,31.1,48.3,35.8,888.8,-88.8,-999.9,-88.8
1916,-1.9,31.1,48.3,35.6,888.8,-88.8,-999.9,-88.8
1917,-1.9,31.1,48.3,35.3,888.8,-88.8,-999.9,-88.8
1918,-1.9,31.1,48.4,35.1,888.8,-88.8,-999.9,-88.8
1919,-1.9,31.1,48.4,35.2,888.8,-88.8,-999.9,-88.8
1920,-2,31.1,48.4,35.7,888.8,-88.8,-999.9,-88.8
1921,-2,31.1,48.4,36,888.8,-88.8,-999.9,-88.8
1922,-2,31.1,48.4,36.5,888.8,-88.8,-999.9,-88.8
1923,-2,31.1,48.3,37.1,888.8,-88.8,-999.9,-88.8
1924,-2,31.1,48.4,37.7,888.8,-88.8,-999.9,-88.8
1925,-2,31.1,48.4,38.2,888.8,-88.8,-999.9,-88.8
1926,-2,31.1,48.3,38.9,888.8,-88.8,-999.9,-88.8
1927,-2.1,31.1,48.3,39.5,888.8,-88.8,-999.9,-88.8
1928,-2,31.1,48.3,39.3,888.8,-88.8,-999.9,-88.8
1929,-2.1,31.1,48.3,39.5,888.8,-88.8,-999.9,-88.8
1930,-2.1,31.1,48.3,39.6,888.8,-88.8,-999.9,-88.8
1931,-2.1,31.1,48.3,39.1,888.8,-88.8,-999.9,-88.8
1932,-2.1,31.1,48.2,38.6,888.8,-88.8,-999.9,-88.8
1933,-2.1,31.1,48.2,38.3,888.8,-88.8,-999.9,-88.8
1934,-2.1,31.1,48.3,38.1,888.8,-88.8,-999.9,-88.8
1935,-2.1,31.1,48.3,37.8,888.8,-88.8,-999.9,-88.8
1936,-2.1,31.1,48.3,37.5,888.8,-88.8,-999.9,-88.8
1937,-2.1,31.1,48.3,37.1,888.8,-88.8,-999.9,-88.8
1938,-2.1,31.1,48.3,36.8,888.8,-88.8,-999.9,-88.8
1939,-2.1,31.1,48.3,36.6,888.8,-88.8,-999.9,-88.8
1940,-2.1,31.1,48.2,36.8,888.8,-88.8,-999.9,-88.8
1941,-2.1,31.1,48.3,36.9,888.8,-88.8,-999.9,-88.8
1942,-2.2,31.1,48.3,37.3,888.8,-88.8,-999.9,-88.8
1943,-2.2,31.1,48.3,37.9,888.8,-88.8,-999.9,-88.8
1944,-2.2,31,48.2,38.4,888.8,-88.8,-999.9,-88.8
1945,-2.2,31.1,48.2,39,888.8,-88.8,-999.9,-88.8
1946,-2.2,31.1,48.2,39.5,888.8,-88.8,-999.9,-88.8
1947,-2.2,31.1,48.2,39.2,888.8,-88.8,-999.9,-88.8
1948,-2.2,31.1,48.1,38.7,888.8,-88.8,-999.9,-88.8
1949,-2.2,31.1,48.1,38.8,888.8,-88.8,-999.9,-88.8
1950,-2.2,31.1,48.1,39,888.8,-88.8,-999.9,-88.8
1951,-2.2,31.1,48.2,38.6,888.8,-88.8,-999.9,-88.8
1952,-2.2,31.1,48.1,38.3,888.8,-88.8,-999.9,-88.8
1953,-2.2,31.1,48.1,38.1,888.8,-88.8,-999.9,-88.8
1954,-2.2,31.1,48.1,37.7,888.8,-88.8,-999.9,-88.8
1955,-2.2,31.1,48.1,37.4,888.8,-88.8,-999.9,-88.8
1956,-2.2,31.1,48.1,37.1,888.8,-88.8,-999.9,-88.8
1957,-2.2,31.1,48.1,36.7,888.8,-88.8,-999.9,-88.8
1958,-2.2,31.1,48.2,36.3,888.8,-88.8,-999.9,-88.8
1959,-2.2,31.1,48.2,36.2,888.8,-88.8,-999.9,-88.8
2000,-2.2,31.1,48.2,36.4,888.8,-88.8,-999.9,-88.8
2001,-2.2,31.1,48.2,36.5,888.8,-88.8,-999.9,-88.8
2002,-2.2,31.1,48.2,36.8,888.8,-88.8,-999.9,-88.8
2003,-2.2,31.1,48.2,37.4,888.8,-88.8,-999.9,-88.8
2004,-2.2,31.1,48.1,37.9,888.8,-88.8,-999.9,-88.8
2005,-2.2,31.1,48.1,38.5,888.8,-88.8,-999.9,-88.8
2006,-2.2,31.2,48.1,39.1,888.8,-88.8,-999.9,-88.8
2007,-2.2,31.2,48.1,39.5,888.8,-88.8,-999.9,-88.8
2008,-2.2,31.1,48.1,39.1,888.8,-88.8,-999.9,-88.8
2009,-2.2,31.1,48.1,39.1,888.8,-88.8,-999.9,-88.8
2010,-2.2,31.1,48.1,39.3,888.8,-88.8,-999.9,-88.8
2011,-2.2,31.2,48.1,38.9,888.8,-88.8,-999.9,-88.8
2012,-2.2,31.1,48,38.6,888.8,-88.8,-999.9,-88.8
2013,-2.2,31.2,48,38.4,888.8,-88.8,-999.9,-88.8
2014,-2.2,31.1,48,38,888.8,-88.8,-999.9,-88.8
2015,-2.2,31.1,48,37.7,888.8,-88.8,-999.9,-88.8
2016,-2.2,31.2,48,37.3,888.8,-88.8,-999.9,-88.8
2017,-2.2,31.2,48,37,888.8,-88.8,-999.9,-88.8
2018,-2.2,31.2,48.1,36.6,888.8,-88.8,-999.9,-88.8
2019,-2.2,31.2,48,36.4,888.8,-88.8,-999.9,-88.8
2020,-2.2,31.2,48.1,36.6,888.8,-88.8,-999.9,-88.8
2021,-2.2,31.1,48,36.7,888.8,-88.8,-999.9,-88.8
2022,-2.2,31.2,48.1,37,888.8,-88.8,-999.9,-88.8
2023,-2.2,31.2,48,37.5,888.8,-88.8,-999.9,-88.8
2024,-2.2,31.2,48,38.1,888.8,-88.8,-999.9,-88.8
2025,-2.2,31.2,48,38.6,888.8,-88.8,-999.9,-88.8
2026,-2.2,31.2,48,39.2,888.8,-88.8,-999.9,-88.8
2027,-2.2,31.2,48,39.3,888.8,-88.8,-999.9,-88.8
2028,-2.2,31.2,47.9,39,888.8,-88.8,-999.9,-88.8
2029,-2.2,31.2,47.9,38.9,888.8,-88.8,-999.9,-88.8
2030,-2.2,31.2,47.9,39.3,888.8,-88.8,-999.9,-88.8
2031,-2.2,31.2,47.9,39.1,888.8,-88.8,-999.9,-88.8
2032,-2.2,31.2,47.9,38.7,888.8,-88.8,-999.9,-88.8
2033,-2.2,31.2,47.9,38.5,888.8,-88.8,-999.9,-88.8
2034,-2.2,31.2,47.9,38.1,888.8,-88.8,-999.9,-88.8
2035,-2.2,31.2,47.9,37.8,888.8,-88.8,-999.9,-88.8
2036,-2.2,31.2,47.9,37.5,888.8,-88.8,-999.9,-88.8
2037,-2.2,31.2,47.9,37.1,888.8,-88.8,-999.9,-88.8
2038,-2.2,31.2,47.9,36.7,888.8,-88.8,-999.9,-88.8
2039,-2.2,31.2,47.9,36.5,888.8,-88.8,-999.9,-88.8
2040,-2.2,31.2,47.9,36.6,888.8,-88.8,-999.9,-88.8
2041,-2.2,31.2,47.9,36.7,888.8,-88.8,-999.9,-88.8
2042,-2.2,31.2,47.9,36.9,888.8,-88.8,-999.9,-88.8
2043,-2.2,31.2,47.9,37.5,888.8,-88.8,-999.9,-88.8
2044,-2.2,31.2,47.8,38.1,888.8,-88.8,-999.9,-88.8
2045,-2.2,31.2,47.8,38.7,888.8,-88.8,-999.9,-88.8
2046,-2.2,31.2,47.8,39.3,888.8,-88.8,-999.9,-88.8
2047,-2.2,31.2,47.8,39.6,888.8,-88.8,-999.9,-88.8
2048,-2.2,31.2,47.8,39.4,888.8,-88.8,-999.9,-88.8
2049,-2.2,31.2,47.8,39.2,888.8,-88.8,-999.9,-88.8
2050,-2.2,31.2,47.8,40.1,888.8,-88.8,-999.9,-88.8
2051,-2.2,31.2,47.8,40,888.8,-88.8,-999.9,-88.8
2052,-2.2,31.2,47.8,39.4,888.8,-88.8,-999.9,-88.8
2053,-2.2,31.3,47.7,39.2,888.8,-88.8,-999.9,-88.8
2054,-2.2,31.2,47.7,38.9,888.8,-88.8,-999.9,-88.8
2055,-2.2,31.2,47.7,38.5,888.8,-88.8,-999.9,-88.8
2056,-2.2,31.3,47.7,38.2,888.8,-88.8,-999.9,-88.8
2057,-2.2,31.3,47.7,37.8,888.8,-88.8,-999.9,-88.8
2058,-2.2,31.3,47.8,37.4,888.8,-88.8,-999.9,-88.8
2059,-2.2,31.3,47.7,37.1,888.8,-88.8,-999.9,-88.8
2100,-2.2,31.3,47.7,37.6,888.8,-88.8,-999.9,-88.8
2101,-2.2,31.3,47.7,38.2,888.8,-88.8,-999.9,-88.8
2102,-2.2,31.3,47.7,38.8,888.8,-88.8,-999.9,-88.8
2103,-2.2,31.3,47.7,38.9,888.8,-88.8,-999.9,-88.8
2104,-2.2,31.3,47.7,38.5,888.8,-88.8,-999.9,-88.8
2105,-2.2,31.3,47.7,38.1,888.8,-88.8,-999.9,-88.8
2106,-2.2,31.3,47.7,37.8,888.8,-88.8,-999.9,-88.8
2107,-2.2,31.3,47.6,37.6,888.8,-88.8,-999.9,-88.8
2108,-2.2,31.3,47.7,37.4,888.8,-88.8,-999.9,-88.8
2109,-2.2,31.3,47.7,37.2,888.8,-88.8,-999.9,-88.8
2110,-2.2,31.3,47.6,37.9,888.8,-88.8,-999.9,-88.8
2111,-2.2,31.3,47.6,38.6,888.8,-88.8,-999.9,-88.8
2112,-2.2,31.3,47.6,39,888.8,-88.8,-999.9,-88.8
2113,-2.2,31.3,47.6,39.1,888.8,-88.8,-999.9,-88.8
2114,-2.2,31.3,47.6,38.7,888.8,-88.8,-999.9,-88.8
2115,-2.2,31.3,47.6,38.2,888.8,-88.8,-999.9,-88.8
2116,-2.2,31.3,47.6,38,888.8,-88.8,-999.9,-88.8
2117,-2.2,31.3,47.6,37.8,888.8,-88.8,-999.9,-88.8
2118,-2.3,31.3,47.6,37.6,888.8,-88.8,-999.9,-88.8
2119,-2.2,31.3,47.6,37.3,888.8,-88.8,-999.9,-88.8
2120,-2.2,31.3,47.6,37.9,888.8,-88.8,-999.9,-88.8
2121,-2.3,31.3,47.6,38.5,888.8,-88.8,-999.9,-88.8
2122,-2.2,31.3,47.6,38,888.8,-88.8,-999.9,-88.8
2123,-2.2,31.3,47.6,37.7,888.8,-88.8,-999.9,-88.8
2124,-2.2,31.3,47.5,37.3,888.8,-88.8,-999.9,-88.8
2125,-2.2,31.3,47.6,37.1,888.8,-88.8,-999.9,-88.8
2126,-2.2,31.3,47.5,36.7,888.8,-88.8,-999.9,-88.8
2127,-2.3,31.3,47.6,36.5,888.8,-88.8,-999.9,-88.8
2128,-2.3,31.3,47.5,36.2,888.8,-88.8,-999.9,-88.8
2129,-2.3,31.3,47.5,36,888.8,-88.8,-999.9,-88.8
2130,-2.3,31.3,47.5,36.5,888.8,-88.8,-999.9,-88.8
2131,-2.3,31.3,47.5,37.2,888.8,-88.8,-999.9,-88.8
2132,-2.3,31.3,47.5,37.7,888.8,-88.8,-999.9,-88.8
2133,-2.3,31.3,47.5,37.9,888.8,-88.8,-999.9,-88.8
2134,-2.3,31.3,47.4,37.3,888.8,-88.8,-999.9,-88.8
2135,-2.3,31.3,47.4,36.7,888.8,-88.8,-999.9,-88.8
2136,-2.3,31.3,47.4,36.4,888.8,-88.8,-999.9,-88.8
2137,-2.3,31.3,47.4,35.9,888.8,-88.8,-999.9,-88.8
2138,-2.3,31.3,47.4,35.5,888.8,-88.8,-999.9,-88.8
2139,-2.3,31.3,47.4,35.1,888.8,-88.8,-999.9,-88.8
2140,-2.3,31.3,47.4,35.7,888.8,-88.8,-999.9,-88.8
2141,-2.3,31.3,47.3,36.4,888.8,-88.8,-999.9,-88.8
2142,-2.3,31.3,47.4,36.9,888.8,-88.8,-999.9,-88.8
2143,-2.3,31.3,47.4,37.5,888.8,-88.8,-999.9,-88.8
2144,-2.3,31.3,47.4,38.1,888.8,-88.8,-999.9,-88.8
2145,-2.3,31.3,47.4,38.7,888.8,-88.8,-999.9,-88.8
2146,-2.3,31.3,47.3,39.2,888.8,-88.8,-999.9,-88.8
2147,-2.3,31.3,47.3,39.2,888.8,-88.8,-999.9,-88.8
2148,-2.3,31.3,47.3,38.9,888.8,-88.8,-999.9,-88.8
2149,-2.3,31.3,47.3,38.6,888.8,-88.8,-999.9,-88.8
2150,-2.3,31.3,47.3,39.1,888.8,-88.8,-999.9,-88.8
2151,-2.3,31.4,47.3,39.1,888.8,-88.8,-999.9,-88.8
2152,-2.3,31.3,47.3,38.8,888.8,-88.8,-999.9,-88.8
2153,-2.3,31.3,47.2,38.6,888.8,-88.8,-999.9,-88.8
2154,-2.3,31.3,47.2,38.4,888.8,-88.8,-999.9,-88.8
2155,-2.2,31.3,47.2,38,888.8,-88.8,-999.9,-88.8
2156,-2.2,31.4,47.2,37.7,888.8,-88.8,-999.9,-88.8
2157,-2.2,31.3,47.2,37.3,888.8,-88.8,-999.9,-88.8
2158,-2.2,31.3,47.2,36.9,888.8,-88.8,-999.9,-88.8
2159,-2.2,31.3,47.2,36.6,888.8,-88.8,-999.9,-88.8
2200,-2.2,31.3,47.2,36.7,888.8,-88.8,-999.9,-88.8
2201,-2.3,31.3,47.2,36.8,888.8,-88.8,-999.9,-88.8
2202,-2.2,31.4,47.2,36.9,888.8,-88.8,-999.9,-88.8
2203,-2.2,31.4,47.2,36.4,888.8,-88.8,-999.9,-88.8
2204,-2.2,31.4,47.2,35.4,888.8,-88.8,-999.9,-88.8
2205,-2.3,31.4,47.2,34.8,888.8,-88.8,-999.9,-88.8
2206,-2.2,31.4,47.2,35.7,888.8,-88.8,-999.9,-88.8
2207,-2.2,31.4,47.2,36,888.8,-88.8,-999.9,-88.8
2208,-2.2,31.4,47.2,36.6,888.8,-88.8,-999.9,-88.8
2209,-2.2,31.4,47.1,37,888.8,-88.8,-999.9,-88.8
2210,-2.2,31.4,47.1,32.3,888.8,-88.8,-999.9,-88.8
2211,-2.2,31.3,47.1,30.5,888.8,-88.8,-999.9,-88.8
2212,-2.2,31.4,47.1,29.9,888.8,-88.8,-999.9,-88.8
2213,-2.2,31.4,47.1,29.2,888.8,-88.8,-999.9,-88.8
2214,-2.2,31.4,47,28.9,888.8,-88.8,-999.9,-88.8
2215,-2.2,31.4,47,28.4,888.8,-88.8,-999.9,-88.8
2216,-2.2,31.4,47,28.2,888.8,-88.8,-999.9,-88.8
2217,-2.1,31.4,47,28.1,888.8,-88.8,-999.9,-88.8
2218,-2.1,31.4,47,27.9,888.8,-88.8,-999.9,-88.8
2219,-2.1,31.4,47,27.8,888.8,-88.8,-999.9,-88.8
2220,-2.1,31.4,47,27.7,888.8,-88.8,-999.9,-88.8
2221,-2.1,31.4,47,27.4,888.8,-88.8,-999.9,-88.8
2222,-2.1,31.4,47,27.4,888.8,-88.8,-999.9,-88.8
2223,-2.1,31.4,47,27.1,888.8,-88.8,-999.9,-88.8
2224,-2.1,31.4,47,27,888.8,-88.8,-999.9,-88.8
2225,-2.1,31.4,47,26.9,888.8,-88.8,-999.9,-88.8
2226,-2.1,31.4,46.9,26.8,888.8,-88.8,-999.9,-88.8
2227,-2.1,31.4,46.9,26.7,888.8,-88.8,-999.9,-88.8
2228,-2,31.4,46.9,26.5,888.8,-88.8,-999.9,-88.8
2229,-2,31.4,46.9,26.4,888.8,-88.8,-999.9,-88.8
2230,-2,31.5,46.9,26.3,888.8,-88.8,-999.9,-88.8
2231,-2,31.4,46.8,26.2,888.8,-88.8,-999.9,-88.8
2232,-2,31.4,46.8,26.1,888.8,-88.8,-999.9,-88.8
2233,-2,31.3,46.8,26,888.8,-88.8,-999.9,-88.8
2234,-2,31.3,46.8,25.9,888.8,-88.8,-999.9,-88.8
2235,-1.9,31.2,46.7,25.7,888.8,-88.8,-999.9,-88.8
2236,-1.9,31.1,46.7,25.6,888.8,-88.8,-999.9,-88.8
2237,-2,31.1,46.6,25.5,888.8,-88.8,-999.9,-88.8
2238,-2,31.1,46.6,25.5,888.8,-88.8,-999.9,-88.8
2239,-1.9,31,46.6,25.4,888.8,-88.8,-999.9,-88.8
2240,-1.9,31,46.6,25.3,888.8,-88.8,-999.9,-88.8
2241,-1.9,31,46.6,25.3,888.8,-88.8,-999.9,-88.8
2242,-1.9,31,46.6,25.2,888.8,-88.8,-999.9,-88.8
2243,-1.9,31,46.6,25.1,888.8,-88.8,-999.9,-88.8
2244,-1.9,31,46.5,25,888.8,-88.8,-999.9,-88.8
2245,-1.9,31,46.6,25,888.8,-88.8,-999.9,-88.8
2246,-1.9,31,46.5,24.9,888.8,-88.8,-999.9,-88.8
2247,-1.8,31,46.5,24.8,888.8,-88.8,-999.9,-88.8
2248,-1.8,31,46.5,24.7,888.8,-88.8,-999.9,-88.8
2249,-1.8,31,46.5,24.7,888.8,-88.8,-999.9,-88.8
2250,-1.8,31,46.5,24.6,888.8,-88.8,-999.9,-88.8
2251,-1.8,31,46.4,24.5,888.8,-88.8,-999.9,-88.8
2252,-1.8,31,46.5,24.5,888.8,-88.8,-999.9,-88.8
2253,-1.8,31,46.4,24.4,888.8,-88.8,-999.9,-88.8
2254,-1.8,31,46.4,24.3,888.8,-88.8,-999.9,-88.8
2255,-1.8,31,46.4,24.3,888.8,-88.8,-999.9,-88.8
2256,-1.8,31,46.4,24.2,888.8,-88.8,-999.9,-88.8
2257,-1.8,31,46.4,24.1,888.8,-88.8,-999.9,-88.8
2258,-1.8,31,46.4,24.1,888.8,-88.8,-999.9,-88.8
2259,-1.7,31,46.4,24,888.8,-88.8,-999.9,-88.8
2300,-1.7,31,46.4,23.9,888.8,-88.8,-999.9,-88.8
2301,-1.7,31,46.4,23.9,888.8,-88.8,-999.9,-88.8
2302,-1.7,31,46.4,23.8,888.8,-88.8,-999.9,-88.8
2303,-1.7,31,46.4,23.7,888.8,-88.8,-999.9,-88.8
2304,-1.7,31,46.3,23.7,888.8,-88.8,-999.9,-88.8
2305,-1.7,31,46.3,23.6,888.8,-88.8,-999.9,-88.8
2306,-1.7,31,46.3,23.6,888.8,-88.8,-999.9,-88.8
2307,-1.7,31,46.3,23.5,888.8,-88.8,-999.9,-88.8
2308,-1.7,31,46.3,23.5,888.8,-88.8,-999.9,-88.8
2309,-1.7,31,46.3,23.4,888.8,-88.8,-999.9,-88.8
2310,-1.7,31,46.3,23.4,888.8,-88.8,-999.9,-88.8
2311,-1.7,31,46.2,23.3,888.8,-88.8,-999.9,-88.8
2312,-1.6,31,46.2,23.3,888.8,-88.8,-999.9,-88.8
2313,-1.7,31,46.2,23.2,888.8,-88.8,-999.9,-88.8
2314,-1.7,31,46.2,23.1,888.8,-88.8,-999.9,-88.8
2315,-1.7,31,46.2,23.1,888.8,-88.8,-999.9,-88.8
2316,-1.7,31.1,46.2,23.1,888.8,-88.8,-999.9,-88.8
2317,-1.6,31,46.2,23,888.8,-88.8,-999.9,-88.8
2318,-1.6,31,46.2,23,888.8,-88.8,-999.9,-88.8
2319,-1.6,31,46.2,22.9,888.8,-88.8,-999.9,-88.8
2320,-1.6,31.1,46.2,22.9,888.8,-88.8,-999.9,-88.8
2321,-1.6,31.1,46.2,22.8,888.8,-88.8,-999.9,-88.8
2322,-1.6,31.1,46.1,22.8,888.8,-88.8,-999.9,-88.8
2323,-1.6,31.1,46.1,22.7,888.8,-88.8,-999.9,-88.8
2324,-1.6,31.1,46.1,22.7,888.8,-88.8,-999.9,-88.8
2325,-1.6,31.1,46.1,22.6,888.8,-88.8,-999.9,-88.8
2326,-1.6,31.1,46.1,22.6,888.8,-88.8,-999.9,-88.8
2327,-1.6,31.1,46.1,22.5,888.8,-88.8,-999.9,-88.8
2328,-1.6,31.1,46.1,22.5,888.8,-88.8,-999.9,-88.8
2329,-1.6,31.1,46,22.4,888.8,-88.8,-999.9,-88.8
2330,-1.6,31.1,46,22.4,888.8,-88.8,-999.9,-88.8
2331,-1.6,31.1,46.1,22.3,888.8,-88.8,-999.9,-88.8
2332,-1.6,31.1,46,22.3,888.8,-88.8,-999.9,-88.8
2333,-1.6,31.1,46,22.2,888.8,-88.8,-999.9,-88.8
2334,-1.6,31.1,46,22.2,888.8,-88.8,-999.9,-88.8
2335,-1.6,31.1,46,22.2,888.8,-88.8,-999.9,-88.8
2336,-1.6,31.1,46,22.1,888.8,-88.8,-999.9,-88.8
2337,-1.6,31,45.9,22.1,888.8,-88.8,-999.9,-88.8
2338,-1.6,31,45.9,22,888.8,-88.8,-999.9,-88.8
2339,-1.6,30.9,45.9,22,888.8,-88.8,-999.9,-88.8
2340,-1.6,30.9,45.9,21.9,888.8,-88.8,-999.9,-88.8
2341,-1.6,30.9,45.8,21.9,888.8,-88.8,-999.9,-88.8
2342,-1.6,30.8,45.8,21.9,888.8,-88.8,-999.9,-88.8
2343,-1.6,30.8,45.8,21.8,888.8,-88.8,-999.9,-88.8
2344,-1.6,30.8,45.8,21.8,888.8,-88.8,-999.9,-88.8
2345,-1.6,30.8,45.8,21.8,888.8,-88.8,-999.9,-88.8
2346,-1.6,30.8,45.8,21.7,888.8,-88.8,-999.9,-88.8
2347,-1.6,30.8,45.8,21.6,888.8,-88.8,-999.9,-88.8
2348,-1.6,30.8,45.8,21.6,888.8,-88.8,-999.9,-88.8
2349,-1.6,30.8,45.8,21.6,888.8,-88.8,-999.9,-88.8
2350,-1.6,30.8,45.7,21.6,888.8,-88.8,-999.9,-88.8
2351,-1.6,30.8,45.7,21.5,888.8,-88.8,-999.9,-88.8
2352,-1.6,30.8,45.7,21.5,888.8,-88.8,-999.9,-88.8
2353,-1.6,30.8,45.7,21.5,888.8,-88.8,-999.9,-88.8
2354,-1.6,30.8,45.7,21.4,888.8,-88.8,-999.9,-88.8
2355,-1.6,30.8,45.7,21.4,888.8,-88.8,-999.9,-88.8
2356,-1.6,30.8,45.6,21.3,888.8,-88.8,-999.9,-88.8
2357,-1.6,30.8,45.6,21.3,888.8,-88.8,-999.9,-88.8
2358,-1.6,30.8,45.6,21.3,888.8,-88.8,-999.9,-88.8
2359,-1.7,30.8,45.6,21.3,888.8,-88.8,-999.9,-88.8