0,-14.4,38.8,43,21.6,888.8,-88.8,-999.9,-88.8
1,-14.5,38.8,43,21.3,888.8,-88.8,-999.9,-88.8
2,-14.5,38.8,43,21.1,888.8,-88.8,-999.9,-88.8
3,-14.5,38.9,42.9,20.8,888.8,-88.8,-999.9,-88.8
4,-14.6,38.9,42.9,20.6,888.8,-88.8,-999.9,-88.8
5,-14.6,39,42.9,20.5,888.8,-88.8,-999.9,-88.8
6,-14.6,39,42.8,20.4,888.8,-88.8,-999.9,-88.8
7,-14.6,39,42.8,20.3,888.8,-88.8,-999.9,-88.8
8,-14.6,39,42.8,20.4,888.8,-88.8,-999.9,-88.8
9,-14.6,39,42.7,20.7,888.8,-88.8,-999.9,-88.8
10,-14.6,39.1,42.7,21.1,888.8,-88.8,-999.9,-88.8
11,-14.7,39.1,42.7,21.5,888.8,-88.8,-999.9,-88.8
12,-14.7,39.2,42.6,22,888.8,-88.8,-999.9,-88.8
13,-14.7,39.2,42.6,22.3,888.8,-88.8,-999.9,-88.8
14,-14.7,39.3,42.5,22.2,888.8,-88.8,-999.9,-88.8
15,-14.7,39.3,42.5,22.2,888.8,-88.8,-999.9,-88.8
16,-14.7,39.4,42.5,22.4,888.8,-88.8,-999.9,-88.8
17,-14.8,39.5,42.5,22.7,888.8,-88.8,-999.9,-88.8
18,-14.8,39.5,42.4,23,888.8,-88.8,-999.9,-88.8
19,-14.8,39.5,42.3,23.4,888.8,-88.8,-999.9,-88.8
20,-14.8,39.5,42.3,23.9,888.8,-88.8,-999.9,-88.8
21,-14.8,39.6,42.3,24.4,888.8,-88.8,-999.9,-88.8
22,-14.8,39.6,42.2,24.8,888.8,-88.8,-999.9,-88.8
23,-14.8,39.6,42.2,25.1,888.8,-88.8,-999.9,-88.8
24,-14.9,39.6,42.1,25.4,888.8,-88.8,-999.9,-88.8
25,-14.9,39.6,42.1,25.7,888.8,-88.8,-999.9,-88.8
26,-14.9,39.7,42.1,25.8,888.8,-88.8,-999.9,-88.8
27,-14.9,39.6,42.1,25.9,888.8,-88.8,-999.9,-88.8
28,-14.9,39.6,42.1,26,888.8,-88.8,-999.9,-88.8
29,-14.9,39.6,42,26,888.8,-88.8,-999.9,-88.8
30,-14.9,39.6,42,26,888.8,-88.8,-999.9,-88.8
31,-14.9,39.6,42,25.9,888.8,-88.8,-999.9,-88.8
32,-14.9,39.6,41.9,25.7,888.8,-88.8,-999.9,-88.8
33,-14.9,39.6,41.9,25.6,888.8,-88.8,-999.9,-88.8
34,-14.9,39.6,41.9,25.5,888.8,-88.8,-999.9,-88.8
35,-14.9,39.6,41.9,25.4,888.8,-88.8,-999.9,-88.8
36,-14.9,39.5,41.9,25.4,888.8,-88.8,-999.9,-88.8
37,-14.9,39.5,41.9,25.3,888.8,-88.8,-999.9,-88.8
38,-14.9,39.5,41.8,25.2,888.8,-88.8,-999.9,-88.8
39,-15,39.5,41.8,24.6,888.8,-88.8,-999.9,-88.8
40,-14.9,39.5,41.8,24.6,888.8,-88.8,-999.9,-88.8
41,-14.9,39.5,41.8,24.6,888.8,-88.8,-999.9,-88.8
42,-15,39.5,41.8,24.6,888.8,-88.8,-999.9,-88.8
43,-15,39.5,41.8,24.6,888.8,-88.8,-999.9,-88.8
44,-15,39.5,41.8,24.2,888.8,-88.8,-999.9,-88.8
45,-15,39.4,41.8,24.2,888.8,-88.8,-999.9,-88.8
46,-15,39.3,41.8,23.8,888.8,-88.8,-999.9,-88.8
47,-15,39.1,41.8,24.3,888.8,-88.8,-999.9,-88.8
48,-15,38.9,41.8,24.4,888.8,-88.8,-999.9,-88.8
49,-15,38.8,41.8,24.3,888.8,-88.8,-999.9,-88.8
50,-15,38.6,41.8,24.3,888.8,-88.8,-999.9,-88.8
51,-15,38.6,41.8,24.5,888.8,-88.8,-999.9,-88.8
52,-15.1,38.5,41.8,21.8,888.8,-88.8,-999.9,-88.8
53,-15.1,38.5,41.7,24,888.8,-88.8,-999.9,-88.8
54,-15.1,38.5,41.7,24.2,888.8,-88.8,-999.9,-88.8
55,-15.1,38.5,41.7,23.2,888.8,-88.8,-999.9,-88.8
56,-15.1,38.5,41.8,22.7,888.8,-88.8,-999.9,-88.8
57,-15.1,38.5,41.7,22.8,888.8,-88.8,-999.9,-88.8
58,-15.1,38.5,41.7,23.4,888.8,-88.8,-999.9,-88.8
59,-15.1,38.6,41.6,24.7,888.8,-88.8,-999.9,-88.8
100,-15.1,38.6,41.6,26.2,888.8,-88.8,-999.9,-88.8
101,-15.1,38.6,41.6,27.3,888.8,-88.8,-999.9,-88.8
102,-15.1,38.7,41.5,28.2,888.8,-88.8,-999.9,-88.8
103,-15.1,38.7,41.5,28.8,888.8,-88.8,-999.9,-88.8
104,-15.1,38.7,41.4,29.1,888.8,-88.8,-999.9,-88.8
105,-15.1,38.7,41.4,29.3,888.8,-88.8,-999.9,-88.8
106,-15.1,38.7,41.4,29.4,888.8,-88.8,-999.9,-88.8
107,-15.1,38.7,41.4,29.4,888.8,-88.8,-999.9,-88.8
108,-15.1,38.7,41.4,29.4,888.8,-88.8,-999.9,-88.8
109,-15.2,38.7,41.3,29.4,888.8,-88.8,-999.9,-88.8
110,-15.2,38.6,41.3,29.5,888.8,-88.8,-999.9,-88.8
111,-15.2,38.6,41.2,29.6,888.8,-88.8,-999.9,-88.8
112,-15.2,38.6,41.2,29.6,888.8,-88.8,-999.9,-88.8
113,-15.2,38.6,41.2,30.1,888.8,-88.8,-999.9,-88.8
114,-15.2,38.6,41.2,27.1,888.8,-88.8,-999.9,-88.8
115,-15.2,38.6,41.2,25.2,888.8,-88.8,-999.9,-88.8
116,-15.2,38.6,41.2,24.6,888.8,-88.8,-999.9,-88.8
117,-15.2,38.6,41.1,24.7,888.8,-88.8,-999.9,-88.8
118,-15.2,38.7,41.1,24.9,888.8,-88.8,-999.9,-88.8
119,-15.2,38.8,41.1,25,888.8,-88.8,-999.9,-88.8
120,-15.2,38.9,41,25.1,888.8,-88.8,-999.9,-88.8
121,-15.2,38.9,41,25.1,888.8,-88.8,-999.9,-88.8
122,-15.2,39,41,25.2,888.8,-88.8,-999.9,-88.8
123,-15.2,39,41,25.2,888.8,-88.8,-999.9,-88.8
124,-15.2,39,40.9,25.1,888.8,-88.8,-999.9,-88.8
125,-15.3,39.1,40.9,25.1,888.8,-88.8,-999.9,-88.8
126,-15.2,39.1,40.8,25,888.8,-88.8,-999.9,-88.8
127,-15.3,39.1,40.8,25.1,888.8,-88.8,-999.9,-88.8
128,-15.3,39,40.7,25.3,888.8,-88.8,-999.9,-88.8
129,-15.3,39.1,40.6,25.7,888.8,-88.8,-999.9,-88.8
130,-15.3,39.1,40.6,26.1,888.8,-88.8,-999.9,-88.8
131,-15.3,39.1,40.6,26.5,888.8,-88.8,-999.9,-88.8
132,-15.3,39.1,40.6,26.9,888.8,-88.8,-999.9,-88.8
133,-15.3,39.1,40.5,27.2,888.8,-88.8,-999.9,-88.8
134,-15.3,39.1,40.4,27.4,888.8,-88.8,-999.9,-88.8
135,-15.3,39.2,40.4,27.5,888.8,-88.8,-999.9,-88.8
136,-15.3,39.2,40.4,27.6,888.8,-88.8,-999.9,-88.8
137,-15.3,39.1,40.4,27.8,888.8,-88.8,-999.9,-88.8
138,-15.3,39.1,40.4,27.8,888.8,-88.8,-999.9,-88.8
139,-15.3,39.1,40.3,27.9,888.8,-88.8,-999.9,-88.8
140,-15.3,39.2,40.3,27.9,888.8,-88.8,-999.9,-88.8
141,-15.3,39.1,40.3,28,888.8,-88.8,-999.9,-88.8
142,-15.3,39.1,40.2,28.1,888.8,-88.8,-999.9,-88.8
143,-15.3,39.1,40.2,28.1,888.8,-88.8,-999.9,-88.8
144,-15.3,39.1,40.2,28.1,888.8,-88.8,-999.9,-88.8
145,-15.3,39.1,40.2,28.2,888.8,-88.8,-999.9,-88.8
146,-15.3,39.1,40.1,28.4,888.8,-88.8,-999.9,-88.8
147,-15.3,39,40.1,28.5,888.8,-88.8,-999.9,-88.8
148,-15.3,39,40.1,28,888.8,-88.8,-999.9,-88.8
149,-15.4,39,40.1,27.6,888.8,-88.8,-999.9,-88.8
150,-15.3,39,40,27.5,888.8,-88.8,-999.9,-88.8
151,-15.4,39,40,27.4,888.8,-88.8,-999.9,-88.8
152,-15.4,39,40,27.5,888.8,-88.8,-999.9,-88.8
153,-15.4,39,39.9,27.5,888.8,-88.8,-999.9,-88.8
154,-15.4,39,39.9,27.6,888.8,-88.8,-999.9,-88.8
155,-15.4,39,39.9,27.6,888.8,-88.8,-999.9,-88.8
156,-15.4,39,39.9,27.6,888.8,-88.8,-999.9,-88.8
157,-15.4,38.9,39.8,27.7,888.8,-88.8,-999.9,-88.8
158,-15.4,38.9,39.8,27.7,888.8,-88.8,-999.9,-88.8
159,-15.4,38.9,39.8,27.1,888.8,-88.8,-999.9,-88.8
200,-15.5,38.9,39.8,26.7,888.8,-88.8,-999.9,-88.8
201,-15.5,38.9,39.7,26.5,888.8,-88.8,-999.9,-88.8
202,-15.5,38.9,39.7,26.5,888.8,-88.8,-999.9,-88.8
203,-15.5,38.8,39.7,26.5,888.8,-88.8,-999.9,-88.8
204,-15.5,38.8,39.7,26.6,888.8,-88.8,-999.9,-88.8
205,-15.5,38.8,39.7,26.5,888.8,-88.8,-999.9,-88.8
206,-15.5,38.8,39.6,26.5,888.8,-88.8,-999.9,-88.8
207,-15.6,38.8,39.6,26.5,888.8,-88.8,-999.9,-88.8
208,-15.6,38.8,39.6,26.5,888.8,-88.8,-999.9,-88.8
209,-15.6,38.8,39.5,26.6,888.8,-88.8,-999.9,-88.8
210,-15.6,38.7,39.5,26.2,888.8,-88.8,-999.9,-88.8
211,-15.7,38.7,39.5,25.4,888.8,-88.8,-999.9,-88.8
212,-15.7,38.7,39.5,25.1,888.8,-88.8,-999.9,-88.8
213,-15.6,38.7,39.4,25.1,888.8,-88.8,-999.9,-88.8
214,-15.7,38.7,39.4,25.2,888.8,-88.8,-999.9,-88.8
215,-15.7,38.6,39.4,25.3,888.8,-88.8,-999.9,-88.8
216,-15.7,38.6,39.3,25.4,888.8,-88.8,-999.9,-88.8
217,-15.7,38.6,39.3,25.5,888.8,-88.8,-999.9,-88.8
218,-15.7,38.6,39.3,25.6,888.8,-88.8,-999.9,-88.8
219,-15.7,38.6,39.3,25.8,888.8,-88.8,-999.9,-88.8
220,-15.7,38.5,39.2,25.9,888.8,-88.8,-999.9,-88.8
221,-15.7,38.5,39.2,26,888.8,-88.8,-999.9,-88.8
222,-15.7,38.5,39.2,26.2,888.8,-88.8,-999.9,-88.8
223,-15.7,38.5,39.2,26.2,888.8,-88.8,-999.9,-88.8
224,-15.7,38.4,39.2,26.2,888.8,-88.8,-999.9,-88.8
225,-15.7,38.4,39.1,25.9,888.8,-88.8,-999.9,-88.8
226,-15.8,38.4,39.1,25.5,888.8,-88.8,-999.9,-88.8
227,-15.8,38.4,39.1,25,888.8,-88.8,-999.9,-88.8
228,-15.8,38.4,39,24.8,888.8,-88.8,-999.9,-88.8
229,-15.7,38.4,39,24.8,888.8,-88.8,-999.9,-88.8
230,-15.8,38.4,39,24.8,888.8,-88.8,-999.9,-88.8
231,-15.8,38.3,39,24.9,888.8,-88.8,-999.9,-88.8
232,-15.8,38.3,39,25,888.8,-88.8,-999.9,-88.8
233,-15.8,38.3,38.9,25.2,888.8,-88.8,-999.9,-88.8
234,-15.8,38.3,38.9,25.3,888.8,-88.8,-999.9,-88.8
235,-15.8,38.3,38.8,25.4,888.8,-88.8,-999.9,-88.8
236,-15.8,38.2,38.8,25.3,888.8,-88.8,-999.9,-88.8
237,-15.8,38.2,38.8,25,888.8,-88.8,-999.9,-88.8
238,-15.8,38.2,38.8,24.8,888.8,-88.8,-999.9,-88.8
239,-15.8,38.2,38.8,24.8,888.8,-88.8,-999.9,-88.8
240,-15.8,38.2,38.7,24.8,888.8,-88.8,-999.9,-88.8
241,-15.8,38.2,38.7,24.2,888.8,-88.8,-999.9,-88.8
242,-15.9,38.1,38.7,24.1,888.8,-88.8,-999.9,-88.8
243,-15.9,38.1,38.6,24,888.8,-88.8,-999.9,-88.8
244,-15.9,38.1,38.6,23.4,888.8,-88.8,-999.9,-88.8
245,-15.9,38.1,38.6,22.7,888.8,-88.8,-999.9,-88.8
246,-15.9,38,38.6,22.4,888.8,-88.8,-999.9,-88.8
247,-15.9,38,38.5,22.5,888.8,-88.8,-999.9,-88.8
248,-15.9,37.9,38.4,22.8,888.8,-88.8,-999.9,-88.8
249,-15.9,37.9,38.4,23.4,888.8,-88.8,-999.9,-88.8
250,-15.9,37.9,38.4,23.7,888.8,-88.8,-999.9,-88.8
251,-15.9,37.8,38.4,23.9,888.8,-88.8,-999.9,-88.8
252,-15.9,37.8,38.4,24.1,888.8,-88.8,-999.9,-88.8
253,-15.9,37.8,38.3,24,888.8,-88.8,-999.9,-88.8
254,-15.9,37.8,38.3,24.2,888.8,-88.8,-999.9,-88.8
255,-16,37.7,38.2,24.2,888.8,-88.8,-999.9,-88.8
256,-16,37.7,38.2,24.3,888.8,-88.8,-999.9,-88.8
257,-16,37.7,38.2,24.4,888.8,-88.8,-999.9,-88.8
258,-16,37.7,38.2,24.5,888.8,-88.8,-999.9,-88.8
259,-16,37.6,38.1,24.7,888.8,-88.8,-999.9,-88.8
300,-16,37.6,38.1,24.8,888.8,-88.8,-999.9,-88.8
301,-16,37.6,38.1,25,888.8,-88.8,-999.9,-88.8
302,-16,37.5,38.1,25.1,888.8,-88.8,-999.9,-88.8
303,-16,37.5,38.1,25.1,888.8,-88.8,-999.9,-88.8
304,-16,37.5,38,25.2,888.8,-88.8,-999.9,-88.8
305,-16,37.5,38,25.3,888.8,-88.8,-999.9,-88.8
306,-16,37.4,37.9,25.2,888.8,-88.8,-999.9,-88.8
307,-16,37.4,37.9,25.2,888.8,-88.8,-999.9,-88.8
308,-16.1,37.4,37.9,25.2,888.8,-88.8,-999.9,-88.8
309,-16.1,37.4,37.9,25.4,888.8,-88.8,-999.9,-88.8
310,-16.1,37.3,37.9,25.5,888.8,-88.8,-999.9,-88.8
311,-16.1,37.3,37.8,25.6,888.8,-88.8,-999.9,-88.8
312,-16.1,37.3,37.8,25.6,888.8,-88.8,-999.9,-88.8
313,-16.1,37.3,37.8,25.6,888.8,-88.8,-999.9,-88.8
314,-16.1,37.2,37.7,25.7,888.8,-88.8,-999.9,-88.8
315,-16.1,37.2,37.7,25.7,888.8,-88.8,-999.9,-88.8
316,-16.1,37.2,37.7,25.7,888.8,-88.8,-999.9,-88.8
317,-16.1,37.2,37.7,25.7,888.8,-88.8,-999.9,-88.8
318,-16.1,37.2,37.7,25.7,888.8,-88.8,-999.9,-88.8
319,-16.1,37.2,37.6,25.7,888.8,-88.8,-999.9,-88.8
320,-16.1,37.1,37.6,25.2,888.8,-88.8,-999.9,-88.8
321,-16.1,37.1,37.6,24.9,888.8,-88.8,-999.9,-88.8
322,-16.2,37.1,37.5,24.7,888.8,-88.8,-999.9,-88.8
323,-16.2,37,37.5,24.6,888.8,-88.8,-999.9,-88.8
324,-16.2,37,37.5,24.6,888.8,-88.8,-999.9,-88.8
325,-16.2,37,37.5,24.5,888.8,-88.8,-999.9,-88.8
326,-16.2,37,37.5,24.5,888.8,-88.8,-999.9,-88.8
327,-16.2,36.9,37.4,24.5,888.8,-88.8,-999.9,-88.8
328,-16.2,36.9,37.4,24.5,888.8,-88.8,-999.9,-88.8
329,-16.2,36.9,37.4,24.4,888.8,-88.8,-999.9,-88.8
330,-16.2,36.8,37.3,24.5,888.8,-88.8,-999.9,-88.8
331,-16.2,36.8,37.3,24.5,888.8,-88.8,-999.9,-88.8
332,-16.2,36.8,37.3,24.5,888.8,-88.8,-999.9,-88.8
333,-16.2,36.8,37.3,24.5,888.8,-88.8,-999.9,-88.8
334,-16.2,36.7,37.3,24.6,888.8,-88.8,-999.9,-88.8
335,-16.2,36.7,37.2,24.6,888.8,-88.8,-999.9,-88.8
336,-16.2,36.6,37.2,24.7,888.8,-88.8,-999.9,-88.8
337,-16.3,36.6,37.2,24.7,888.8,-88.8,-999.9,-88.8
338,-16.3,36.7,37.2,24.7,888.8,-88.8,-999.9,-88.8
339,-16.2,36.6,37.1,24.7,888.8,-88.8,-999.9,-88.8
340,-16.3,36.6,37.1,24.8,888.8,-88.8,-999.9,-88.8
341,-16.2,36.6,37.1,24.7,888.8,-88.8,-999.9,-88.8
342,-16.3,36.6,37.1,24.8,888.8,-88.8,-999.9,-88.8
343,-16.3,36.5,37,24.8,888.8,-88.8,-999.9,-88.8
344,-16.2,36.5,37,24.6,888.8,-88.8,-999.9,-88.8
345,-16.2,36.5,37,24.6,888.8,-88.8,-999.9,-88.8
346,-16.3,36.5,37,24.6,888.8,-88.8,-999.9,-88.8
347,-16.2,36.4,36.9,24.6,888.8,-88.8,-999.9,-88.8
348,-16.3,36.4,36.9,24.5,888.8,-88.8,-999.9,-88.8
349,-16.2,36.4,36.9,24.6,888.8,-88.8,-999.9,-88.8
350,-16.2,36.4,36.8,24.5,888.8,-88.8,-999.9,-88.8
351,-16.2,36.4,36.8,24.5,888.8,-88.8,-999.9,-88.8
352,-16.2,36.3,36.8,24.4,888.8,-88.8,-999.9,-88.8
353,-16.2,36.3,36.8,24.4,888.8,-88.8,-999.9,-88.8
354,-16.2,36.3,36.8,24.3,888.8,-88.8,-999.9,-88.8
355,-16.2,36.3,36.7,24.3,888.8,-88.8,-999.9,-88.8
356,-16.2,36.2,36.7,24.3,888.8,-88.8,-999.9,-88.8
357,-16.2,36.2,36.7,24.3,888.8,-88.8,-999.9,-88.8
358,-16.2,36.2,36.7,24.3,888.8,-88.8,-999.9,-88.8
359,-16.2,36.1,36.6,24.3,888.8,-88.8,-999.9,-88.8
400,-16.2,36.1,36.6,24.3,888.8,-88.8,-999.9,-88.8
401,-16.2,36.1,36.6,24.2,888.8,-88.8,-999.9,-88.8
402,-16.2,36.1,36.6,24.3,888.8,-88.8,-999.9,-88.8
403,-16.2,36.1,36.6,24.3,888.8,-88.8,-999.9,-88.8
404,-16.2,36.1,36.5,24.3,888.8,-88.8,-999.9,-88.8
405,-16.2,36,36.5,24.3,888.8,-88.8,-999.9,-88.8
406,-16.2,36,36.5,24.3,888.8,-88.8,-999.9,-88.8
407,-16.2,35.9,36.5,24.3,888.8,-88.8,-999.9,-88.8
408,-16.2,35.9,36.4,24.3,888.8,-88.8,-999.9,-88.8
409,-16.2,35.9,36.4,24.3,888.8,-88.8,-999.9,-88.8
410,-16.2,35.9,36.4,24.2,888.8,-88.8,-999.9,-88.8
411,-16.2,35.9,36.4,24.3,888.8,-88.8,-999.9,-88.8
412,-16.2,35.9,36.3,24.2,888.8,-88.8,-999.9,-88.8
413,-16.2,35.8,36.3,24.2,888.8,-88.8,-999.9,-88.8
414,-16.2,35.8,36.3,24.2,888.8,-88.8,-999.9,-88.8
415,-16.2,35.8,36.3,24.2,888.8,-88.8,-999.9,-88.8
416,-16.2,35.8,36.3,24.2,888.8,-88.8,-999.9,-88.8
417,-16.2,35.7,36.2,24.2,888.8,-88.8,-999.9,-88.8
418,-16.2,35.7,36.2,24.2,888.8,-88.8,-999.9,-88.8
419,-16.2,35.7,36.2,24.2,888.8,-88.8,-999.9,-88.8
420,-16.2,35.7,36.1,24.2,888.8,-88.8,-999.9,-88.8
421,-16.2,35.6,36.1,24.2,888.8,-88.8,-999.9,-88.8
422,-16.2,35.6,36.1,24.2,888.8,-88.8,-999.9,-88.8
423,-16.2,35.6,36.1,24.2,888.8,-88.8,-999.9,-88.8
424,-16.2,35.6,36.1,24.2,888.8,-88.8,-999.9,-88.8
425,-16.2,35.5,36,24.2,888.8,-88.8,-999.9,-88.8
426,-16.2,35.5,36,24.1,888.8,-88.8,-999.9,-88.8
427,-16.2,35.5,36,24.1,888.8,-88.8,-999.9,-88.8
428,-16.2,35.4,35.9,24.1,888.8,-88.8,-999.9,-88.8
429,-16.2,35.4,35.9,24.2,888.8,-88.8,-999.9,-88.8
430,-16.2,35.4,35.9,24.2,888.8,-88.8,-999.9,-88.8
431,-16.2,35.4,35.9,24.2,888.8,-88.8,-999.9,-88.8
432,-16.2,35.4,35.9,24.1,888.8,-88.8,-999.9,-88.8
433,-16.2,35.3,35.8,24.1,888.8,-88.8,-999.9,-88.8
434,-16.2,35.3,35.8,24.1,888.8,-88.8,-999.9,-88.8
435,-16.2,35.3,35.8,24.1,888.8,-88.8,-999.9,-88.8
436,-16.2,35.3,35.8,24.1,888.8,-88.8,-999.9,-88.8
437,-16.2,35.2,35.8,24,888.8,-88.8,-999.9,-88.8
438,-16.2,35.2,35.8,24,888.8,-88.8,-999.9,-88.8
439,-16.2,35.2,35.7,23.9,888.8,-88.8,-999.9,-88.8
440,-16.2,35.2,35.6,23.9,888.8,-88.8,-999.9,-88.8
441,-16.2,35.2,35.6,23.9,888.8,-88.8,-999.9,-88.8
442,-16.2,35.1,35.6,23.9,888.8,-88.8,-999.9,-88.8
443,-16.2,35.1,35.6,23.9,888.8,-88.8,-999.9,-88.8
444,-16.2,35.1,35.6,23.9,888.8,-88.8,-999.9,-88.8
445,-16.2,35.1,35.6,23.9,888.8,-88.8,-999.9,-88.8
446,-16.2,35,35.5,23.9,888.8,-88.8,-999.9,-88.8
447,-16.2,35.1,35.5,23.9,888.8,-88.8,-999.9,-88.8
448,-16.2,35,35.5,23.9,888.8,-88.8,-999.9,-88.8
449,-16.2,35,35.5,23.9,888.8,-88.8,-999.9,-88.8
450,-16.2,34.9,35.5,23.8,888.8,-88.8,-999.9,-88.8
451,-16.2,34.9,35.4,23.9,888.8,-88.8,-999.9,-88.8
452,-16.1,34.9,35.4,23.9,888.8,-88.8,-999.9,-88.8
453,-16.2,34.9,35.4,23.9,888.8,-88.8,-999.9,-88.8
454,-16.2,34.9,35.3,23.9,888.8,-88.8,-999.9,-88.8
455,-16.1,34.9,35.3,23.9,888.8,-88.8,-999.9,-88.8
456,-16.1,34.8,35.3,23.9,888.8,-88.8,-999.9,-88.8
457,-16.1,34.8,35.2,23.9,888.8,-88.8,-999.9,-88.8
458,-16.1,34.8,35.2,23.9,888.8,-88.8,-999.9,-88.8
459,-16.1,34.8,35.2,23.9,888.8,-88.8,-999.9,-88.8
500,-16.1,34.7,35.2,23.8,888.8,-88.8,-999.9,-88.8
501,-16.1,34.7,35.2,23.8,888.8,-88.8,-999.9,-88.8
502,-16.1,34.7,35.2,23.7,888.8,-88.8,-999.9,-88.8
503,-16.1,34.7,35.2,23.8,888.8,-88.8,-999.9,-88.8
504,-16.1,34.6,35.1,23.8,888.8,-88.8,-999.9,-88.8
505,-16.1,34.6,35.1,23.7,888.8,-88.8,-999.9,-88.8
506,-16.1,34.6,35.1,23.7,888.8,-88.8,-999.9,-88.8
507,-16.1,34.6,35.1,23.7,888.8,-88.8,-999.9,-88.8
508,-16.1,34.6,35,23.7,888.8,-88.8,-999.9,-88.8
509,-16.1,34.5,35,23.7,888.8,-88.8,-999.9,-88.8
510,-16.1,34.5,35,23.6,888.8,-88.8,-999.9,-88.8
511,-16.1,34.5,35,23.7,888.8,-88.8,-999.9,-88.8
512,-16.1,34.5,34.9,23.6,888.8,-88.8,-999.9,-88.8
513,-16,34.5,34.9,23.6,888.8,-88.8,-999.9,-88.8
514,-16,34.4,34.9,23.6,888.8,-88.8,-999.9,-88.8
515,-16.1,34.4,34.9,23.6,888.8,-88.8,-999.9,-88.8
516,-16,34.4,34.9,23.6,888.8,-88.8,-999.9,-88.8
517,-16.1,34.4,34.9,23.6,888.8,-88.8,-999.9,-88.8
518,-16,34.4,34.8,23.6,888.8,-88.8,-999.9,-88.8
519,-16,34.3,34.8,23.5,888.8,-88.8,-999.9,-88.8
520,-16,34.3,34.7,23.5,888.8,-88.8,-999.9,-88.8
521,-16,34.3,34.7,23.5,888.8,-88.8,-999.9,-88.8
522,-16,34.3,34.7,23.5,888.8,-88.8,-999.9,-88.8
523,-16,34.2,34.7,23.5,888.8,-88.8,-999.9,-88.8
524,-16,34.2,34.7,23.5,888.8,-88.8,-999.9,-88.8
525,-16,34.2,34.7,23.5,888.8,-88.8,-999.9,-88.8
526,-16,34.2,34.6,23.5,888.8,-88.8,-999.9,-88.8
527,-15.9,34.2,34.6,23.5,888.8,-88.8,-999.9,-88.8
528,-15.9,34.1,34.6,23.5,888.8,-88.8,-999.9,-88.8
529,-15.9,34.1,34.6,23.5,888.8,-88.8,-999.9,-88.8
530,-15.9,34.1,34.5,23.5,888.8,-88.8,-999.9,-88.8
531,-15.9,34.1,34.5,23.4,888.8,-88.8,-999.9,-88.8
532,-15.9,34.1,34.5,23.4,888.8,-88.8,-999.9,-88.8
533,-15.9,34,34.5,23.4,888.8,-88.8,-999.9,-88.8
534,-15.8,34,34.5,23.5,888.8,-88.8,-999.9,-88.8
535,-15.9,34,34.4,23.4,888.8,-88.8,-999.9,-88.8
536,-15.8,34,34.4,23.4,888.8,-88.8,-999.9,-88.8
537,-15.8,34,34.4,23.4,888.8,-88.8,-999.9,-88.8
538,-15.8,33.9,34.4,23.4,888.8,-88.8,-999.9,-88.8
539,-15.8,33.9,34.4,23.4,888.8,-88.8,-999.9,-88.8
540,-15.8,33.9,34.3,23.4,888.8,-88.8,-999.9,-88.8
541,-15.8,33.9,34.3,23.4,888.8,-88.8,-999.9,-88.8
542,-15.8,33.9,34.3,23.4,888.8,-88.8,-999.9,-88.8
543,-15.8,33.8,34.3,23.4,888.8,-88.8,-999.9,-88.8
544,-15.7,33.8,34.2,23.4,888.8,-88.8,-999.9,-88.8
545,-15.7,33.8,34.3,23.4,888.8,-88.8,-999.9,-88.8
546,-15.7,33.8,34.2,23.4,888.8,-88.8,-999.9,-88.8
547,-15.7,33.8,34.2,23.4,888.8,-88.8,-999.9,-88.8
548,-15.7,33.7,34.2,23.4,888.8,-88.8,-999.9,-88.8
549,-15.7,33.7,34.2,23.4,888.8,-88.8,-999.9,-88.8
550,-15.7,33.7,34.1,23.3,888.8,-88.8,-999.9,-88.8
551,-15.7,33.7,34.1,23.3,888.8,-88.8,-999.9,-88.8
552,-15.7,33.7,34.1,23.3,888.8,-88.8,-999.9,-88.8
553,-15.6,33.6,34,23.3,888.8,-88.8,-999.9,-88.8
554,-15.6,33.6,34,23.3,888.8,-88.8,-999.9,-88.8
555,-15.6,33.6,34,23.3,888.8,-88.8,-999.9,-88.8
556,-15.6,33.6,34,23.3,888.8,-88.8,-999.9,-88.8
557,-15.5,33.5,34,23.3,888.8,-88.8,-999.9,-88.8
558,-15.5,33.5,34,23.3,888.8,-88.8,-999.9,-88.8
559,-15.5,33.5,33.9,23.2,888.8,-88.8,-999.9,-88.8
600,-15.5,33.5,33.9,23.3,888.8,-88.8,-999.9,-88.8
601,-15.4,33.4,33.9,23.2,888.8,-88.8,-999.9,-88.8
602,-15.4,33.4,33.9,23.2,888.8,-88.8,-999.9,-88.8
603,-15.4,33.4,33.9,23.2,888.8,-88.8,-999.9,-88.8
604,-15.3,33.4,33.8,23.2,888.8,-88.8,-999.9,-88.8
605,-15.3,33.3,33.9,23.2,888.8,-88.8,-999.9,-88.8
606,-15.3,33.3,33.8,23.2,888.8,-88.8,-999.9,-88.8
607,-15.3,33.3,33.8,23.2,888.8,-88.8,-999.9,-88.8
608,-15.2,33.3,33.8,23.2,888.8,-88.8,-999.9,-88.8
609,-15.2,33.3,33.7,23.1,888.8,-88.8,-999.9,-88.8
610,-15.2,33.3,33.7,23.1,888.8,-88.8,-999.9,-88.8
611,-15.2,33.3,33.7,23.1,888.8,-88.8,-999.9,-88.8
612,-15.1,33.2,33.7,23.1,888.8,-88.8,-999.9,-88.8
613,-15.1,33.2,33.7,23.1,888.8,-88.8,-999.9,-88.8
614,-15.1,33.2,33.7,23.1,888.8,-88.8,-999.9,-88.8
615,-15.1,33.2,33.7,23.1,888.8,-88.8,-999.9,-88.8
616,-15,33.2,33.6,23.1,888.8,-88.8,-999.9,-88.8
617,-15,33.1,33.6,23.1,888.8,-88.8,-999.9,-88.8
618,-15,33.1,33.5,23.1,888.8,-88.8,-999.9,-88.8
619,-15,33.1,33.5,23.1,888.8,-88.8,-999.9,-88.8
620,-14.9,33.1,33.5,23.1,888.8,-88.8,-999.9,-88.8
621,-14.9,33.1,33.5,23.1,888.8,-88.8,-999.9,-88.8
622,-14.9,33,33.5,23.1,888.8,-88.8,-999.9,-88.8
623,-14.9,33,33.5,23,888.8,-88.8,-999.9,-88.8
624,-14.9,33,33.5,23,888.8,-88.8,-999.9,-88.8
625,-14.8,33,33.4,23,888.8,-88.8,-999.9,-88.8
626,-14.8,33,33.4,23,888.8,-88.8,-999.9,-88.8
627,-14.8,32.9,33.4,23,888.8,-88.8,-999.9,-88.8
628,-14.8,32.9,33.3,23,888.8,-88.8,-999.9,-88.8
629,-14.8,32.9,33.3,23,888.8,-88.8,-999.9,-88.8
630,-14.8,32.9,33.3,23,888.8,-88.8,-999.9,-88.8
631,-14.7,32.8,33.3,23,888.8,-88.8,-999.9,-88.8
632,-14.7,32.8,33.3,23,888.8,-88.8,-999.9,-88.8
633,-14.7,32.8,33.3,23,888.8,-88.8,-999.9,-88.8
634,-14.7,32.8,33.2,23,888.8,-88.8,-999.9,-88.8
635,-14.7,32.8,33.2,22.9,888.8,-88.8,-999.9,-88.8
636,-14.7,32.8,33.2,22.9,888.8,-88.8,-999.9,-88.8
637,-14.6,32.7,33.2,22.9,888.8,-88.8,-999.9,-88.8
638,-14.6,32.7,33.2,22.9,888.8,-88.8,-999.9,-88.8
639,-14.6,32.7,33.2,22.9,888.8,-88.8,-999.9,-88.8
640,-14.6,32.7,33.1,22.9,888.8,-88.8,-999.9,-88.8
641,-14.6,32.7,33.1,22.9,888.8,-88.8,-999.9,-88.8
642,-14.6,32.7,33.1,22.9,888.8,-88.8,-999.9,-88.8
643,-14.5,32.6,33.1,22.9,888.8,-88.8,-999.9,-88.8
644,-14.5,32.6,33,22.8,888.8,-88.8,-999.9,-88.8
645,-14.5,32.6,33,22.9,888.8,-88.8,-999.9,-88.8
646,-14.5,32.6,33,22.8,888.8,-88.8,-999.9,-88.8
647,-14.5,32.5,33,22.8,888.8,-88.8,-999.9,-88.8
648,-14.5,32.5,33,22.8,888.8,-88.8,-999.9,-88.8
649,-14.5,32.5,33,22.8,888.8,-88.8,-999.9,-88.8
650,-14.4,32.5,32.9,22.8,888.8,-88.8,-999.9,-88.8
651,-14.4,32.5,32.9,22.8,888.8,-88.8,-999.9,-88.8
652,-14.4,32.4,32.9,22.8,888.8,-88.8,-999.9,-88.8
653,-14.4,32.5,32.9,22.8,888.8,-88.8,-999.9,-88.8
654,-14.4,32.4,32.8,22.8,888.8,-88.8,-999.9,-88.8
655,-14.4,32.4,32.8,22.8,888.8,-88.8,-999.9,-88.8
656,-14.3,32.3,32.8,22.8,888.8,-88.8,-999.9,-88.8
657,-14.3,32.4,32.8,22.8,888.8,-88.8,-999.9,-88.8
658,-14.3,32.3,32.8,22.8,888.8,-88.8,-999.9,-88.8
659,-14.3,32.3,32.8,22.7,888.8,-88.8,-999.9,-88.8
700,-14.3,32.3,32.7,22.7,888.8,-88.8,-999.9,-88.8
701,-14.2,32.3,32.7,22.7,888.8,-88.8,-999.9,-88.8
702,-14.2,32.3,32.7,22.7,888.8,-88.8,-999.9,-88.8
703,-14.2,32.3,32.7,22.7,888.8,-88.8,-999.9,-88.8
704,-14.2,32.2,32.7,22.7,888.8,-88.8,-999.9,-88.8
705,-14.2,32.2,32.7,22.7,888.8,-88.8,-999.9,-88.8
706,-14.1,32.2,32.6,22.7,888.8,-88.8,-999.9,-88.8
707,-14.1,32.2,32.6,22.7,888.8,-88.8,-999.9,-88.8
708,-14.1,32.2,32.6,22.7,888.8,-88.8,-999.9,-88.8
709,-14.1,32.1,32.6,22.7,888.8,-88.8,-999.9,-88.8
710,-14,32.1,32.5,22.7,888.8,-88.8,-999.9,-88.8
711,-14,32.1,32.5,22.7,888.8,-88.8,-999.9,-88.8
712,-14,32.1,32.5,22.6,888.8,-88.8,-999.9,-88.8
713,-13.9,32.1,32.5,22.6,888.8,-88.8,-999.9,-88.8
714,-13.9,32,32.5,22.6,888.8,-88.8,-999.9,-88.8
715,-13.9,32,32.5,22.6,888.8,-88.8,-999.9,-88.8
716,-13.9,32,32.4,22.6,888.8,-88.8,-999.9,-88.8
717,-13.8,32,32.4,22.6,888.8,-88.8,-999.9,-88.8
718,-13.8,32,32.4,22.6,888.8,-88.8,-999.9,-88.8
719,-13.8,32,32.4,22.6,888.8,-88.8,-999.9,-88.8
720,-13.7,31.9,32.3,22.6,888.8,-88.8,-999.9,-88.8
721,-13.7,31.9,32.3,22.6,888.8,-88.8,-999.9,-88.8
722,-13.7,31.9,32.3,22.5,888.8,-88.8,-999.9,-88.8
723,-13.7,31.9,32.3,22.6,888.8,-88.8,-999.9,-88.8
724,-13.6,31.8,32.3,22.6,888.8,-88.8,-999.9,-88.8
725,-13.6,31.8,32.3,22.6,888.8,-88.8,-999.9,-88.8
726,-13.6,31.8,32.3,22.6,888.8,-88.8,-999.9,-88.8
727,-13.5,31.8,32.3,22.5,888.8,-88.8,-999.9,-88.8
728,-13.5,31.8,32.2,22.5,888.8,-88.8,-999.9,-88.8
729,-13.5,31.8,32.2,22.5,888.8,-88.8,-999.9,-88.8
730,-13.4,31.7,32.2,22.5,888.8,-88.8,-999.9,-88.8
731,-13.4,31.7,32.2,22.5,888.8,-88.8,-999.9,-88.8
732,-13.4,31.7,32.1,22.5,888.8,-88.8,-999.9,-88.8
733,-13.3,31.7,32.1,22.5,888.8,-88.8,-999.9,-88.8
734,-13.3,31.7,32.1,22.5,888.8,-88.8,-999.9,-88.8
735,-13.3,31.7,32.1,22.5,888.8,-88.8,-999.9,-88.8
736,-13.3,31.7,32,22.5,888.8,-88.8,-999.9,-88.8
737,-13.2,31.6,32,21,888.8,-88.8,-999.9,-88.8
738,-13.2,31.6,32,20.3,888.8,-88.8,-999.9,-88.8
739,-13.2,31.6,32,20,888.8,-88.8,-999.9,-88.8
740,-13.2,31.6,32,19.7,888.8,-88.8,-999.9,-88.8
741,-13.1,31.6,32,19.6,888.8,-88.8,-999.9,-88.8
742,-13.1,31.6,32,19.5,888.8,-88.8,-999.9,-88.8
743,-13.1,31.6,32,19.5,888.8,-88.8,-999.9,-88.8
744,-13.1,31.6,32,19.5,888.8,-88.8,-999.9,-88.8
745,-13.1,31.5,32,19.4,888.8,-88.8,-999.9,-88.8
746,-13,31.5,32,19.4,888.8,-88.8,-999.9,-88.8
747,-13,31.5,32,19.4,888.8,-88.8,-999.9,-88.8
748,-13,31.5,32,19.4,888.8,-88.8,-999.9,-88.8
749,-12.9,31.5,32,19.4,888.8,-88.8,-999.9,-88.8
750,-12.9,31.5,32,19.4,888.8,-88.8,-999.9,-88.8
751,-12.9,31.5,32,19.4,888.8,-88.8,-999.9,-88.8
752,-12.9,31.5,32.1,19.4,888.8,-88.8,-999.9,-88.8
753,-12.9,31.5,32.1,21.6,888.8,-88.8,-999.9,-88.8
754,-12.8,31.5,32.1,21.1,888.8,-88.8,-999.9,-88.8
755,-12.8,31.5,32.1,21.8,888.8,-88.8,-999.9,-88.8
756,-12.8,31.5,32.1,22.4,888.8,-88.8,-999.9,-88.8
757,-12.8,31.5,32.2,22.7,888.8,-88.8,-999.9,-88.8
758,-12.8,31.5,32.2,23.1,888.8,-88.8,-999.9,-88.8
759,-12.8,31.5,32.2,23.5,888.8,-88.8,-999.9,-88.8
800,-12.7,31.5,32.2,23.7,888.8,-88.8,-999.9,-88.8
801,-12.7,31.5,32.2,24,888.8,-88.8,-999.9,-88.8
802,-12.7,31.5,32.2,24.3,888.8,-88.8,-999.9,-88.8
803,-12.7,31.5,32.2,24.5,888.8,-88.8,-999.9,-88.8
804,-12.6,31.5,32.2,24.8,888.8,-88.8,-999.9,-88.8
805,-12.6,31.5,32.2,25,888.8,-88.8,-999.9,-88.8
806,-12.6,31.5,32.2,25.2,888.8,-88.8,-999.9,-88.8
807,-12.6,31.5,32.3,25.4,888.8,-88.8,-999.9,-88.8
808,-12.5,31.5,32.3,25.6,888.8,-88.8,-999.9,-88.8
809,-12.5,31.5,32.3,26.2,888.8,-88.8,-999.9,-88.8
810,-12.5,31.5,32.3,27.1,888.8,-88.8,-999.9,-88.8
811,-12.5,31.5,32.3,27.9,888.8,-88.8,-999.9,-88.8
812,-12.5,31.4,32.3,29.2,888.8,-88.8,-999.9,-88.8
813,-12.4,31.5,32.3,30.6,888.8,-88.8,-999.9,-88.8
814,-12.4,31.5,32.3,31.9,888.8,-88.8,-999.9,-88.8
815,-12.4,31.4,32.3,33.2,888.8,-88.8,-999.9,-88.8
816,-12.4,31.4,32.3,34.3,888.8,-88.8,-999.9,-88.8
817,-12.3,31.5,32.3,35.4,888.8,-88.8,-999.9,-88.8
818,-12.3,31.5,32.3,36.4,888.8,-88.8,-999.9,-88.8
819,-12.3,31.5,32.3,37.2,888.8,-88.8,-999.9,-88.8
820,-12.2,31.4,32.3,37.9,888.8,-88.8,-999.9,-88.8
821,-12.2,31.4,32.4,38.6,888.8,-88.8,-999.9,-88.8
822,-12.2,31.4,32.4,39.3,888.8,-88.8,-999.9,-88.8
823,-12.1,31.4,32.4,40,888.8,-88.8,-999.9,-88.8
824,-12.1,31.4,32.4,40.8,888.8,-88.8,-999.9,-88.8
825,-12.1,31.4,32.4,41.4,888.8,-88.8,-999.9,-88.8
826,-12,31.4,32.4,42,888.8,-88.8,-999.9,-88.8
827,-12,31.4,32.4,42.6,888.8,-88.8,-999.9,-88.8
828,-12,31.4,32.4,43.2,888.8,-88.8,-999.9,-88.8
829,-12,31.4,32.4,43.8,888.8,-88.8,-999.9,-88.8
830,-11.9,31.4,32.5,44.3,888.8,-88.8,-999.9,-88.8
831,-11.9,31.4,32.5,44.8,888.8,-88.8,-999.9,-88.8
832,-11.8,31.4,32.5,45.2,888.8,-88.8,-999.9,-88.8
833,-11.8,31.3,32.5,45.6,888.8,-88.8,-999.9,-88.8
834,-11.7,31.3,32.5,46,888.8,-88.8,-999.9,-88.8
835,-11.7,31.2,32.5,46.4,888.8,-88.8,-999.9,-88.8
836,-11.6,31,32.5,46.8,888.8,-88.8,-999.9,-88.8
837,-11.6,30.7,32.4,47,888.8,-88.8,-999.9,-88.8
838,-11.5,30.5,32.4,47.2,888.8,-88.8,-999.9,-88.8
839,-11.4,30.4,32.4,47.4,888.8,-88.8,-999.9,-88.8
840,-11.4,30.3,32.5,47.7,888.8,-88.8,-999.9,-88.8
841,-11.3,30.3,32.5,47.6,888.8,-88.8,-999.9,-88.8
842,-11.2,30.2,32.4,47.8,888.8,-88.8,-999.9,-88.8
843,-11.1,30.2,32.4,47.8,888.8,-88.8,-999.9,-88.8
844,-11.1,30.1,32.5,48.1,888.8,-88.8,-999.9,-88.8
845,-11,30,32.5,48.2,888.8,-88.8,-999.9,-88.8
846,-10.9,30,32.5,48.2,888.8,-88.8,-999.9,-88.8
847,-10.9,29.9,32.5,48.3,888.8,-88.8,-999.9,-88.8
848,-10.8,29.8,32.5,48.4,888.8,-88.8,-999.9,-88.8
849,-10.7,29.7,32.5,48.4,888.8,-88.8,-999.9,-88.8
850,-10.6,29.7,32.5,48.3,888.8,-88.8,-999.9,-88.8
851,-10.6,29.6,32.5,48,888.8,-88.8,-999.9,-88.8
852,-10.4,29.6,32.5,47.5,888.8,-88.8,-999.9,-88.8
853,-10.4,29.5,32.5,47,888.8,-88.8,-999.9,-88.8
854,-10.3,29.5,32.5,46.6,888.8,-88.8,-999.9,-88.8
855,-10.2,29.5,32.5,46.2,888.8,-88.8,-999.9,-88.8
856,-10.2,29.5,32.5,45.8,888.8,-88.8,-999.9,-88.8
857,-10.1,29.5,32.5,45.1,888.8,-88.8,-999.9,-88.8
858,-10,29.5,32.5,43.9,888.8,-88.8,-999.9,-88.8
859,-10,29.5,32.5,39.2,888.8,-88.8,-999.9,-88.8
900,-9.8,29.5,32.5,34,888.8,-88.8,-999.9,-88.8
901,-9.8,29.4,32.5,34,888.8,-88.8,-999.9,-88.8
902,-9.7,29.4,32.5,36.3,888.8,-88.8,-999.9,-88.8
903,-9.7,29.4,32.5,36.6,888.8,-88.8,-999.9,-88.8
904,-9.6,29.4,32.5,34.5,888.8,-88.8,-999.9,-88.8
905,-9.5,29.4,32.5,30.6,888.8,-88.8,-999.9,-88.8
906,-9.4,29.4,32.5,33.3,888.8,-88.8,-999.9,-88.8
907,-9.3,29.4,32.5,35.7,888.8,-88.8,-999.9,-88.8
908,-9.2,29.4,32.5,39.1,888.8,-88.8,-999.9,-88.8
909,-9.2,29.4,32.5,40.9,888.8,-88.8,-999.9,-88.8
910,-9,29.4,32.5,42,888.8,-88.8,-999.9,-88.8
911,-8.9,29.4,32.5,42.6,888.8,-88.8,-999.9,-88.8
912,-8.8,29.4,32.5,43,888.8,-88.8,-999.9,-88.8
913,-8.7,29.4,32.5,43.5,888.8,-88.8,-999.9,-88.8
914,-8.6,29.4,32.5,45,888.8,-88.8,-999.9,-88.8
915,-8.5,29.4,32.5,45.5,888.8,-88.8,-999.9,-88.8
916,-8.4,29.4,32.5,38.5,888.8,-88.8,-999.9,-88.8
917,-8.3,29.4,32.5,36.1,888.8,-88.8,-999.9,-88.8
918,-8.2,29.4,32.5,33.7,888.8,-88.8,-999.9,-88.8
919,-8,29.4,32.5,35.9,888.8,-88.8,-999.9,-88.8
920,-7.9,29.4,32.5,38.5,888.8,-88.8,-999.9,-88.8
921,-7.7,29.4,32.5,40.3,888.8,-88.8,-999.9,-88.8
922,-7.6,29.4,32.6,41.7,888.8,-88.8,-999.9,-88.8
923,-7.5,29.4,32.6,43,888.8,-88.8,-999.9,-88.8
924,-7.3,29.4,32.5,44,888.8,-88.8,-999.9,-88.8
925,-7.2,29.4,32.5,44.8,888.8,-88.8,-999.9,-88.8
926,-7,29.4,32.5,45.4,888.8,-88.8,-999.9,-88.8
927,-6.9,29.4,32.6,45.8,888.8,-88.8,-999.9,-88.8
928,-6.7,29.4,32.6,46.2,888.8,-88.8,-999.9,-88.8
929,-6.6,29.4,32.6,46.6,888.8,-88.8,-999.9,-88.8
930,-6.4,29.4,32.6,46.8,888.8,-88.8,-999.9,-88.8
931,-6.2,29.4,32.6,47.1,888.8,-88.8,-999.9,-88.8
932,-6.1,29.4,32.6,47.4,888.8,-88.8,-999.9,-88.8
933,-6,29.3,32.6,47.5,888.8,-88.8,-999.9,-88.8
934,-5.9,29.3,32.6,47.6,888.8,-88.8,-999.9,-88.8
935,-5.7,29.4,32.6,47.7,888.8,-88.8,-999.9,-88.8
936,-5.6,29.4,32.6,48,888.8,-88.8,-999.9,-88.8
937,-5.5,29.4,32.6,48.1,888.8,-88.8,-999.9,-88.8
938,-5.4,29.4,32.7,48.2,888.8,-88.8,-999.9,-88.8
939,-5.3,29.4,32.6,48.3,888.8,-88.8,-999.9,-88.8
940,-5.2,29.4,32.6,48.3,888.8,-88.8,-999.9,-88.8
941,-5,29.4,32.7,48.5,888.8,-88.8,-999.9,-88.8
942,-4.9,29.4,32.7,48.5,888.8,-88.8,-999.9,-88.8
943,-4.8,29.4,32.7,48.7,888.8,-88.8,-999.9,-88.8
944,-4.6,29.4,32.7,48.7,888.8,-88.8,-999.9,-88.8
945,-4.5,29.4,32.7,48.9,888.8,-88.8,-999.9,-88.8
946,-4.4,29.4,32.7,48.9,888.8,-88.8,-999.9,-88.8
947,-4.3,29.4,32.6,49,888.8,-88.8,-999.9,-88.8
948,-4.1,29.4,32.7,49.1,888.8,-88.8,-999.9,-88.8
949,-4,29.4,32.7,49.1,888.8,-88.8,-999.9,-88.8
950,-3.9,29.4,32.7,48.9,888.8,-88.8,-999.9,-88.8
951,-3.7,29.4,32.7,48.3,888.8,-88.8,-999.9,-88.8
952,-3.6,29.4,32.7,47.8,888.8,-88.8,-999.9,-88.8
953,-3.5,29.4,32.7,47.3,888.8,-88.8,-999.9,-88.8
954,-3.4,29.4,32.7,46.9,888.8,-88.8,-999.9,-88.8
955,-3.2,29.4,32.7,46.4,888.8,-88.8,-999.9,-88.8
956,-3.1,29.3,32.7,45.9,888.8,-88.8,-999.9,-88.8
957,-2.9,29.4,32.7,45.5,888.8,-88.8,-999.9,-88.8
958,-2.8,29.4,32.7,45.4,888.8,-88.8,-999.9,-88.8
959,-2.6,29.4,32.7,45.2,888.8,-88.8,-999.9,-88.8
1000,-2.4,29.4,32.7,45.4,888.8,-88.8,-999.9,-88.8
1001,-2.2,29.4,32.7,45.7,888.8,-88.8,-999.9,-88.8
1002,-2,29.4,32.7,46,888.8,-88.8,-999.9,-88.8
1003,-1.8,29.4,32.7,46.2,888.8,-88.8,-999.9,-88.8
1004,-1.5,29.4,32.7,46.6,888.8,-88.8,-999.9,-88.8
1005,-1.3,29.4,32.7,46.8,888.8,-88.8,-999.9,-88.8
1006,-1.1,29.4,32.7,47.1,888.8,-88.8,-999.9,-88.8
1007,-0.9,29.4,32.7,47.3,888.8,-88.8,-999.9,-88.8
1008,-0.7,29.4,32.7,47.6,888.8,-88.8,-999.9,-88.8
1009,-0.5,29.4,32.7,47.8,888.8,-88.8,-999.9,-88.8
1010,-0.3,29.4,32.7,48,888.8,-88.8,-999.9,-88.8
1011,0,29.4,32.7,48.1,888.8,-88.8,-999.9,-88.8
1012,0.1,29.4,32.7,48.3,888.8,-88.8,-999.9,-88.8
1013,0.4,29.4,32.7,48.4,888.8,-88.8,-999.9,-88.8
1014,0.7,29.4,32.7,48.5,888.8,-88.8,-999.9,-88.8
1015,1.1,29.4,32.8,48.7,888.8,-88.8,-999.9,-88.8
1016,1.4,29.4,32.8,48.5,888.8,-88.8,-999.9,-88.8
1017,1.7,29.4,32.7,48.5,888.8,-88.8,-999.9,-88.8
1018,2.1,29.4,32.8,48.5,888.8,-88.8,-999.9,-88.8
1019,2.5,29.4,32.8,48,888.8,-88.8,-999.9,-88.8
1020,3,29.4,32.8,47.5,888.8,-88.8,-999.9,-88.8
1021,3.4,29.4,32.8,47,888.8,-88.8,-999.9,-88.8
1022,3.9,29.4,32.8,46.7,888.8,-88.8,-999.9,-88.8
1023,4.3,29.4,32.8,46.4,888.8,-88.8,-999.9,-88.8
1024,4.8,29.4,32.8,45.8,888.8,-88.8,-999.9,-88.8
1025,5.2,29.4,32.8,45.3,888.8,-88.8,-999.9,-88.8
1026,5.6,29.4,32.8,45.1,888.8,-88.8,-999.9,-88.8
1027,5.9,29.4,32.8,44.8,888.8,-88.8,-999.9,-88.8
1028,6.2,29.4,32.8,44.2,888.8,-88.8,-999.9,-88.8
1029,6.5,29.4,32.8,44.1,888.8,-88.8,-999.9,-88.8
1030,6.8,29.4,32.8,44.2,888.8,-88.8,-999.9,-88.8
1031,7.1,29.4,32.8,44.5,888.8,-88.8,-999.9,-88.8
1032,7.5,29.4,32.8,44.8,888.8,-88.8,-999.9,-88.8
1033,7.9,29.4,32.8,45,888.8,-88.8,-999.9,-88.8
1034,8.3,29.4,32.9,45.2,888.8,-88.8,-999.9,-88.8
1035,8.7,29.4,32.8,45.4,888.8,-88.8,-999.9,-88.8
1036,9,29.4,32.8,45.2,888.8,-88.8,-999.9,-88.8
1037,9.4,29.4,32.9,45.1,888.8,-88.8,-999.9,-88.8
1038,9.9,29.4,32.8,45.1,888.8,-88.8,-999.9,-88.8
1039,10.3,29.4,32.9,45.2,888.8,-88.8,-999.9,-88.8
1040,10.7,29.4,32.9,45.3,888.8,-88.8,-999.9,-88.8
1041,11.1,29.4,32.9,45.5,888.8,-88.8,-999.9,-88.8
1042,11.4,29.4,32.9,45.6,888.8,-88.8,-999.9,-88.8
1043,11.7,29.4,32.9,45.7,888.8,-88.8,-999.9,-88.8
1044,12.1,29.4,32.9,45.5,888.8,-88.8,-999.9,-88.8
1045,12.2,29.4,32.9,45.6,888.8,-88.8,-999.9,-88.8
1046,12.4,29.5,32.9,45.9,888.8,-88.8,-999.9,-88.8
1047,12.6,29.4,32.9,46,888.8,-88.8,-999.9,-88.8
1048,12.9,29.5,32.9,46.2,888.8,-88.8,-999.9,-88.8
1049,13,29.5,32.9,46.4,888.8,-88.8,-999.9,-88.8
1050,13.2,29.4,33,46.5,888.8,-88.8,-999.9,-88.8
1051,13.4,29.5,32.9,46,888.8,-88.8,-999.9,-88.8
1052,13.6,29.5,32.9,45.8,888.8,-88.8,-999.9,-88.8
1053,13.7,29.4,33,45.8,888.8,-88.8,-999.9,-88.8
1054,13.9,29.4,33,45.9,888.8,-88.8,-999.9,-88.8
1055,14,29.5,33,46,888.8,-88.8,-999.9,-88.8
1056,14.1,29.5,32.9,46.1,888.8,-88.8,-999.9,-88.8
1057,14.2,29.5,33,46.3,888.8,-88.8,-999.9,-88.8
1058,14.2,29.5,33,46.4,888.8,-88.8,-999.9,-88.8
1059,14.2,29.5,33,46.5,888.8,-88.8,-999.9,-88.8
1100,14.2,29.5,33,46.5,888.8,-88.8,-999.9,-88.8
1101,14.2,29.5,33,46.5,888.8,-88.8,-999.9,-88.8
1102,14.2,29.5,33,46.1,888.8,-88.8,-999.9,-88.8
1103,14.2,29.5,33,46.3,888.8,-88.8,-999.9,-88.8
1104,14.1,29.5,33,47,888.8,-88.8,-999.9,-88.8
1105,14.1,29.5,33,46.8,888.8,-88.8,-999.9,-88.8
1106,14.1,29.5,33,45.9,888.8,-88.8,-999.9,-88.8
1107,14.2,29.5,33,46.2,888.8,-88.8,-999.9,-88.8
1108,14.1,29.5,33,46,888.8,-88.8,-999.9,-88.8
1109,14.2,29.5,33,45.5,888.8,-88.8,-999.9,-88.8
1110,14.2,29.4,33,45.2,888.8,-88.8,-999.9,-88.8
1111,14.2,29.4,33.1,44.7,888.8,-88.8,-999.9,-88.8
1112,14.4,29.5,33,44.3,888.8,-88.8,-999.9,-88.8
1113,14.5,29.4,33.1,43.9,888.8,-88.8,-999.9,-88.8
1114,14.6,29.5,33.1,43.6,888.8,-88.8,-999.9,-88.8
1115,14.8,29.5,33.1,43.1,888.8,-88.8,-999.9,-88.8
1116,15,29.5,33.1,42.8,888.8,-88.8,-999.9,-88.8
1117,15.2,29.5,33.1,42.9,888.8,-88.8,-999.9,-88.8
1118,15.3,29.5,33.1,43.5,888.8,-88.8,-999.9,-88.8
1119,15.5,29.5,33.1,43.2,888.8,-88.8,-999.9,-88.8
1120,15.7,29.5,33.1,42.7,888.8,-88.8,-999.9,-88.8
1121,15.9,29.5,33.1,42.6,888.8,-88.8,-999.9,-88.8
1122,16.4,29.5,33.1,42.7,888.8,-88.8,-999.9,-88.8
1123,17.2,29.5,33.2,42.7,888.8,-88.8,-999.9,-88.8
1124,18.3,29.5,33.2,42.4,888.8,-88.8,-999.9,-88.8
1125,20.2,29.5,33.2,42,888.8,-88.8,-999.9,-88.8
1126,23.7,29.5,33.2,41.6,888.8,-88.8,-999.9,-88.8
1127,29.2,29.5,33.2,41.3,888.8,-88.8,-999.9,-88.8
1128,35.2,29.5,33.1,41.4,888.8,-88.8,-999.9,-88.8
1129,39.9,29.5,33.2,41.9,888.8,-88.8,-999.9,-88.8
1130,41.8,29.5,33.2,42.6,888.8,-88.8,-999.9,-88.8
1131,43,29.5,33.2,43.3,888.8,-88.8,-999.9,-88.8
1132,42.5,29.5,33.2,44.2,888.8,-88.8,-999.9,-88.8
1133,41.4,29.5,33.2,45,888.8,-88.8,-999.9,-88.8
1134,40,29.5,33.2,45.5,888.8,-88.8,-999.9,-88.8
1135,38.5,29.5,33.2,46,888.8,-88.8,-999.9,-88.8
1136,37.3,29.5,33.2,46.2,888.8,-88.8,-999.9,-88.8
1137,36.3,29.6,33.3,46.4,888.8,-88.8,-999.9,-88.8
1138,35.8,29.6,33.3,46.9,888.8,-88.8,-999.9,-88.8
1139,36.2,29.5,33.4,47.2,888.8,-88.8,-999.9,-88.8
1140,35.9,29.5,33.5,47.3,888.8,-88.8,-999.9,-88.8
1141,35.5,29.5,33.5,47.2,888.8,-88.8,-999.9,-88.8
1142,35.4,29.5,33.5,47,888.8,-88.8,-999.9,-88.8
1143,36.5,29.5,33.6,46.5,888.8,-88.8,-999.9,-88.8
1144,38.4,29.6,33.6,45.8,888.8,-88.8,-999.9,-88.8
1145,40.8,29.6,33.6,45.2,888.8,-88.8,-999.9,-88.8
1146,43.1,29.6,33.7,44.6,888.8,-88.8,-999.9,-88.8
1147,44.6,29.6,33.7,44.1,888.8,-88.8,-999.9,-88.8
1148,45.5,29.6,33.7,44,888.8,-88.8,-999.9,-88.8
1149,45.1,29.6,33.8,43.9,888.8,-88.8,-999.9,-88.8
1150,42.9,29.6,33.9,43.8,888.8,-88.8,-999.9,-88.8
1151,40.1,29.6,34,43.7,888.8,-88.8,-999.9,-88.8
1152,37.3,29.6,34.1,43.8,888.8,-88.8,-999.9,-88.8
1153,35.7,29.6,34.2,44,888.8,-88.8,-999.9,-88.8
1154,34.9,29.7,34.3,44.1,888.8,-88.8,-999.9,-88.8
1155,33.7,29.7,34.4,44.1,888.8,-88.8,-999.9,-88.8
1156,32.4,29.7,34.5,43.9,888.8,-88.8,-999.9,-88.8
1157,31.8,29.7,34.5,43.5,888.8,-88.8,-999.9,-88.8
1158,31.5,29.7,34.5,43.2,888.8,-88.8,-999.9,-88.8
1159,31.2,29.7,34.5,42.9,888.8,-88.8,-999.9,-88.8
1200,31,29.7,34.6,42.7,888.8,-88.8,-999.9,-88.8
1201,30.8,29.7,34.6,42.5,888.8,-88.8,-999.9,-88.8
1202,30.7,29.7,34.6,42.5,888.8,-88.8,-999.9,-88.8
1203,30.7,29.7,34.6,41.4,888.8,-88.8,-999.9,-88.8
1204,30.7,29.7,34.7,41.6,888.8,-88.8,-999.9,-88.8
1205,30.7,29.7,34.6,42.3,888.8,-88.8,-999.9,-88.8
1206,30.8,29.7,34.7,43.3,888.8,-88.8,-999.9,-88.8
1207,30.9,29.7,34.7,44.2,888.8,-88.8,-999.9,-88.8
1208,31,29.7,34.7,45.3,888.8,-88.8,-999.9,-88.8
1209,31.2,29.7,34.7,45.8,888.8,-88.8,-999.9,-88.8
1210,31.2,29.7,34.7,46.3,888.8,-88.8,-999.9,-88.8
1211,31.3,29.7,34.7,46.6,888.8,-88.8,-999.9,-88.8
1212,31.3,29.6,34.7,47,888.8,-88.8,-999.9,-88.8
1213,31.2,29.6,34.7,47.3,888.8,-88.8,-999.9,-88.8
1214,31.2,29.6,34.7,47,888.8,-88.8,-999.9,-88.8
1215,31.2,29.6,34.7,46.6,888.8,-88.8,-999.9,-88.8
1216,31.1,29.6,34.7,45.9,888.8,-88.8,-999.9,-88.8
1217,31.1,29.5,34.7,45.5,888.8,-88.8,-999.9,-88.8
1218,31,29.5,34.7,44.7,888.8,-88.8,-999.9,-88.8
1219,30.9,29.5,34.7,44,888.8,-88.8,-999.9,-88.8
1220,30.8,29.5,34.7,43.3,888.8,-88.8,-999.9,-88.8
1221,30.8,29.5,34.7,42.1,888.8,-88.8,-999.9,-88.8
1222,30.8,29.5,34.7,38.7,888.8,-88.8,-999.9,-88.8
1223,30.7,29.5,34.7,38.3,888.8,-88.8,-999.9,-88.8
1224,30.7,29.5,34.7,39.1,888.8,-88.8,-999.9,-88.8
1225,30.6,29.5,34.8,40.4,888.8,-88.8,-999.9,-88.8
1226,30.6,29.5,34.7,42.1,888.8,-88.8,-999.9,-88.8
1227,30.6,29.5,34.8,43.5,888.8,-88.8,-999.9,-88.8
1228,30.6,29.5,34.8,44.2,888.8,-88.8,-999.9,-88.8
1229,30.6,29.5,34.8,44.4,888.8,-88.8,-999.9,-88.8
1230,30.5,29.5,34.8,43.4,888.8,-88.8,-999.9,-88.8
1231,30.5,29.5,34.8,42.2,888.8,-88.8,-999.9,-88.8
1232,30.5,29.5,34.8,42.2,888.8,-88.8,-999.9,-88.8
1233,30.4,29.5,34.8,42.5,888.8,-88.8,-999.9,-88.8
1234,30.4,29.5,34.8,42.9,888.8,-88.8,-999.9,-88.8
1235,30.3,29.5,34.8,43.2,888.8,-88.8,-999.9,-88.8
1236,30.2,29.5,34.9,42.6,888.8,-88.8,-999.9,-88.8
1237,30.2,29.5,34.8,42.2,888.8,-88.8,-999.9,-88.8
1238,30,29.5,34.9,42.4,888.8,-88.8,-999.9,-88.8
1239,29.9,29.5,34.9,42.8,888.8,-88.8,-999.9,-88.8
1240,29.8,29.5,34.9,43.3,888.8,-88.8,-999.9,-88.8
1241,29.6,29.5,34.9,43.6,888.8,-88.8,-999.9,-88.8
1242,29.5,29.5,34.9,44,888.8,-88.8,-999.9,-88.8
1243,29.3,29.5,34.9,44.2,888.8,-88.8,-999.9,-88.8
1244,29.2,29.5,34.9,44.8,888.8,-88.8,-999.9,-88.8
1245,29,29.4,34.9,45.1,888.8,-88.8,-999.9,-88.8
1246,28.8,29.3,34.9,45.3,888.8,-88.8,-999.9,-88.8
1247,28.6,29.2,34.8,45.4,888.8,-88.8,-999.9,-88.8
1248,28.4,29,34.8,45.5,888.8,-88.8,-999.9,-88.8
1249,28.2,28.9,34.8,45.6,888.8,-88.8,-999.9,-88.8
1250,27.9,28.7,34.8,45.7,888.8,-88.8,-999.9,-88.8
1251,27.7,28.7,34.8,46,888.8,-88.8,-999.9,-88.8
1252,27.4,28.6,34.8,46.3,888.8,-88.8,-999.9,-88.8
1253,27.2,28.6,34.7,46.2,888.8,-88.8,-999.9,-88.8
1254,26.9,28.5,34.7,46.6,888.8,-88.8,-999.9,-88.8
1255,26.7,28.3,34.7,46.7,888.8,-88.8,-999.9,-88.8
1256,26.4,28.1,34.7,46.8,888.8,-88.8,-999.9,-88.8
1257,26.2,27.7,34.5,46.9,888.8,-88.8,-999.9,-88.8
1258,26,27.4,34.4,47,888.8,-88.8,-999.9,-88.8
1259,25.8,27,34.2,47.1,888.8,-88.8,-999.9,-88.8
1300,25.6,26.6,33.9,47.1,888.8,-88.8,-999.9,-88.8
1301,25.4,26.2,33.7,47.3,888.8,-88.8,-999.9,-88.8
1302,25.3,25.9,33.5,47.4,888.8,-88.8,-999.9,-88.8
1303,25.1,25.6,33.2,47.5,888.8,-88.8,-999.9,-88.8
1304,25.1,25.3,33,47.5,888.8,-88.8,-999.9,-88.8
1305,25.1,25,32.8,47.5,888.8,-88.8,-999.9,-88.8
1306,25,24.6,32.5,47.5,888.8,-88.8,-999.9,-88.8
1307,25,24.3,32.3,47.6,888.8,-88.8,-999.9,-88.8
1308,25,24,32.1,47.7,888.8,-88.8,-999.9,-88.8
1309,25,23.7,31.9,47.8,888.8,-88.8,-999.9,-88.8
1310,25.1,23.4,31.6,48,888.8,-88.8,-999.9,-88.8
1311,25.3,23.1,31.4,48.1,888.8,-88.8,-999.9,-88.8
1312,25.5,22.8,31.2,48,888.8,-88.8,-999.9,-88.8
1313,25.7,22.6,30.9,48,888.8,-88.8,-999.9,-88.8
1314,26,22.4,30.7,47.9,888.8,-88.8,-999.9,-88.8
1315,26.4,22.2,30.6,47.9,888.8,-88.8,-999.9,-88.8
1316,26.8,22.1,30.5,47.8,888.8,-88.8,-999.9,-88.8
1317,27.5,22,30.4,47.7,888.8,-88.8,-999.9,-88.8
1318,28.2,21.9,30.4,47.6,888.8,-88.8,-999.9,-88.8
1319,29,21.9,30.3,47.5,888.8,-88.8,-999.9,-88.8
1320,30.7,21.9,30.3,47.4,888.8,-88.8,-999.9,-88.8
1321,33,21.8,30.3,47.3,888.8,-88.8,-999.9,-88.8
1322,33.3,21.8,30.3,47.4,888.8,-88.8,-999.9,-88.8
1323,32.9,21.8,30.3,47.8,888.8,-88.8,-999.9,-88.8
1324,34.9,21.8,30.3,47.9,888.8,-88.8,-999.9,-88.8
1325,38.1,21.8,30.3,47.9,888.8,-88.8,-999.9,-88.8
1326,40.5,21.8,30.3,48,888.8,-88.8,-999.9,-88.8
1327,42.2,21.8,30.3,48,888.8,-88.8,-999.9,-88.8
1328,43.5,21.8,30.3,48,888.8,-88.8,-999.9,-88.8
1329,43.2,21.8,30.3,48.1,888.8,-88.8,-999.9,-88.8
1330,40.7,21.8,30.5,48,888.8,-88.8,-999.9,-88.8
1331,38.7,21.8,30.5,48.1,888.8,-88.8,-999.9,-88.8
1332,37.6,21.8,30.7,48,888.8,-88.8,-999.9,-88.8
1333,36.7,21.8,30.8,48.1,888.8,-88.8,-999.9,-88.8
1334,37,21.8,30.9,48.1,888.8,-88.8,-999.9,-88.8
1335,38.1,21.8,31.1,48.1,888.8,-88.8,-999.9,-88.8
1336,38.2,21.8,31.2,48.2,888.8,-88.8,-999.9,-88.8
1337,37.5,21.9,31.3,48.2,888.8,-88.8,-999.9,-88.8
1338,36.7,21.9,31.4,48.5,888.8,-88.8,-999.9,-88.8
1339,36,21.9,31.5,48.5,888.8,-88.8,-999.9,-88.8
1340,35.6,21.9,31.5,48.7,888.8,-88.8,-999.9,-88.8
1341,35.6,21.9,31.7,39,888.8,-88.8,-999.9,-88.8
1342,35.4,21.9,31.7,40.8,888.8,-88.8,-999.9,-88.8
1343,36.4,21.9,31.8,44.2,888.8,-88.8,-999.9,-88.8
1344,35,22,31.8,45.9,888.8,-88.8,-999.9,-88.8
1345,34.5,22,31.9,46.9,888.8,-88.8,-999.9,-88.8
1346,36.7,22,31.9,47.6,888.8,-88.8,-999.9,-88.8
1347,40.9,22,31.9,48.2,888.8,-88.8,-999.9,-88.8
1348,43.3,22.1,31.9,48.5,888.8,-88.8,-999.9,-88.8
1349,44.6,22.1,32,48.2,888.8,-88.8,-999.9,-88.8
1350,44.9,22.1,32,47.3,888.8,-88.8,-999.9,-88.8
1351,43.1,22.1,32.1,46.8,888.8,-88.8,-999.9,-88.8
1352,40.4,22.1,32.2,46.3,888.8,-88.8,-999.9,-88.8
1353,38.3,22.1,32.3,45.8,888.8,-88.8,-999.9,-88.8
1354,36.8,22.1,32.5,45.2,888.8,-88.8,-999.9,-88.8
1355,35.7,22.2,32.7,44.7,888.8,-88.8,-999.9,-88.8
1356,35.1,22.2,32.8,44.4,888.8,-88.8,-999.9,-88.8
1357,35.9,22.2,32.8,37.9,888.8,-88.8,-999.9,-88.8
1358,35,22.2,32.9,38.9,888.8,-88.8,-999.9,-88.8
1359,33.7,22.2,33,40.8,888.8,-88.8,-999.9,-88.8
1400,34.5,22.3,33,41.6,888.8,-88.8,-999.9,-88.8
1401,37.9,22.3,33,42.2,888.8,-88.8,-999.9,-88.8
1402,42.5,22.3,33,42.5,888.8,-88.8,-999.9,-88.8
1403,45.6,22.3,33,43,888.8,-88.8,-999.9,-88.8
1404,47.8,22.3,33.1,43.5,888.8,-88.8,-999.9,-88.8
1405,47.4,22.4,33.1,44.1,888.8,-88.8,-999.9,-88.8
1406,42.9,22.4,33.3,44.8,888.8,-88.8,-999.9,-88.8
1407,39.2,22.4,33.4,44.8,888.8,-88.8,-999.9,-88.8
1408,36.8,22.4,33.6,44.8,888.8,-88.8,-999.9,-88.8
1409,35.7,22.5,33.7,44.6,888.8,-88.8,-999.9,-88.8
1410,35.6,22.5,33.9,44.1,888.8,-88.8,-999.9,-88.8
1411,35.6,22.5,34,43.2,888.8,-88.8,-999.9,-88.8
1412,34.2,22.6,34,39.2,888.8,-88.8,-999.9,-88.8
1413,33.8,22.6,34.1,40.3,888.8,-88.8,-999.9,-88.8
1414,35.4,22.6,34.1,41.7,888.8,-88.8,-999.9,-88.8
1415,38.6,22.6,34.1,41.1,888.8,-88.8,-999.9,-88.8
1416,42.1,22.6,34.2,39.5,888.8,-88.8,-999.9,-88.8
1417,43.7,22.6,34.2,38.8,888.8,-88.8,-999.9,-88.8
1418,44.1,22.6,34.2,38.4,888.8,-88.8,-999.9,-88.8
1419,44.1,22.7,34.2,38.3,888.8,-88.8,-999.9,-88.8
1420,43.4,22.7,34.3,38.8,888.8,-88.8,-999.9,-88.8
1421,41.9,22.7,34.4,39.4,888.8,-88.8,-999.9,-88.8
1422,39.9,22.7,34.5,39.6,888.8,-88.8,-999.9,-88.8
1423,37.5,22.8,34.5,39.9,888.8,-88.8,-999.9,-88.8
1424,36.1,22.8,34.6,40.4,888.8,-88.8,-999.9,-88.8
1425,35.6,22.8,34.7,40.8,888.8,-88.8,-999.9,-88.8
1426,33.4,22.9,34.8,40,888.8,-88.8,-999.9,-88.8
1427,31.1,22.9,34.8,40.3,888.8,-88.8,-999.9,-88.8
1428,29.7,22.9,34.9,41.2,888.8,-88.8,-999.9,-88.8
1429,29.5,22.9,34.9,42.1,888.8,-88.8,-999.9,-88.8
1430,30.4,22.9,34.9,42.8,888.8,-88.8,-999.9,-88.8
1431,32,22.9,34.9,43.5,888.8,-88.8,-999.9,-88.8
1432,33.9,22.9,34.9,43.1,888.8,-88.8,-999.9,-88.8
1433,35.8,22.9,34.9,42.3,888.8,-88.8,-999.9,-88.8
1434,37.9,23,34.9,42.3,888.8,-88.8,-999.9,-88.8
1435,39.5,23,34.9,42.5,888.8,-88.8,-999.9,-88.8
1436,40.3,23,34.9,42.6,888.8,-88.8,-999.9,-88.8
1437,40.3,23,34.9,42.1,888.8,-88.8,-999.9,-88.8
1438,39.7,23,34.9,42,888.8,-88.8,-999.9,-88.8
1439,39.4,23,34.9,42.3,888.8,-88.8,-999.9,-88.8
1440,39.3,23,34.9,42.5,888.8,-88.8,-999.9,-88.8
1441,38.9,23,34.9,42.8,888.8,-88.8,-999.9,-88.8
1442,38.3,23,34.9,43.1,888.8,-88.8,-999.9,-88.8
1443,37.9,23,35,43.5,888.8,-88.8,-999.9,-88.8
1444,38.5,23,34.9,43.9,888.8,-88.8,-999.9,-88.8
1445,39.5,23,35,44.2,888.8,-88.8,-999.9,-88.8
1446,40.6,23,35,44.3,888.8,-88.8,-999.9,-88.8
1447,41.1,23,35,44.5,888.8,-88.8,-999.9,-88.8
1448,40.6,23,35,44.5,888.8,-88.8,-999.9,-88.8
1449,39.7,23,35,44.6,888.8,-88.8,-999.9,-88.8
1450,38.8,23,35,44.6,888.8,-88.8,-999.9,-88.8
1451,38,23,35.1,44.7,888.8,-88.8,-999.9,-88.8
1452,37.3,23,35.2,44.7,888.8,-88.8,-999.9,-88.8
1453,35.4,23.1,35.2,44.8,888.8,-88.8,-999.9,-88.8
1454,32.9,23.1,35.2,44.8,888.8,-88.8,-999.9,-88.8
1455,31,23.1,35.2,44.8,888.8,-88.8,-999.9,-88.8
1456,30.3,23.1,35.3,45.1,888.8,-88.8,-999.9,-88.8
1457,30.7,23.1,35.3,45.2,888.8,-88.8,-999.9,-88.8
1458,31.8,23.1,35.3,45.2,888.8,-88.8,-999.9,-88.8
1459,33.4,23.1,35.3,45.1,888.8,-88.8,-999.9,-88.8
1500,34.9,23.1,35.3,44.1,888.8,-88.8,-999.9,-88.8
1501,36.7,23.2,35.3,43.8,888.8,-88.8,-999.9,-88.8
1502,38.4,23.2,35.3,43.3,888.8,-88.8,-999.9,-88.8
1503,39.6,23.1,35.3,43.2,888.8,-88.8,-999.9,-88.8
1504,40.3,23.1,35.3,43.6,888.8,-88.8,-999.9,-88.8
1505,40.1,23.1,35.3,43.9,888.8,-88.8,-999.9,-88.8
1506,39.6,23.2,35.3,44.1,888.8,-88.8,-999.9,-88.8
1507,39.2,23.2,35.3,44,888.8,-88.8,-999.9,-88.8
1508,38.6,23.2,35.4,44,888.8,-88.8,-999.9,-88.8
1509,37.9,23.2,35.4,44.1,888.8,-88.8,-999.9,-88.8
1510,36.6,23.2,35.3,44.2,888.8,-88.8,-999.9,-88.8
1511,36.6,23.1,35.4,44.7,888.8,-88.8,-999.9,-88.8
1512,37.2,23.1,35.3,45,888.8,-88.8,-999.9,-88.8
1513,38.1,23.1,35.3,45.3,888.8,-88.8,-999.9,-88.8
1514,39.1,23.1,35.4,44.2,888.8,-88.8,-999.9,-88.8
1515,39.7,23.1,35.4,43.8,888.8,-88.8,-999.9,-88.8
1516,39.7,23.1,35.4,43.6,888.8,-88.8,-999.9,-88.8
1517,39.4,23,35.4,43.8,888.8,-88.8,-999.9,-88.8
1518,39.2,23,35.4,44.1,888.8,-88.8,-999.9,-88.8
1519,38.9,23,35.3,44.8,888.8,-88.8,-999.9,-88.8
1520,38.8,23,35.4,45.2,888.8,-88.8,-999.9,-88.8
1521,38.8,23,35.4,45.4,888.8,-88.8,-999.9,-88.8
1522,38.8,23,35.4,44.3,888.8,-88.8,-999.9,-88.8
1523,38.8,22.9,35.4,43.4,888.8,-88.8,-999.9,-88.8
1524,38.8,23,35.4,43.1,888.8,-88.8,-999.9,-88.8
1525,38.2,23,35.4,43,888.8,-88.8,-999.9,-88.8
1526,37.5,23,35.4,42.9,888.8,-88.8,-999.9,-88.8
1527,35.9,23,35.4,43.1,888.8,-88.8,-999.9,-88.8
1528,35.6,22.9,35.4,43.5,888.8,-88.8,-999.9,-88.8
1529,35.9,23,35.4,44.1,888.8,-88.8,-999.9,-88.8
1530,36.4,23,35.4,44.6,888.8,-88.8,-999.9,-88.8
1531,37.1,23,35.4,43.5,888.8,-88.8,-999.9,-88.8
1532,37.6,23,35.4,42.5,888.8,-88.8,-999.9,-88.8
1533,37.7,23,35.4,42.1,888.8,-88.8,-999.9,-88.8
1534,37.7,23,35.4,41.9,888.8,-88.8,-999.9,-88.8
1535,37.4,23,35.4,41.8,888.8,-88.8,-999.9,-88.8
1536,37.1,23,35.4,41.8,888.8,-88.8,-999.9,-88.8
1537,36.8,23,35.4,41.7,888.8,-88.8,-999.9,-88.8
1538,36.6,23,35.4,42.2,888.8,-88.8,-999.9,-88.8
1539,36.5,23,35.4,42.9,888.8,-88.8,-999.9,-88.8
1540,36.3,23,35.4,43.4,888.8,-88.8,-999.9,-88.8
1541,36.2,23,35.4,43.6,888.8,-88.8,-999.9,-88.8
1542,35.6,23,35.4,43.9,888.8,-88.8,-999.9,-88.8
1543,34.9,23,35.4,43.9,888.8,-88.8,-999.9,-88.8
1544,33.4,23,35.4,42.8,888.8,-88.8,-999.9,-88.8
1545,32.8,23,35.4,40.7,888.8,-88.8,-999.9,-88.8
1546,32.5,23,35.4,40,888.8,-88.8,-999.9,-88.8
1547,32.5,23,35.4,40.2,888.8,-88.8,-999.9,-88.8
1548,32.6,23,35.4,40.7,888.8,-88.8,-999.9,-88.8
1549,32.8,23,35.4,41.4,888.8,-88.8,-999.9,-88.8
1550,33,23,35.4,41.8,888.8,-88.8,-999.9,-88.8
1551,33.2,23,35.4,42,888.8,-88.8,-999.9,-88.8
1552,33.3,23,35.4,42.2,888.8,-88.8,-999.9,-88.8
1553,33.5,23,35.4,42.5,888.8,-88.8,-999.9,-88.8
1554,33.6,23,35.4,42.9,888.8,-88.8,-999.9,-88.8
1555,33.7,23,35.5,43.2,888.8,-88.8,-999.9,-88.8
1556,33.7,23,35.4,43.6,888.8,-88.8,-999.9,-88.8
1557,33.8,23,35.4,43.9,888.8,-88.8,-999.9,-88.8
1558,33.7,23,35.5,44.2,888.8,-88.8,-999.9,-88.8
1559,33.2,23.1,35.4,44.7,888.8,-88.8,-999.9,-88.8
1600,32.5,23.1,35.4,44.9,888.8,-88.8,-999.9,-88.8
1601,31.2,23.1,35.4,45.1,888.8,-88.8,-999.9,-88.8
1602,30.8,23,35.4,44.6,888.8,-88.8,-999.9,-88.8
1603,30.8,23,35.5,43.5,888.8,-88.8,-999.9,-88.8
1604,31,23.1,35.5,43,888.8,-88.8,-999.9,-88.8
1605,31.3,23.1,35.4,43.2,888.8,-88.8,-999.9,-88.8
1606,31.7,23.1,35.4,43.7,888.8,-88.8,-999.9,-88.8
1607,32.1,23.1,35.5,44.2,888.8,-88.8,-999.9,-88.8
1608,32.4,23.1,35.5,44.4,888.8,-88.8,-999.9,-88.8
1609,32.7,23.1,35.5,44.2,888.8,-88.8,-999.9,-88.8
1610,32.8,23.1,35.5,43.8,888.8,-88.8,-999.9,-88.8
1611,32.8,23.1,35.5,43.6,888.8,-88.8,-999.9,-88.8
1612,32.8,23.1,35.5,43.3,888.8,-88.8,-999.9,-88.8
1613,32.7,23.1,35.5,43.2,888.8,-88.8,-999.9,-88.8
1614,32.6,23.1,35.5,43.4,888.8,-88.8,-999.9,-88.8
1615,32.5,23.1,35.5,43.4,888.8,-88.8,-999.9,-88.8
1616,32,23.1,35.5,43.6,888.8,-88.8,-999.9,-88.8
1617,31.4,23.1,35.5,43.7,888.8,-88.8,-999.9,-88.8
1618,30.2,23.1,35.5,43.8,888.8,-88.8,-999.9,-88.8
1619,29.9,23.1,35.5,43.9,888.8,-88.8,-999.9,-88.8
1620,30,23,35.5,43.5,888.8,-88.8,-999.9,-88.8
1621,30.4,23,35.5,43.3,888.8,-88.8,-999.9,-88.8
1622,30.9,23,35.4,43.4,888.8,-88.8,-999.9,-88.8
1623,31.3,22.9,35.4,43.4,888.8,-88.8,-999.9,-88.8
1624,31.8,22.9,35.4,43.3,888.8,-88.8,-999.9,-88.8
1625,32.1,22.9,35.4,43.8,888.8,-88.8,-999.9,-88.8
1626,32.4,22.8,35.4,43.7,888.8,-88.8,-999.9,-88.8
1627,32.5,22.8,35.4,43.8,888.8,-88.8,-999.9,-88.8
1628,32.5,22.8,35.4,44.2,888.8,-88.8,-999.9,-88.8
1629,32.5,22.7,35.4,44.4,888.8,-88.8,-999.9,-88.8
1630,32.4,22.7,35.4,44.6,888.8,-88.8,-999.9,-88.8
1631,32.3,22.7,35.4,43.6,888.8,-88.8,-999.9,-88.8
1632,32.2,22.7,35.4,43,888.8,-88.8,-999.9,-88.8
1633,31.7,22.7,35.4,43.2,888.8,-88.8,-999.9,-88.8
1634,31.1,22.7,35.4,43.6,888.8,-88.8,-999.9,-88.8
1635,29.8,22.7,35.4,44.3,888.8,-88.8,-999.9,-88.8
1636,29.5,22.7,35.3,44.6,888.8,-88.8,-999.9,-88.8
1637,29.7,22.7,35.4,45.4,888.8,-88.8,-999.9,-88.8
1638,30.1,22.7,35.4,44,888.8,-88.8,-999.9,-88.8
1639,30.6,22.7,35.4,42.9,888.8,-88.8,-999.9,-88.8
1640,31.1,22.7,35.4,42.5,888.8,-88.8,-999.9,-88.8
1641,31.5,22.7,35.4,42.1,888.8,-88.8,-999.9,-88.8
1642,31.9,22.7,35.4,41.9,888.8,-88.8,-999.9,-88.8
1643,32.1,22.7,35.4,42.4,888.8,-88.8,-999.9,-88.8
1644,32.2,22.6,35.4,42.7,888.8,-88.8,-999.9,-88.8
1645,32.3,22.6,35.4,42,888.8,-88.8,-999.9,-88.8
1646,32.2,22.7,35.4,41.4,888.8,-88.8,-999.9,-88.8
1647,32.1,22.7,35.4,41.1,888.8,-88.8,-999.9,-88.8
1648,32,22.7,35.4,40.8,888.8,-88.8,-999.9,-88.8
1649,31.9,22.7,35.4,40.6,888.8,-88.8,-999.9,-88.8
1650,31.3,22.7,35.3,40.4,888.8,-88.8,-999.9,-88.8
1651,30.7,22.7,35.4,40.2,888.8,-88.8,-999.9,-88.8
1652,29.4,22.7,35.4,39.9,888.8,-88.8,-999.9,-88.8
1653,29,22.7,35.4,39.9,888.8,-88.8,-999.9,-88.8
1654,29.2,22.7,35.4,40.8,888.8,-88.8,-999.9,-88.8
1655,29.5,22.7,35.4,42.1,888.8,-88.8,-999.9,-88.8
1656,30,22.7,35.4,42.8,888.8,-88.8,-999.9,-88.8
1657,30.4,22.7,35.4,41.8,888.8,-88.8,-999.9,-88.8
1658,30.8,22.7,35.4,40.8,888.8,-88.8,-999.9,-88.8
1659,31.1,22.7,35.4,40.4,888.8,-88.8,-999.9,-88.8
1700,31.2,22.8,35.4,40.2,888.8,-88.8,-999.9,-88.8
1701,31.2,22.7,35.4,40.3,888.8,-88.8,-999.9,-88.8
1702,31.2,22.8,35.4,40.3,888.8,-88.8,-999.9,-88.8
1703,31,22.7,35.4,38.5,888.8,-88.8,-999.9,-88.8
1704,30.9,22.7,35.4,37.4,888.8,-88.8,-999.9,-88.8
1705,30.8,22.8,35.4,36.6,888.8,-88.8,-999.9,-88.8
1706,30.6,22.7,35.3,35.4,888.8,-88.8,-999.9,-88.8
1707,30.2,22.7,35.3,33.7,888.8,-88.8,-999.9,-88.8
1708,29.5,22.6,35.4,33.6,888.8,-88.8,-999.9,-88.8
1709,28.2,22.6,35.3,34.3,888.8,-88.8,-999.9,-88.8
1710,27.9,22.5,35.3,33.9,888.8,-88.8,-999.9,-88.8
1711,28,22.5,35.2,33.8,888.8,-88.8,-999.9,-88.8
1712,28.4,22.5,35.3,34,888.8,-88.8,-999.9,-88.8
1713,28.8,22.5,35.3,34.2,888.8,-88.8,-999.9,-88.8
1714,29.2,22.5,35.2,34.1,888.8,-88.8,-999.9,-88.8
1715,29.5,22.5,35.2,34.2,888.8,-88.8,-999.9,-88.8
1716,29.8,22.5,35.2,34.4,888.8,-88.8,-999.9,-88.8
1717,29.9,22.5,35.2,34.8,888.8,-88.8,-999.9,-88.8
1718,29.9,22.5,35.2,35.2,888.8,-88.8,-999.9,-88.8
1719,29.9,22.5,35.3,35.8,888.8,-88.8,-999.9,-88.8
1720,29.7,22.5,35.2,36.4,888.8,-88.8,-999.9,-88.8
1721,29.6,22.5,35.2,37.1,888.8,-88.8,-999.9,-88.8
1722,29.4,22.5,35.2,37.7,888.8,-88.8,-999.9,-88.8
1723,29.2,22.5,35.2,38.2,888.8,-88.8,-999.9,-88.8
1724,28.7,22.5,35.2,38.8,888.8,-88.8,-999.9,-88.8
1725,28.1,22.5,35.3,39.2,888.8,-88.8,-999.9,-88.8
1726,26.9,22.5,35.2,39.4,888.8,-88.8,-999.9,-88.8
1727,26.6,22.5,35.2,39.8,888.8,-88.8,-999.9,-88.8
1728,26.7,22.5,35.2,40.4,888.8,-88.8,-999.9,-88.8
1729,27,22.5,35.3,40.9,888.8,-88.8,-999.9,-88.8
1730,27.4,22.5,35.3,41.5,888.8,-88.8,-999.9,-88.8
1731,27.8,22.5,35.2,42,888.8,-88.8,-999.9,-88.8
1732,28.2,22.5,35.2,42.5,888.8,-88.8,-999.9,-88.8
1733,28.6,22.5,35.3,42.9,888.8,-88.8,-999.9,-88.8
1734,28.9,22.5,35.2,43.2,888.8,-88.8,-999.9,-88.8
1735,29,22.5,35.2,43.5,888.8,-88.8,-999.9,-88.8
1736,29,22.5,35.3,43.6,888.8,-88.8,-999.9,-88.8
1737,29.1,22.5,35.3,43.8,888.8,-88.8,-999.9,-88.8
1738,29.1,22.5,35.2,43.9,888.8,-88.8,-999.9,-88.8
1739,29,22.5,35.2,43.9,888.8,-88.8,-999.9,-88.8
1740,29,22.5,35.2,44,888.8,-88.8,-999.9,-88.8
1741,28.5,22.5,35.2,43.9,888.8,-88.8,-999.9,-88.8
1742,27.9,22.5,35.2,44,888.8,-88.8,-999.9,-88.8
1743,26.8,22.5,35.2,44,888.8,-88.8,-999.9,-88.8
1744,26.5,22.5,35.2,43.9,888.8,-88.8,-999.9,-88.8
1745,26.1,22.5,35.3,44,888.8,-88.8,-999.9,-88.8
1746,25.6,22.5,35.2,44.1,888.8,-88.8,-999.9,-88.8
1747,25.4,22.5,35.2,44.1,888.8,-88.8,-999.9,-88.8
1748,25.2,22.5,35.2,44,888.8,-88.8,-999.9,-88.8
1749,24.8,22.5,35.2,43.8,888.8,-88.8,-999.9,-88.8
1750,24.5,22.4,35.2,43.7,888.8,-88.8,-999.9,-88.8
1751,24.2,22.5,35.2,43.6,888.8,-88.8,-999.9,-88.8
1752,23.8,22.5,35.2,43.5,888.8,-88.8,-999.9,-88.8
1753,23.5,22.4,35.2,43.5,888.8,-88.8,-999.9,-88.8
1754,23,22.5,35.2,43.5,888.8,-88.8,-999.9,-88.8
1755,22.6,22.5,35.2,43.6,888.8,-88.8,-999.9,-88.8
1756,22.1,22.5,35.2,39.7,888.8,-88.8,-999.9,-88.8
1757,21.8,22.5,35.2,39.5,888.8,-88.8,-999.9,-88.8
1758,21.3,22.5,35.2,37.8,888.8,-88.8,-999.9,-88.8
1759,20.9,22.5,35.2,37.6,888.8,-88.8,-999.9,-88.8
1800,20.5,22.5,35.2,37.7,888.8,-88.8,-999.9,-88.8
1801,20,22.5,35.2,37.8,888.8,-88.8,-999.9,-88.8
1802,19.6,22.5,35.2,37.9,888.8,-88.8,-999.9,-88.8
1803,19.1,22.5,35.2,38.1,888.8,-88.8,-999.9,-88.8
1804,18.7,22.5,35.2,38.2,888.8,-88.8,-999.9,-88.8
1805,18.2,22.5,35.2,38.8,888.8,-88.8,-999.9,-88.8
1806,17.7,22.5,35.2,39.2,888.8,-88.8,-999.9,-88.8
1807,17.3,22.5,35.2,39.3,888.8,-88.8,-999.9,-88.8
1808,16.9,22.5,35.2,39.3,888.8,-88.8,-999.9,-88.8
1809,16.5,22.5,35.2,39.3,888.8,-88.8,-999.9,-88.8
1810,16.1,22.5,35.2,39.2,888.8,-88.8,-999.9,-88.8
1811,15.7,22.5,35.2,39.1,888.8,-88.8,-999.9,-88.8
1812,15.3,22.5,35.2,38.9,888.8,-88.8,-999.9,-88.8
1813,14.8,22.5,35.2,38.7,888.8,-88.8,-999.9,-88.8
1814,14.4,22.5,35.2,38.6,888.8,-88.8,-999.9,-88.8
1815,14,22.5,35.2,38.4,888.8,-88.8,-999.9,-88.8
1816,13.5,22.5,35.2,38.1,888.8,-88.8,-999.9,-88.8
1817,13.1,22.5,35.2,37,888.8,-88.8,-999.9,-88.8
1818,12.7,22.6,35.2,36.4,888.8,-88.8,-999.9,-88.8
1819,12.3,22.5,35.2,36.2,888.8,-88.8,-999.9,-88.8
1820,12,22.5,35.2,35.8,888.8,-88.8,-999.9,-88.8
1821,11.6,22.5,35.2,35.3,888.8,-88.8,-999.9,-88.8
1822,11.2,22.5,35.2,34.1,888.8,-88.8,-999.9,-88.8
1823,10.9,22.6,35.2,33.9,888.8,-88.8,-999.9,-88.8
1824,10.5,22.5,35.2,33.9,888.8,-88.8,-999.9,-88.8
1825,10.1,22.6,35.2,34.1,888.8,-88.8,-999.9,-88.8
1826,9.8,22.5,35.2,34.6,888.8,-88.8,-999.9,-88.8
1827,9.5,22.6,35.2,34.8,888.8,-88.8,-999.9,-88.8
1828,9.2,22.6,35.2,34.8,888.8,-88.8,-999.9,-88.8
1829,8.9,22.6,35.2,34.8,888.8,-88.8,-999.9,-88.8
1830,8.6,22.6,35.2,34.8,888.8,-88.8,-999.9,-88.8
1831,8.3,22.6,35.1,34.7,888.8,-88.8,-999.9,-88.8
1832,8,22.5,35.1,34.6,888.8,-88.8,-999.9,-88.8
1833,7.7,22.5,35.1,34.4,888.8,-88.8,-999.9,-88.8
1834,7.4,22.5,35.1,34.2,888.8,-88.8,-999.9,-88.8
1835,7.1,22.4,35.1,34.1,888.8,-88.8,-999.9,-88.8
1836,6.9,22.4,35.1,34,888.8,-88.8,-999.9,-88.8
1837,6.7,22.4,35,33.9,888.8,-88.8,-999.9,-88.8
1838,6.4,22.4,35,33.7,888.8,-88.8,-999.9,-88.8
1839,6.2,22.4,35,33.5,888.8,-88.8,-999.9,-88.8
1840,6,22.4,35,33.3,888.8,-88.8,-999.9,-88.8
1841,5.7,22.4,35,33.2,888.8,-88.8,-999.9,-88.8
1842,5.5,22.4,35,33.1,888.8,-88.8,-999.9,-88.8
1843,5.3,22.4,35,33,888.8,-88.8,-999.9,-88.8
1844,5.1,22.4,35,32.8,888.8,-88.8,-999.9,-88.8
1845,4.9,22.4,35,32.7,888.8,-88.8,-999.9,-88.8
1846,4.7,22.4,35,32.8,888.8,-88.8,-999.9,-88.8
1847,4.5,22.4,35,32.7,888.8,-88.8,-999.9,-88.8
1848,4.3,22.4,35,32.6,888.8,-88.8,-999.9,-88.8
1849,4.1,22.4,35,32.5,888.8,-88.8,-999.9,-88.8
1850,3.9,22.4,35,32.3,888.8,-88.8,-999.9,-88.8
1851,3.7,22.4,35,32.2,888.8,-88.8,-999.9,-88.8
1852,3.5,22.4,35,32.2,888.8,-88.8,-999.9,-88.8
1853,3.4,22.4,35,32.1,888.8,-88.8,-999.9,-88.8
1854,3.2,22.4,35,31.9,888.8,-88.8,-999.9,-88.8
1855,3.1,22.4,35,31.8,888.8,-88.8,-999.9,-88.8
1856,2.9,22.4,35,32,888.8,-88.8,-999.9,-88.8
1857,2.8,22.4,35,31.9,888.8,-88.8,-999.9,-88.8
1858,2.6,22.4,35,31.8,888.8,-88.8,-999.9,-88.8
1859,2.4,22.4,35,31.7,888.8,-88.8,-999.9,-88.8
1900,2.3,22.4,35,31.6,888.8,-88.8,-999.9,-88.8
1901,2.2,22.4,35,31.6,888.8,-88.8,-999.9,-88.8
1902,2,22.4,35,31.6,888.8,-88.8,-999.9,-88.8
1903,1.8,22.4,35,31.5,888.8,-88.8,-999.9,-88.8
1904,1.7,22.4,35,31.3,888.8,-88.8,-999.9,-88.8
1905,1.6,22.4,35,31.2,888.8,-88.8,-999.9,-88.8
1906,1.5,22.4,35,31.2,888.8,-88.8,-999.9,-88.8
1907,1.3,22.4,35,31.2,888.8,-88.8,-999.9,-88.8
1908,1.2,22.4,35,31.7,888.8,-88.8,-999.9,-88.8
1909,1.1,22.4,35,32.4,888.8,-88.8,-999.9,-88.8
1910,1,22.4,34.9,33.2,888.8,-88.8,-999.9,-88.8
1911,0.9,22.4,35,33.8,888.8,-88.8,-999.9,-88.8
1912,0.7,22.5,35,34.4,888.8,-88.8,-999.9,-88.8
1913,0.6,22.5,35,34.7,888.8,-88.8,-999.9,-88.8
1914,0.5,22.5,35,34.9,888.8,-88.8,-999.9,-88.8
1915,0.4,22.5,34.9,35.1,888.8,-88.8,-999.9,-88.8
1916,0.3,22.5,35,35.3,888.8,-88.8,-999.9,-88.8
1917,0.2,22.5,35,35.6,888.8,-88.8,-999.9,-88.8
1918,0.1,22.5,35,35.7,888.8,-88.8,-999.9,-88.8
1919,0,22.5,34.9,35.9,888.8,-88.8,-999.9,-88.8
1920,0,22.5,35,36,888.8,-88.8,-999.9,-88.8
1921,-0.1,22.5,35,35.6,888.8,-88.8,-999.9,-88.8
1922,-0.2,22.5,35,35.3,888.8,-88.8,-999.9,-88.8
1923,-0.3,22.5,35,35.4,888.8,-88.8,-999.9,-88.8
1924,-0.4,22.5,35,35.4,888.8,-88.8,-999.9,-88.8
1925,-0.5,22.5,35,35.3,888.8,-88.8,-999.9,-88.8
1926,-0.5,22.5,35,35.3,888.8,-88.8,-999.9,-88.8
1927,-0.6,22.5,35,35.3,888.8,-88.8,-999.9,-88.8
1928,-0.7,22.5,35,35.1,888.8,-88.8,-999.9,-88.8
1929,-0.7,22.5,35,34.8,888.8,-88.8,-999.9,-88.8
1930,-0.8,22.5,35,34.7,888.8,-88.8,-999.9,-88.8
1931,-0.9,22.5,35,34.7,888.8,-88.8,-999.9,-88.8
1932,-1,22.6,35,34.8,888.8,-88.8,-999.9,-88.8
1933,-1.1,22.5,35,35.2,888.8,-88.8,-999.9,-88.8
1934,-1.2,22.6,34.9,35.6,888.8,-88.8,-999.9,-88.8
1935,-1.2,22.6,35,36.1,888.8,-88.8,-999.9,-88.8
1936,-1.3,22.6,34.9,36.4,888.8,-88.8,-999.9,-88.8
1937,-1.4,22.6,34.9,36.7,888.8,-88.8,-999.9,-88.8
1938,-1.4,22.6,35,37,888.8,-88.8,-999.9,-88.8
1939,-1.5,22.6,35,37.2,888.8,-88.8,-999.9,-88.8
1940,-1.6,22.6,35,37.2,888.8,-88.8,-999.9,-88.8
1941,-1.6,22.6,35,37.4,888.8,-88.8,-999.9,-88.8
1942,-1.7,22.6,34.9,37.6,888.8,-88.8,-999.9,-88.8
1943,-1.8,22.6,35,37.8,888.8,-88.8,-999.9,-88.8
1944,-1.8,22.6,35,37.8,888.8,-88.8,-999.9,-88.8
1945,-1.9,22.7,34.9,37.8,888.8,-88.8,-999.9,-88.8
1946,-1.9,22.7,35,37.9,888.8,-88.8,-999.9,-88.8
1947,-2,22.7,34.9,37.5,888.8,-88.8,-999.9,-88.8
1948,-2.1,22.7,34.9,37,888.8,-88.8,-999.9,-88.8
1949,-2.1,22.7,34.9,36.8,888.8,-88.8,-999.9,-88.8
1950,-2.1,22.7,34.9,36.8,888.8,-88.8,-999.9,-88.8
1951,-2.2,22.7,34.9,36.5,888.8,-88.8,-999.9,-88.8
1952,-2.2,22.7,34.9,36.4,888.8,-88.8,-999.9,-88.8
1953,-2.2,22.7,35,36.3,888.8,-88.8,-999.9,-88.8
1954,-2.3,22.7,34.9,35.9,888.8,-88.8,-999.9,-88.8
1955,-2.3,22.7,34.9,35.6,888.8,-88.8,-999.9,-88.8
1956,-2.4,22.7,34.9,35.5,888.8,-88.8,-999.9,-88.8
1957,-2.4,22.7,34.9,35.6,888.8,-88.8,-999.9,-88.8
1958,-2.4,22.7,34.9,35.4,888.8,-88.8,-999.9,-88.8
1959,-2.4,22.7,34.9,34.9,888.8,-88.8,-999.9,-88.8
2000,-2.5,22.7,34.9,34.5,888.8,-88.8,-999.9,-88.8
2001,-2.5,22.7,34.9,34.4,888.8,-88.8,-999.9,-88.8
2002,-2.6,22.8,34.9,34.4,888.8,-88.8,-999.9,-88.8
2003,-2.6,22.8,34.9,34.3,888.8,-88.8,-999.9,-88.8
2004,-2.6,22.8,34.9,33.8,888.8,-88.8,-999.9,-88.8
2005,-2.7,22.8,34.9,32.8,888.8,-88.8,-999.9,-88.8
2006,-2.7,22.8,35,32.6,888.8,-88.8,-999.9,-88.8
2007,-2.7,22.8,34.9,32.7,888.8,-88.8,-999.9,-88.8
2008,-2.7,22.8,34.9,33,888.8,-88.8,-999.9,-88.8
2009,-2.8,22.8,34.9,33.4,888.8,-88.8,-999.9,-88.8
2010,-2.8,22.8,34.9,33.8,888.8,-88.8,-999.9,-88.8
2011,-2.8,22.8,34.9,34.2,888.8,-88.8,-999.9,-88.8
2012,-2.8,22.8,34.9,34.5,888.8,-88.8,-999.9,-88.8
2013,-2.8,22.8,34.9,34.7,888.8,-88.8,-999.9,-88.8
2014,-2.8,22.8,34.9,34.9,888.8,-88.8,-999.9,-88.8
2015,-2.9,22.8,34.9,35.1,888.8,-88.8,-999.9,-88.8
2016,-2.9,22.8,34.9,35.1,888.8,-88.8,-999.9,-88.8
2017,-2.9,22.8,34.9,35.3,888.8,-88.8,-999.9,-88.8
2018,-2.9,22.8,34.9,35.4,888.8,-88.8,-999.9,-88.8
2019,-2.9,22.8,34.9,35.6,888.8,-88.8,-999.9,-88.8
2020,-2.9,22.8,34.9,35.8,888.8,-88.8,-999.9,-88.8
2021,-3,22.8,34.9,36,888.8,-88.8,-999.9,-88.8
2022,-2.9,22.8,34.9,36.2,888.8,-88.8,-999.9,-88.8
2023,-3,22.8,34.9,36.4,888.8,-88.8,-999.9,-88.8
2024,-3,22.8,34.9,36.6,888.8,-88.8,-999.9,-88.8
2025,-3,22.9,34.9,36.8,888.8,-88.8,-999.9,-88.8
2026,-3,22.8,34.9,37,888.8,-88.8,-999.9,-88.8
2027,-3,22.9,34.9,37.2,888.8,-88.8,-999.9,-88.8
2028,-3,22.9,34.9,37.4,888.8,-88.8,-999.9,-88.8
2029,-3,22.9,34.9,37.3,888.8,-88.8,-999.9,-88.8
2030,-3,22.9,34.9,37.3,888.8,-88.8,-999.9,-88.8
2031,-3,22.9,34.9,37.5,888.8,-88.8,-999.9,-88.8
2032,-3,22.9,34.9,37.3,888.8,-88.8,-999.9,-88.8
2033,-3,22.9,34.9,36.9,888.8,-88.8,-999.9,-88.8
2034,-3,22.9,34.9,36.8,888.8,-88.8,-999.9,-88.8
2035,-3,22.9,34.9,36.9,888.8,-88.8,-999.9,-88.8
2036,-3,23,34.9,36.9,888.8,-88.8,-999.9,-88.8
2037,-2.9,23,34.9,36.8,888.8,-88.8,-999.9,-88.8
2038,-2.9,23,34.9,36.5,888.8,-88.8,-999.9,-88.8
2039,-2.8,22.9,34.9,36.2,888.8,-88.8,-999.9,-88.8
2040,-2.8,23,34.9,36,888.8,-88.8,-999.9,-88.8
2041,-2.8,23,34.9,36,888.8,-88.8,-999.9,-88.8
2042,-2.8,23,34.9,36.1,888.8,-88.8,-999.9,-88.8
2043,-2.9,23,34.9,35.8,888.8,-88.8,-999.9,-88.8
2044,-2.9,23,34.9,35.4,888.8,-88.8,-999.9,-88.8
2045,-2.9,23,34.9,35.1,888.8,-88.8,-999.9,-88.8
2046,-2.9,23,34.9,35.1,888.8,-88.8,-999.9,-88.8
2047,-2.9,23,34.9,35.1,888.8,-88.8,-999.9,-88.8
2048,-2.9,23,34.9,34.9,888.8,-88.8,-999.9,-88.8
2049,-2.9,23,34.9,34.6,888.8,-88.8,-999.9,-88.8
2050,-2.9,23,34.9,34.3,888.8,-88.8,-999.9,-88.8
2051,-2.8,23,34.9,34.4,888.8,-88.8,-999.9,-88.8
2052,-2.8,23,34.9,34.7,888.8,-88.8,-999.9,-88.8
2053,-2.8,23,34.9,34.7,888.8,-88.8,-999.9,-88.8
2054,-2.8,23,34.9,34.5,888.8,-88.8,-999.9,-88.8
2055,-2.7,23,34.9,34.4,888.8,-88.8,-999.9,-88.8
2056,-2.7,23,34.9,34.1,888.8,-88.8,-999.9,-88.8
2057,-2.7,23.1,34.9,34,888.8,-88.8,-999.9,-88.8
2058,-2.7,23,34.9,33.9,888.8,-88.8,-999.9,-88.8
2059,-2.6,23,34.9,33.6,888.8,-88.8,-999.9,-88.8
2100,-2.6,23,34.9,33.5,888.8,-88.8,-999.9,-88.8
2101,-2.6,23,34.9,33.5,888.8,-88.8,-999.9,-88.8
2102,-2.6,23.1,34.9,33.9,888.8,-88.8,-999.9,-88.8
2103,-2.5,23.1,34.9,34.4,888.8,-88.8,-999.9,-88.8
2104,-2.4,23.1,34.9,34.6,888.8,-88.8,-999.9,-88.8
2105,-2.4,23.1,34.9,35.1,888.8,-88.8,-999.9,-88.8
2106,-2.3,23.1,34.9,36.8,888.8,-88.8,-999.9,-88.8
2107,-2.3,23.1,34.9,38,888.8,-88.8,-999.9,-88.8
2108,-2.2,23.1,34.8,38.7,888.8,-88.8,-999.9,-88.8
2109,-2.2,23.1,34.9,38.8,888.8,-88.8,-999.9,-88.8
2110,-2.1,23.1,34.9,39.4,888.8,-88.8,-999.9,-88.8
2111,-2.1,23.1,34.8,39.3,888.8,-88.8,-999.9,-88.8
2112,-2,23.1,34.8,39.2,888.8,-88.8,-999.9,-88.8
2113,-1.9,23.1,34.8,39,888.8,-88.8,-999.9,-88.8
2114,-1.9,23,34.8,38.3,888.8,-88.8,-999.9,-88.8
2115,-1.8,23,34.7,38,888.8,-88.8,-999.9,-88.8
2116,-1.7,22.9,34.7,37.9,888.8,-88.8,-999.9,-88.8
2117,-1.6,22.9,34.7,37.9,888.8,-88.8,-999.9,-88.8
2118,-1.5,22.8,34.7,37.8,888.8,-88.8,-999.9,-88.8
2119,-1.4,22.8,34.7,37.5,888.8,-88.8,-999.9,-88.8
2120,-1.3,22.8,34.7,36.7,888.8,-88.8,-999.9,-88.8
2121,-1.2,22.8,34.7,34.4,888.8,-88.8,-999.9,-88.8
2122,-1.1,22.8,34.7,34.6,888.8,-88.8,-999.9,-88.8
2123,-1,22.8,34.7,35.4,888.8,-88.8,-999.9,-88.8
2124,-0.8,22.8,34.7,35.9,888.8,-88.8,-999.9,-88.8
2125,-0.7,22.8,34.7,36,888.8,-88.8,-999.9,-88.8
2126,-0.6,22.8,34.7,35.9,888.8,-88.8,-999.9,-88.8
2127,-0.5,22.9,34.7,36,888.8,-88.8,-999.9,-88.8
2128,-0.4,22.9,34.7,35.8,888.8,-88.8,-999.9,-88.8
2129,-0.2,22.8,34.7,36.1,888.8,-88.8,-999.9,-88.8
2130,0,22.9,34.7,36.9,888.8,-88.8,-999.9,-88.8
2131,0,22.8,34.7,37.7,888.8,-88.8,-999.9,-88.8
2132,0.2,22.8,34.7,38.7,888.8,-88.8,-999.9,-88.8
2133,0.4,22.9,34.7,39.7,888.8,-88.8,-999.9,-88.8
2134,0.6,22.9,34.7,40.7,888.8,-88.8,-999.9,-88.8
2135,0.8,22.9,34.7,41.6,888.8,-88.8,-999.9,-88.8
2136,1,22.9,34.7,42.3,888.8,-88.8,-999.9,-88.8
2137,1.2,22.9,34.7,42.8,888.8,-88.8,-999.9,-88.8
2138,1.5,22.9,34.7,43.3,888.8,-88.8,-999.9,-88.8
2139,1.7,22.9,34.7,43.6,888.8,-88.8,-999.9,-88.8
2140,2,22.9,34.7,44.1,888.8,-88.8,-999.9,-88.8
2141,2.2,22.9,34.7,44.6,888.8,-88.8,-999.9,-88.8
2142,2.4,22.9,34.7,45.2,888.8,-88.8,-999.9,-88.8
2143,2.7,23,34.7,45.7,888.8,-88.8,-999.9,-88.8
2144,3,23,34.7,46.1,888.8,-88.8,-999.9,-88.8
2145,3.3,22.9,34.7,46.4,888.8,-88.8,-999.9,-88.8
2146,3.6,23,34.7,46.6,888.8,-88.8,-999.9,-88.8
2147,3.8,23,34.7,46.8,888.8,-88.8,-999.9,-88.8
2148,4,23,34.7,47,888.8,-88.8,-999.9,-88.8
2149,4.4,23,34.7,47.2,888.8,-88.8,-999.9,-88.8
2150,4.6,23,34.7,44.8,888.8,-88.8,-999.9,-88.8
2151,4.9,23,34.7,44.3,888.8,-88.8,-999.9,-88.8
2152,5.1,23,34.7,43.7,888.8,-88.8,-999.9,-88.8
2153,5.4,23,34.7,43.6,888.8,-88.8,-999.9,-88.8
2154,5.7,23,34.7,43.3,888.8,-88.8,-999.9,-88.8
2155,6,23,34.7,43.1,888.8,-88.8,-999.9,-88.8
2156,6.3,23,34.7,43,888.8,-88.8,-999.9,-88.8
2157,6.6,23,34.7,42.8,888.8,-88.8,-999.9,-88.8
2158,7,23,34.7,42.7,888.8,-88.8,-999.9,-88.8
2159,7.3,23,34.7,42.5,888.8,-88.8,-999.9,-88.8
2200,7.7,23,34.7,42.4,888.8,-88.8,-999.9,-88.8
2201,8,23.1,34.7,42.4,888.8,-88.8,-999.9,-88.8
2202,8.4,23.1,34.7,42.5,888.8,-88.8,-999.9,-88.8
2203,8.8,23.1,34.7,42.7,888.8,-88.8,-999.9,-88.8
2204,9.2,23.1,34.7,42.9,888.8,-88.8,-999.9,-88.8
2205,9.6,23,34.7,43.4,888.8,-88.8,-999.9,-88.8
2206,10,23.1,34.7,43.8,888.8,-88.8,-999.9,-88.8
2207,10.4,23.1,34.7,44.2,888.8,-88.8,-999.9,-88.8
2208,10.8,23.1,34.6,44.6,888.8,-88.8,-999.9,-88.8
2209,11.3,23.1,34.7,45,888.8,-88.8,-999.9,-88.8
2210,11.7,23.1,34.7,45,888.8,-88.8,-999.9,-88.8
2211,12.1,23.1,34.7,44.8,888.8,-88.8,-999.9,-88.8
2212,12.5,23.1,34.7,44.6,888.8,-88.8,-999.9,-88.8
2213,12.9,23.1,34.7,44.3,888.8,-88.8,-999.9,-88.8
2214,13.3,23.1,34.7,43.9,888.8,-88.8,-999.9,-88.8
2215,13.7,23.1,34.7,43.6,888.8,-88.8,-999.9,-88.8
2216,14,23.1,34.7,43.3,888.8,-88.8,-999.9,-88.8
2217,14.4,23.1,34.7,43,888.8,-88.8,-999.9,-88.8
2218,14.7,23.1,34.7,42.7,888.8,-88.8,-999.9,-88.8
2219,15.1,23.2,34.7,41.7,888.8,-88.8,-999.9,-88.8
2220,15.3,23.2,34.7,40.6,888.8,-88.8,-999.9,-88.8
2221,15.8,23.2,34.7,40,888.8,-88.8,-999.9,-88.8
2222,16,23.1,34.7,39.7,888.8,-88.8,-999.9,-88.8
2223,16.3,23.2,34.7,39.3,888.8,-88.8,-999.9,-88.8
2224,16.7,23.2,34.7,39.3,888.8,-88.8,-999.9,-88.8
2225,16.9,23.2,34.7,39.2,888.8,-88.8,-999.9,-88.8
2226,17.2,23.2,34.6,39.2,888.8,-88.8,-999.9,-88.8
2227,17.5,23.2,34.6,39,888.8,-88.8,-999.9,-88.8
2228,17.7,23.2,34.6,39,888.8,-88.8,-999.9,-88.8
2229,18,23.2,34.7,38.8,888.8,-88.8,-999.9,-88.8
2230,18.2,23.2,34.6,38.9,888.8,-88.8,-999.9,-88.8
2231,18.4,23.3,34.6,38.8,888.8,-88.8,-999.9,-88.8
2232,18.6,23.3,34.6,38.7,888.8,-88.8,-999.9,-88.8
2233,18.8,23.3,34.7,39.6,888.8,-88.8,-999.9,-88.8
2234,19,23.3,34.6,39.1,888.8,-88.8,-999.9,-88.8
2235,19.2,23.3,34.6,39,888.8,-88.8,-999.9,-88.8
2236,19.3,23.3,34.6,38.9,888.8,-88.8,-999.9,-88.8
2237,19.5,23.3,34.6,38.5,888.8,-88.8,-999.9,-88.8
2238,19.6,23.3,34.6,37.2,888.8,-88.8,-999.9,-88.8
2239,19.8,23.3,34.6,35.8,888.8,-88.8,-999.9,-88.8
2240,19.9,23.3,34.6,34.7,888.8,-88.8,-999.9,-88.8
2241,20,23.3,34.6,34.1,888.8,-88.8,-999.9,-88.8
2242,20.2,23.3,34.6,33.7,888.8,-88.8,-999.9,-88.8
2243,20.3,23.3,34.7,33.5,888.8,-88.8,-999.9,-88.8
2244,20.3,23.3,34.7,33.7,888.8,-88.8,-999.9,-88.8
2245,20.4,23.3,34.6,33.9,888.8,-88.8,-999.9,-88.8
2246,20.5,23.3,34.6,34.2,888.8,-88.8,-999.9,-88.8
2247,20.6,23.3,34.6,34.7,888.8,-88.8,-999.9,-88.8
2248,20.7,23.3,34.6,34.5,888.8,-88.8,-999.9,-88.8
2249,20.7,23.3,34.7,36.2,888.8,-88.8,-999.9,-88.8
2250,20.8,23.4,34.6,39.3,888.8,-88.8,-999.9,-88.8
2251,20.9,23.3,34.7,40.3,888.8,-88.8,-999.9,-88.8
2252,20.9,23.4,34.7,40.5,888.8,-88.8,-999.9,-88.8
2253,21,23.4,34.7,40.3,888.8,-88.8,-999.9,-88.8
2254,21,23.4,34.6,40.1,888.8,-88.8,-999.9,-88.8
2255,21,23.4,34.7,40.3,888.8,-88.8,-999.9,-88.8
2256,21.1,23.4,34.7,40.4,888.8,-88.8,-999.9,-88.8
2257,21.2,23.3,34.7,40.4,888.8,-88.8,-999.9,-88.8
2258,21.2,23.4,34.7,40.4,888.8,-88.8,-999.9,-88.8
2259,21.1,23.4,34.7,40.6,888.8,-88.8,-999.9,-88.8
2300,21.2,23.4,34.7,40.1,888.8,-88.8,-999.9,-88.8
2301,21.1,23.4,34.7,38.3,888.8,-88.8,-999.9,-88.8
2302,21.1,23.4,34.7,38.2,888.8,-88.8,-999.9,-88.8
2303,21,23.4,34.7,37.9,888.8,-88.8,-999.9,-88.8
2304,21,23.4,34.7,37.3,888.8,-88.8,-999.9,-88.8
2305,20.9,23.4,34.7,37,888.8,-88.8,-999.9,-88.8
2306,20.9,23.4,34.7,35.1,888.8,-88.8,-999.9,-88.8
2307,20.8,23.4,34.7,34.4,888.8,-88.8,-999.9,-88.8
2308,20.7,23.4,34.7,34.3,888.8,-88.8,-999.9,-88.8
2309,20.6,23.4,34.7,34.3,888.8,-88.8,-999.9,-88.8
2310,20.6,23.4,34.7,34.2,888.8,-88.8,-999.9,-88.8
2311,20.5,23.4,34.7,33.2,888.8,-88.8,-999.9,-88.8
2312,20.4,23.4,34.7,33.2,888.8,-88.8,-999.9,-88.8
2313,20.3,23.4,34.7,34,888.8,-88.8,-999.9,-88.8
2314,20.2,23.4,34.7,34.7,888.8,-88.8,-999.9,-88.8
2315,20.1,23.4,34.7,34.9,888.8,-88.8,-999.9,-88.8
2316,20,23.4,34.7,34.6,888.8,-88.8,-999.9,-88.8
2317,19.9,23.4,34.7,34.9,888.8,-88.8,-999.9,-88.8
2318,19.7,23.4,34.7,35.2,888.8,-88.8,-999.9,-88.8
2319,19.7,23.4,34.7,35.3,888.8,-88.8,-999.9,-88.8
2320,19.5,23.4,34.7,35.2,888.8,-88.8,-999.9,-88.8
2321,19.4,23.4,34.7,35.1,888.8,-88.8,-999.9,-88.8
2322,19.3,23.4,34.7,34.9,888.8,-88.8,-999.9,-88.8
2323,19.1,23.3,34.7,34.7,888.8,-88.8,-999.9,-88.8
2324,19,23.3,34.7,34.5,888.8,-88.8,-999.9,-88.8
2325,18.9,23.4,34.7,34.3,888.8,-88.8,-999.9,-88.8
2326,18.8,23.3,34.7,34.2,888.8,-88.8,-999.9,-88.8
2327,18.6,23.4,34.7,33.9,888.8,-88.8,-999.9,-88.8
2328,18.4,23.4,34.7,33.7,888.8,-88.8,-999.9,-88.8
2329,18.3,23.4,34.8,33.5,888.8,-88.8,-999.9,-88.8
2330,18.1,23.4,34.7,33.3,888.8,-88.8,-999.9,-88.8
2331,18,23.4,34.8,33.1,888.8,-88.8,-999.9,-88.8
2332,17.8,23.4,34.8,33,888.8,-88.8,-999.9,-88.8
2333,17.7,23.4,34.8,32.3,888.8,-88.8,-999.9,-88.8
2334,17.5,23.4,34.8,32.1,888.8,-88.8,-999.9,-88.8
2335,17.3,23.4,34.8,31.9,888.8,-88.8,-999.9,-88.8
2336,17.2,23.4,34.9,31.8,888.8,-88.8,-999.9,-88.8
2337,17,23.4,34.9,31.6,888.8,-88.8,-999.9,-88.8
2338,16.8,23.4,34.9,30.5,888.8,-88.8,-999.9,-88.8
2339,16.7,23.4,34.9,29.9,888.8,-88.8,-999.9,-88.8
2340,16.6,23.4,34.9,29.4,888.8,-88.8,-999.9,-88.8
2341,16.4,23.4,34.9,28.9,888.8,-88.8,-999.9,-88.8
2342,16.3,23.4,34.9,28.8,888.8,-88.8,-999.9,-88.8
2343,16,23.4,34.9,28.9,888.8,-88.8,-999.9,-88.8
2344,15.9,23.4,35,29,888.8,-88.8,-999.9,-88.8
2345,15.7,23.4,35,29.1,888.8,-88.8,-999.9,-88.8
2346,15.6,23.4,35,29.3,888.8,-88.8,-999.9,-88.8
2347,15.4,23.4,35,30.8,888.8,-88.8,-999.9,-88.8
2348,15.3,23.4,35,31.4,888.8,-88.8,-999.9,-88.8
2349,15.1,23.5,35.1,31.4,888.8,-88.8,-999.9,-88.8
2350,14.9,23.5,35.1,30.3,888.8,-88.8,-999.9,-88.8
2351,14.7,23.5,35.1,29.5,888.8,-88.8,-999.9,-88.8
2352,14.6,23.5,35.1,29.4,888.8,-88.8,-999.9,-88.8
2353,14.5,23.5,35.1,29.5,888.8,-88.8,-999.9,-88.8
2354,14.3,23.5,35.2,29.8,888.8,-88.8,-999.9,-88.8
2355,14.1,23.5,35.2,30.2,888.8,-88.8,-999.9,-88.8
2356,14,23.5,35.2,30.6,888.8,-88.8,-999.9,-88.8
2357,13.8,23.5,35.2,31,888.8,-88.8,-999.9,-88.8
2358,13.7,23.5,35.3,31.3,888.8,-88.8,-999.9,-88.8
2359,13.6,23.5,35.3,31.6,888.8,-88.8,-999.9,-88.8