0,-2,19.4,27.4,22.6,888.8,-88.8,-999.9,-88.8
1,-2.1,19.4,27.4,25.6,888.8,-88.8,-999.9,-88.8
2,-2,19.4,27.4,24.4,888.8,-88.8,-999.9,-88.8
3,-2,19.4,27.4,23.1,888.8,-88.8,-999.9,-88.8
4,-2,19.4,27.5,22.8,888.8,-88.8,-999.9,-88.8
5,-2.1,19.4,27.5,23.1,888.8,-88.8,-999.9,-88.8
6,-2,19.4,27.5,23.7,888.8,-88.8,-999.9,-88.8
7,-2,19.5,27.5,25.5,888.8,-88.8,-999.9,-88.8
8,-2,19.5,27.5,27.7,888.8,-88.8,-999.9,-88.8
9,-2,19.4,27.5,29.8,888.8,-88.8,-999.9,-88.8
10,-2,19.4,27.5,31.3,888.8,-88.8,-999.9,-88.8
11,-2,19.4,27.5,32.4,888.8,-88.8,-999.9,-88.8
12,-2,19.5,27.6,33,888.8,-88.8,-999.9,-88.8
13,-2,19.5,27.6,33.3,888.8,-88.8,-999.9,-88.8
14,-2,19.5,27.6,33.2,888.8,-88.8,-999.9,-88.8
15,-2,19.5,27.6,33.7,888.8,-88.8,-999.9,-88.8
16,-2,19.5,27.6,33.7,888.8,-88.8,-999.9,-88.8
17,-2,19.5,27.6,33.7,888.8,-88.8,-999.9,-88.8
18,-2.1,19.5,27.6,33.9,888.8,-88.8,-999.9,-88.8
19,-2,19.5,27.6,33.9,888.8,-88.8,-999.9,-88.8
20,-2,19.5,27.6,34.1,888.8,-88.8,-999.9,-88.8
21,-2.1,19.5,27.6,34.3,888.8,-88.8,-999.9,-88.8
22,-2.1,19.5,27.6,34.5,888.8,-88.8,-999.9,-88.8
23,-2,19.5,27.6,34.7,888.8,-88.8,-999.9,-88.8
24,-2,19.5,27.6,34.8,888.8,-88.8,-999.9,-88.8
25,-2,19.5,27.6,34.9,888.8,-88.8,-999.9,-88.8
26,-2,19.5,27.6,35,888.8,-88.8,-999.9,-88.8
27,-2,19.5,27.6,35.2,888.8,-88.8,-999.9,-88.8
28,-2,19.5,27.7,35.2,888.8,-88.8,-999.9,-88.8
29,-2,19.5,27.6,35.2,888.8,-88.8,-999.9,-88.8
30,-2,19.5,27.7,35.3,888.8,-88.8,-999.9,-88.8
31,-2,19.5,27.7,35.4,888.8,-88.8,-999.9,-88.8
32,-2,19.5,27.7,35.4,888.8,-88.8,-999.9,-88.8
33,-2.1,19.5,27.7,35.4,888.8,-88.8,-999.9,-88.8
34,-2.1,19.6,27.7,35.4,888.8,-88.8,-999.9,-88.8
35,-2,19.5,27.7,35.4,888.8,-88.8,-999.9,-88.8
36,-2,19.6,27.7,35.4,888.8,-88.8,-999.9,-88.8
37,-2,19.6,27.8,35.5,888.8,-88.8,-999.9,-88.8
38,-2,19.6,27.8,35.5,888.8,-88.8,-999.9,-88.8
39,-2,19.6,27.8,35,888.8,-88.8,-999.9,-88.8
40,-2,19.6,27.8,33.9,888.8,-88.8,-999.9,-88.8
41,-2,19.6,27.8,33.9,888.8,-88.8,-999.9,-88.8
42,-2.1,19.6,27.8,33.9,888.8,-88.8,-999.9,-88.8
43,-2.1,19.6,27.8,33.5,888.8,-88.8,-999.9,-88.8
44,-2,19.6,27.8,32.7,888.8,-88.8,-999.9,-88.8
45,-2.1,19.6,27.8,31.8,888.8,-88.8,-999.9,-88.8
46,-2,19.6,27.8,31.3,888.8,-88.8,-999.9,-88.8
47,-2,19.6,27.8,30.8,888.8,-88.8,-999.9,-88.8
48,-2.1,19.6,27.8,30.6,888.8,-88.8,-999.9,-88.8
49,-2,19.6,27.8,30.4,888.8,-88.8,-999.9,-88.8
50,-2,19.6,27.8,30.2,888.8,-88.8,-999.9,-88.8
51,-2,19.6,27.8,30,888.8,-88.8,-999.9,-88.8
52,-2,19.6,27.8,29.9,888.8,-88.8,-999.9,-88.8
53,-2.1,19.6,27.8,29.7,888.8,-88.8,-999.9,-88.8
54,-2.1,19.6,27.8,29.6,888.8,-88.8,-999.9,-88.8
55,-2,19.6,27.9,29.4,888.8,-88.8,-999.9,-88.8
56,-2.1,19.6,27.9,28.9,888.8,-88.8,-999.9,-88.8
57,-2.1,19.6,27.9,28.2,888.8,-88.8,-999.9,-88.8
58,-2,19.6,27.9,26.9,888.8,-88.8,-999.9,-88.8
59,-2.1,19.6,27.9,25.3,888.8,-88.8,-999.9,-88.8
100,-2.1,19.6,27.9,23.7,888.8,-88.8,-999.9,-88.8
101,-2.1,19.6,27.9,22.5,888.8,-88.8,-999.9,-88.8
102,-2.1,19.7,27.9,21.3,888.8,-88.8,-999.9,-88.8
103,-2.1,19.6,27.9,20.8,888.8,-88.8,-999.9,-88.8
104,-2.1,19.7,27.9,20.5,888.8,-88.8,-999.9,-88.8
105,-2.1,19.6,27.9,20.3,888.8,-88.8,-999.9,-88.8
106,-2.1,19.6,27.9,20,888.8,-88.8,-999.9,-88.8
107,-2.1,19.7,27.9,19.8,888.8,-88.8,-999.9,-88.8
108,-2.1,19.6,27.9,19.8,888.8,-88.8,-999.9,-88.8
109,-2.1,19.7,28,19.9,888.8,-88.8,-999.9,-88.8
110,-2.1,19.7,27.9,20.2,888.8,-88.8,-999.9,-88.8
111,-2.1,19.7,28,20.4,888.8,-88.8,-999.9,-88.8
112,-2.1,19.7,28,20.7,888.8,-88.8,-999.9,-88.8
113,-2.1,19.7,28,21,888.8,-88.8,-999.9,-88.8
114,-2.1,19.7,28,21.3,888.8,-88.8,-999.9,-88.8
115,-2.1,19.7,28,21.6,888.8,-88.8,-999.9,-88.8
116,-2.1,19.7,28,21.8,888.8,-88.8,-999.9,-88.8
117,-2.1,19.7,28,21.9,888.8,-88.8,-999.9,-88.8
118,-2.1,19.7,28,22,888.8,-88.8,-999.9,-88.8
119,-2.1,19.7,28.1,22,888.8,-88.8,-999.9,-88.8
120,-2,19.7,28,21.9,888.8,-88.8,-999.9,-88.8
121,-2.1,19.7,28.1,21.6,888.8,-88.8,-999.9,-88.8
122,-2.1,19.7,28.1,21.3,888.8,-88.8,-999.9,-88.8
123,-2.1,19.7,28.1,20.9,888.8,-88.8,-999.9,-88.8
124,-2.1,19.7,28.1,20.6,888.8,-88.8,-999.9,-88.8
125,-2.1,19.7,28.1,20.4,888.8,-88.8,-999.9,-88.8
126,-2.1,19.7,28.1,20.3,888.8,-88.8,-999.9,-88.8
127,-2.1,19.7,28.1,20.4,888.8,-88.8,-999.9,-88.8
128,-2.1,19.7,28.1,20.5,888.8,-88.8,-999.9,-88.8
129,-2.1,19.7,28.1,20.5,888.8,-88.8,-999.9,-88.8
130,-2.1,19.7,28.1,20.4,888.8,-88.8,-999.9,-88.8
131,-2.1,19.7,28.1,20.2,888.8,-88.8,-999.9,-88.8
132,-2.1,19.7,28.1,20,888.8,-88.8,-999.9,-88.8
133,-2.1,19.7,28.1,19.8,888.8,-88.8,-999.9,-88.8
134,-2.1,19.8,28.1,19.6,888.8,-88.8,-999.9,-88.8
135,-2.1,19.7,28.1,19.4,888.8,-88.8,-999.9,-88.8
136,-2.1,19.8,28.1,19.3,888.8,-88.8,-999.9,-88.8
137,-2.1,19.7,28.1,19.2,888.8,-88.8,-999.9,-88.8
138,-2.1,19.7,28.1,19.1,888.8,-88.8,-999.9,-88.8
139,-2.1,19.7,28.2,19.1,888.8,-88.8,-999.9,-88.8
140,-2.1,19.8,28.2,19.1,888.8,-88.8,-999.9,-88.8
141,-2.1,19.8,28.2,19.1,888.8,-88.8,-999.9,-88.8
142,-2.1,19.7,28.2,19.1,888.8,-88.8,-999.9,-88.8
143,-2.1,19.8,28.2,19,888.8,-88.8,-999.9,-88.8
144,-2.1,19.7,28.2,19.1,888.8,-88.8,-999.9,-88.8
145,-2.1,19.8,28.2,19.1,888.8,-88.8,-999.9,-88.8
146,-2.2,19.8,28.2,19.1,888.8,-88.8,-999.9,-88.8
147,-2.2,19.8,28.2,19.1,888.8,-88.8,-999.9,-88.8
148,-2.2,19.8,28.2,19.1,888.8,-88.8,-999.9,-88.8
149,-2.2,19.8,28.2,19.1,888.8,-88.8,-999.9,-88.8
150,-2.2,19.8,28.2,19.1,888.8,-88.8,-999.9,-88.8
151,-2.2,19.8,28.2,19.2,888.8,-88.8,-999.9,-88.8
152,-2.2,19.8,28.3,22.4,888.8,-88.8,-999.9,-88.8
153,-2.2,19.8,28.2,23.7,888.8,-88.8,-999.9,-88.8
154,-2.2,19.8,28.2,23.5,888.8,-88.8,-999.9,-88.8
155,-2.2,19.8,28.3,22.7,888.8,-88.8,-999.9,-88.8
156,-2.2,19.8,28.3,22.1,888.8,-88.8,-999.9,-88.8
157,-2.2,19.8,28.3,21.9,888.8,-88.8,-999.9,-88.8
158,-2.2,19.9,28.3,22,888.8,-88.8,-999.9,-88.8
159,-2.2,19.8,28.3,22.1,888.8,-88.8,-999.9,-88.8
200,-2.2,19.8,28.3,22.3,888.8,-88.8,-999.9,-88.8
201,-2.2,19.9,28.4,22.8,888.8,-88.8,-999.9,-88.8
202,-2.2,19.8,28.4,23.4,888.8,-88.8,-999.9,-88.8
203,-2.2,19.8,28.4,24.1,888.8,-88.8,-999.9,-88.8
204,-2.2,19.8,28.4,24.7,888.8,-88.8,-999.9,-88.8
205,-2.2,19.9,28.4,25.3,888.8,-88.8,-999.9,-88.8
206,-2.2,19.8,28.4,25.9,888.8,-88.8,-999.9,-88.8
207,-2.2,19.9,28.4,26.4,888.8,-88.8,-999.9,-88.8
208,-2.2,19.9,28.5,26.8,888.8,-88.8,-999.9,-88.8
209,-2.2,19.9,28.4,27.1,888.8,-88.8,-999.9,-88.8
210,-2.2,19.9,28.5,27.4,888.8,-88.8,-999.9,-88.8
211,-2.2,19.9,28.5,27.7,888.8,-88.8,-999.9,-88.8
212,-2.2,19.9,28.5,27.9,888.8,-88.8,-999.9,-88.8
213,-2.2,19.9,28.5,28.1,888.8,-88.8,-999.9,-88.8
214,-2.2,19.9,28.5,28.3,888.8,-88.8,-999.9,-88.8
215,-2.2,19.9,28.5,28.4,888.8,-88.8,-999.9,-88.8
216,-2.2,19.9,28.5,28.6,888.8,-88.8,-999.9,-88.8
217,-2.2,19.9,28.6,28.7,888.8,-88.8,-999.9,-88.8
218,-2.2,19.9,28.6,28.8,888.8,-88.8,-999.9,-88.8
219,-2.2,19.9,28.6,28.9,888.8,-88.8,-999.9,-88.8
220,-2.3,19.9,28.6,29.1,888.8,-88.8,-999.9,-88.8
221,-2.2,19.9,28.6,29.2,888.8,-88.8,-999.9,-88.8
222,-2.2,19.9,28.6,29.3,888.8,-88.8,-999.9,-88.8
223,-2.3,19.9,28.6,29.4,888.8,-88.8,-999.9,-88.8
224,-2.3,19.9,28.6,29.5,888.8,-88.8,-999.9,-88.8
225,-2.3,19.9,28.6,29.6,888.8,-88.8,-999.9,-88.8
226,-2.3,19.9,28.6,29.7,888.8,-88.8,-999.9,-88.8
227,-2.3,19.9,28.6,29.8,888.8,-88.8,-999.9,-88.8
228,-2.3,19.9,28.7,29.8,888.8,-88.8,-999.9,-88.8
229,-2.3,19.9,28.7,29.9,888.8,-88.8,-999.9,-88.8
230,-2.3,19.9,28.7,29.9,888.8,-88.8,-999.9,-88.8
231,-2.3,19.9,28.6,30,888.8,-88.8,-999.9,-88.8
232,-2.3,19.9,28.7,30,888.8,-88.8,-999.9,-88.8
233,-2.3,19.9,28.7,30,888.8,-88.8,-999.9,-88.8
234,-2.3,19.9,28.7,30.1,888.8,-88.8,-999.9,-88.8
235,-2.3,19.9,28.7,30.1,888.8,-88.8,-999.9,-88.8
236,-2.3,19.9,28.7,30.1,888.8,-88.8,-999.9,-88.8
237,-2.3,19.9,28.7,30.1,888.8,-88.8,-999.9,-88.8
238,-2.3,19.9,28.7,30.1,888.8,-88.8,-999.9,-88.8
239,-2.3,19.9,28.7,30.1,888.8,-88.8,-999.9,-88.8
240,-2.3,20,28.8,30.2,888.8,-88.8,-999.9,-88.8
241,-2.3,19.9,28.8,30.1,888.8,-88.8,-999.9,-88.8
242,-2.3,19.9,28.8,30.2,888.8,-88.8,-999.9,-88.8
243,-2.3,20,28.7,30.2,888.8,-88.8,-999.9,-88.8
244,-2.3,20,28.8,30.3,888.8,-88.8,-999.9,-88.8
245,-2.3,20,28.8,28.6,888.8,-88.8,-999.9,-88.8
246,-2.3,20,28.8,27.2,888.8,-88.8,-999.9,-88.8
247,-2.3,20,28.8,27,888.8,-88.8,-999.9,-88.8
248,-2.3,19.9,28.8,27.1,888.8,-88.8,-999.9,-88.8
249,-2.3,20,28.8,27.1,888.8,-88.8,-999.9,-88.8
250,-2.3,20,28.9,26.9,888.8,-88.8,-999.9,-88.8
251,-2.3,20,28.9,26.5,888.8,-88.8,-999.9,-88.8
252,-2.3,20,28.9,26.2,888.8,-88.8,-999.9,-88.8
253,-2.3,20,28.9,25.9,888.8,-88.8,-999.9,-88.8
254,-2.3,20,28.9,26.1,888.8,-88.8,-999.9,-88.8
255,-2.3,20,28.9,23.3,888.8,-88.8,-999.9,-88.8
256,-2.3,20,29,21.9,888.8,-88.8,-999.9,-88.8
257,-2.3,20,28.9,21.6,888.8,-88.8,-999.9,-88.8
258,-2.3,20,29,22.2,888.8,-88.8,-999.9,-88.8
259,-2.3,20,29,22.8,888.8,-88.8,-999.9,-88.8
300,-2.3,20,29,22.7,888.8,-88.8,-999.9,-88.8
301,-2.3,20,29.1,22.2,888.8,-88.8,-999.9,-88.8
302,-2.3,20,29.1,22,888.8,-88.8,-999.9,-88.8
303,-2.3,20,29.1,22.1,888.8,-88.8,-999.9,-88.8
304,-2.3,20,29.1,22.2,888.8,-88.8,-999.9,-88.8
305,-2.3,20,29.2,22.5,888.8,-88.8,-999.9,-88.8
306,-2.3,20,29.2,23,888.8,-88.8,-999.9,-88.8
307,-2.3,20,29.2,23.8,888.8,-88.8,-999.9,-88.8
308,-2.3,20,29.3,24.5,888.8,-88.8,-999.9,-88.8
309,-2.3,20,29.3,25.1,888.8,-88.8,-999.9,-88.8
310,-2.3,20,29.3,25.5,888.8,-88.8,-999.9,-88.8
311,-2.3,20,29.4,25.7,888.8,-88.8,-999.9,-88.8
312,-2.3,20,29.4,25.9,888.8,-88.8,-999.9,-88.8
313,-2.3,20,29.4,25.9,888.8,-88.8,-999.9,-88.8
314,-2.3,20,29.4,25.9,888.8,-88.8,-999.9,-88.8
315,-2.3,20,29.4,25.8,888.8,-88.8,-999.9,-88.8
316,-2.3,20,29.4,25.7,888.8,-88.8,-999.9,-88.8
317,-2.3,20,29.5,25.7,888.8,-88.8,-999.9,-88.8
318,-2.3,20,29.5,25.6,888.8,-88.8,-999.9,-88.8
319,-2.3,20,29.5,25.4,888.8,-88.8,-999.9,-88.8
320,-2.3,20,29.5,25.4,888.8,-88.8,-999.9,-88.8
321,-2.3,20,29.5,25.2,888.8,-88.8,-999.9,-88.8
322,-2.3,20,29.5,25,888.8,-88.8,-999.9,-88.8
323,-2.3,20,29.5,25,888.8,-88.8,-999.9,-88.8
324,-2.3,20.1,29.5,25,888.8,-88.8,-999.9,-88.8
325,-2.3,20.1,29.6,25.2,888.8,-88.8,-999.9,-88.8
326,-2.3,20,29.6,25.4,888.8,-88.8,-999.9,-88.8
327,-2.3,20.1,29.6,25.5,888.8,-88.8,-999.9,-88.8
328,-2.3,20.1,29.6,25.6,888.8,-88.8,-999.9,-88.8
329,-2.3,20.1,29.7,25.7,888.8,-88.8,-999.9,-88.8
330,-2.4,20,29.7,25.8,888.8,-88.8,-999.9,-88.8
331,-2.3,20.1,29.7,25.9,888.8,-88.8,-999.9,-88.8
332,-2.4,20.1,29.7,25.8,888.8,-88.8,-999.9,-88.8
333,-2.4,20.1,29.7,25.4,888.8,-88.8,-999.9,-88.8
334,-2.3,20.1,29.8,25.1,888.8,-88.8,-999.9,-88.8
335,-2.4,20.1,29.8,25,888.8,-88.8,-999.9,-88.8
336,-2.4,20.1,29.8,25,888.8,-88.8,-999.9,-88.8
337,-2.4,20.1,29.8,25,888.8,-88.8,-999.9,-88.8
338,-2.4,20.1,29.8,24.8,888.8,-88.8,-999.9,-88.8
339,-2.4,20.1,29.8,24.6,888.8,-88.8,-999.9,-88.8
340,-2.4,20.1,29.8,23.7,888.8,-88.8,-999.9,-88.8
341,-2.4,20.1,29.9,22.7,888.8,-88.8,-999.9,-88.8
342,-2.4,20.1,29.9,22.6,888.8,-88.8,-999.9,-88.8
343,-2.4,20.1,29.9,22.9,888.8,-88.8,-999.9,-88.8
344,-2.4,20.1,30,23.4,888.8,-88.8,-999.9,-88.8
345,-2.4,20.1,30,23.8,888.8,-88.8,-999.9,-88.8
346,-2.4,20.1,30.1,24.3,888.8,-88.8,-999.9,-88.8
347,-2.4,20.1,30.2,24.6,888.8,-88.8,-999.9,-88.8
348,-2.4,20.2,30.2,24.6,888.8,-88.8,-999.9,-88.8
349,-2.4,20.1,30.2,24.3,888.8,-88.8,-999.9,-88.8
350,-2.4,20.1,30.3,24.2,888.8,-88.8,-999.9,-88.8
351,-2.4,20.1,30.3,24.1,888.8,-88.8,-999.9,-88.8
352,-2.4,20.1,30.3,24.2,888.8,-88.8,-999.9,-88.8
353,-2.4,20.1,30.4,24.1,888.8,-88.8,-999.9,-88.8
354,-2.4,20.1,30.4,24,888.8,-88.8,-999.9,-88.8
355,-2.4,20.1,30.4,24.1,888.8,-88.8,-999.9,-88.8
356,-2.4,20.2,30.4,24.1,888.8,-88.8,-999.9,-88.8
357,-2.4,20.1,30.5,24.2,888.8,-88.8,-999.9,-88.8
358,-2.5,20.1,30.5,24.2,888.8,-88.8,-999.9,-88.8
359,-2.4,20.2,30.5,24.2,888.8,-88.8,-999.9,-88.8
400,-2.4,20.2,30.5,24.3,888.8,-88.8,-999.9,-88.8
401,-2.4,20.1,30.5,24.4,888.8,-88.8,-999.9,-88.8
402,-2.4,20.2,30.6,24.5,888.8,-88.8,-999.9,-88.8
403,-2.4,20.2,30.6,24.6,888.8,-88.8,-999.9,-88.8
404,-2.4,20.2,30.6,24.6,888.8,-88.8,-999.9,-88.8
405,-2.4,20.2,30.6,24.8,888.8,-88.8,-999.9,-88.8
406,-2.4,20.2,30.6,24.9,888.8,-88.8,-999.9,-88.8
407,-2.4,20.2,30.7,25,888.8,-88.8,-999.9,-88.8
408,-2.4,20.1,30.7,25,888.8,-88.8,-999.9,-88.8
409,-2.4,20.2,30.7,25.1,888.8,-88.8,-999.9,-88.8
410,-2.4,20.2,30.7,25.2,888.8,-88.8,-999.9,-88.8
411,-2.4,20.2,30.7,25.3,888.8,-88.8,-999.9,-88.8
412,-2.4,20.2,30.7,25.3,888.8,-88.8,-999.9,-88.8
413,-2.4,20.2,30.8,25,888.8,-88.8,-999.9,-88.8
414,-2.4,20.2,30.8,25,888.8,-88.8,-999.9,-88.8
415,-2.4,20.2,30.8,25,888.8,-88.8,-999.9,-88.8
416,-2.4,20.2,30.8,24.9,888.8,-88.8,-999.9,-88.8
417,-2.4,20.2,30.8,24.6,888.8,-88.8,-999.9,-88.8
418,-2.4,20.2,30.8,24.3,888.8,-88.8,-999.9,-88.8
419,-2.4,20.2,30.9,24,888.8,-88.8,-999.9,-88.8
420,-2.4,20.2,30.9,23.8,888.8,-88.8,-999.9,-88.8
421,-2.4,20.2,31,23.6,888.8,-88.8,-999.9,-88.8
422,-2.5,20.2,31,23.5,888.8,-88.8,-999.9,-88.8
423,-2.5,20.2,31,23.4,888.8,-88.8,-999.9,-88.8
424,-2.5,20.2,31,23.4,888.8,-88.8,-999.9,-88.8
425,-2.5,20.2,31,23.4,888.8,-88.8,-999.9,-88.8
426,-2.5,20.2,31.1,23.4,888.8,-88.8,-999.9,-88.8
427,-2.5,20.2,31.1,23.4,888.8,-88.8,-999.9,-88.8
428,-2.5,20.2,31.1,23.4,888.8,-88.8,-999.9,-88.8
429,-2.5,20.2,31.1,23.6,888.8,-88.8,-999.9,-88.8
430,-2.5,20.2,31.1,23.7,888.8,-88.8,-999.9,-88.8
431,-2.5,20.2,31.2,23.9,888.8,-88.8,-999.9,-88.8
432,-2.5,20.2,31.2,23.9,888.8,-88.8,-999.9,-88.8
433,-2.5,20.2,31.2,24.1,888.8,-88.8,-999.9,-88.8
434,-2.5,20.2,31.2,24.2,888.8,-88.8,-999.9,-88.8
435,-2.5,20.2,31.2,24.3,888.8,-88.8,-999.9,-88.8
436,-2.5,20.2,31.2,24.2,888.8,-88.8,-999.9,-88.8
437,-2.5,20.2,31.2,23.6,888.8,-88.8,-999.9,-88.8
438,-2.5,20.2,31.2,23.2,888.8,-88.8,-999.9,-88.8
439,-2.5,20.2,31.2,22.9,888.8,-88.8,-999.9,-88.8
440,-2.5,20.2,31.3,22.9,888.8,-88.8,-999.9,-88.8
441,-2.5,20.2,31.3,22.9,888.8,-88.8,-999.9,-88.8
442,-2.5,20.2,31.3,23,888.8,-88.8,-999.9,-88.8
443,-2.5,20.3,31.3,23,888.8,-88.8,-999.9,-88.8
444,-2.5,20.2,31.3,23.1,888.8,-88.8,-999.9,-88.8
445,-2.5,20.2,31.3,23.1,888.8,-88.8,-999.9,-88.8
446,-2.5,20.3,31.4,23.3,888.8,-88.8,-999.9,-88.8
447,-2.5,20.3,31.4,23.3,888.8,-88.8,-999.9,-88.8
448,-2.5,20.3,31.4,23.5,888.8,-88.8,-999.9,-88.8
449,-2.5,20.3,31.4,23.6,888.8,-88.8,-999.9,-88.8
450,-2.5,20.3,31.5,23.7,888.8,-88.8,-999.9,-88.8
451,-2.5,20.3,31.5,23.7,888.8,-88.8,-999.9,-88.8
452,-2.5,20.2,31.4,23.6,888.8,-88.8,-999.9,-88.8
453,-2.5,20.3,31.5,23.3,888.8,-88.8,-999.9,-88.8
454,-2.5,20.3,31.5,23.4,888.8,-88.8,-999.9,-88.8
455,-2.5,20.3,31.5,23.4,888.8,-88.8,-999.9,-88.8
456,-2.5,20.3,31.4,23.3,888.8,-88.8,-999.9,-88.8
457,-2.5,20.3,31.5,23.3,888.8,-88.8,-999.9,-88.8
458,-2.5,20.3,31.5,23.3,888.8,-88.8,-999.9,-88.8
459,-2.5,20.3,31.5,23.3,888.8,-88.8,-999.9,-88.8
500,-2.5,20.3,31.5,23.3,888.8,-88.8,-999.9,-88.8
501,-2.5,20.3,31.5,23.4,888.8,-88.8,-999.9,-88.8
502,-2.5,20.3,31.5,23.4,888.8,-88.8,-999.9,-88.8
503,-2.5,20.3,31.5,23.4,888.8,-88.8,-999.9,-88.8
504,-2.5,20.3,31.5,23.5,888.8,-88.8,-999.9,-88.8
505,-2.5,20.3,31.5,23.5,888.8,-88.8,-999.9,-88.8
506,-2.5,20.3,31.5,23,888.8,-88.8,-999.9,-88.8
507,-2.4,20.3,31.5,21.9,888.8,-88.8,-999.9,-88.8
508,-2.5,20.3,31.5,21.5,888.8,-88.8,-999.9,-88.8
509,-2.5,20.3,31.5,21.3,888.8,-88.8,-999.9,-88.8
510,-2.5,20.3,31.5,21.2,888.8,-88.8,-999.9,-88.8
511,-2.5,20.3,31.4,21,888.8,-88.8,-999.9,-88.8
512,-2.5,20.3,31.5,21,888.8,-88.8,-999.9,-88.8
513,-2.5,20.3,31.4,21,888.8,-88.8,-999.9,-88.8
514,-2.5,20.3,31.4,21,888.8,-88.8,-999.9,-88.8
515,-2.5,20.3,31.3,20.9,888.8,-88.8,-999.9,-88.8
516,-2.5,20.3,31.3,23.2,888.8,-88.8,-999.9,-88.8
517,-2.5,20.3,31.3,23.3,888.8,-88.8,-999.9,-88.8
518,-2.5,20.3,31.2,24.2,888.8,-88.8,-999.9,-88.8
519,-2.5,20.3,31.3,25.6,888.8,-88.8,-999.9,-88.8
520,-2.5,20.3,31.2,25.7,888.8,-88.8,-999.9,-88.8
521,-2.5,20.3,31.2,25.6,888.8,-88.8,-999.9,-88.8
522,-2.5,20.3,31.2,25.9,888.8,-88.8,-999.9,-88.8
523,-2.5,20.3,31.2,26.1,888.8,-88.8,-999.9,-88.8
524,-2.5,20.3,31.2,26.3,888.8,-88.8,-999.9,-88.8
525,-2.5,20.3,31.2,26.5,888.8,-88.8,-999.9,-88.8
526,-2.4,20.3,31.1,26.7,888.8,-88.8,-999.9,-88.8
527,-2.5,20.3,31.1,27,888.8,-88.8,-999.9,-88.8
528,-2.4,20.3,31.1,27.1,888.8,-88.8,-999.9,-88.8
529,-2.4,20.3,31.1,27.3,888.8,-88.8,-999.9,-88.8
530,-2.4,20.3,31.1,27.5,888.8,-88.8,-999.9,-88.8
531,-2.4,20.3,31.1,27.7,888.8,-88.8,-999.9,-88.8
532,-2.4,20.3,31,27.9,888.8,-88.8,-999.9,-88.8
533,-2.4,20.3,31,28.1,888.8,-88.8,-999.9,-88.8
534,-2.4,20.3,31,28.3,888.8,-88.8,-999.9,-88.8
535,-2.4,20.3,31,28.4,888.8,-88.8,-999.9,-88.8
536,-2.4,20.3,31,28.5,888.8,-88.8,-999.9,-88.8
537,-2.4,20.3,31,24.4,888.8,-88.8,-999.9,-88.8
538,-2.4,20.3,31,23.7,888.8,-88.8,-999.9,-88.8
539,-2.4,20.3,31,23.4,888.8,-88.8,-999.9,-88.8
540,-2.4,20.4,31,23.3,888.8,-88.8,-999.9,-88.8
541,-2.4,20.3,31,23.2,888.8,-88.8,-999.9,-88.8
542,-2.4,20.3,31,28,888.8,-88.8,-999.9,-88.8
543,-2.4,20.3,31,27.7,888.8,-88.8,-999.9,-88.8
544,-2.4,20.3,30.9,29.3,888.8,-88.8,-999.9,-88.8
545,-2.4,20.3,30.9,31.5,888.8,-88.8,-999.9,-88.8
546,-2.5,20.3,30.8,33.2,888.8,-88.8,-999.9,-88.8
547,-2.4,20.3,30.8,34.7,888.8,-88.8,-999.9,-88.8
548,-2.4,20.4,30.8,35.8,888.8,-88.8,-999.9,-88.8
549,-2.4,20.3,30.8,36.8,888.8,-88.8,-999.9,-88.8
550,-2.4,20.3,30.8,37.5,888.8,-88.8,-999.9,-88.8
551,-2.4,20.4,30.8,38.2,888.8,-88.8,-999.9,-88.8
552,-2.5,20.3,30.8,39.3,888.8,-88.8,-999.9,-88.8
553,-2.5,20.4,30.8,40.4,888.8,-88.8,-999.9,-88.8
554,-2.4,20.4,30.7,41.6,888.8,-88.8,-999.9,-88.8
555,-2.5,20.3,30.7,42.5,888.8,-88.8,-999.9,-88.8
556,-2.5,20.3,30.5,43.3,888.8,-88.8,-999.9,-88.8
557,-2.5,20.3,30.3,41.9,888.8,-88.8,-999.9,-88.8
558,-2.5,20.2,30.3,42.6,888.8,-88.8,-999.9,-88.8
559,-2.5,20.2,30.2,43.3,888.8,-88.8,-999.9,-88.8
600,-2.5,20.1,30.1,43.6,888.8,-88.8,-999.9,-88.8
601,-2.5,20.2,30.1,43.9,888.8,-88.8,-999.9,-88.8
602,-2.5,20.1,30.1,41.8,888.8,-88.8,-999.9,-88.8
603,-2.5,20.1,30,40.5,888.8,-88.8,-999.9,-88.8
604,-2.5,20,30,39.1,888.8,-88.8,-999.9,-88.8
605,-2.5,20,30,35.9,888.8,-88.8,-999.9,-88.8
606,-2.4,20,30,34.9,888.8,-88.8,-999.9,-88.8
607,-2.5,20,30,34.9,888.8,-88.8,-999.9,-88.8
608,-2.5,20.1,30,35,888.8,-88.8,-999.9,-88.8
609,-2.5,20,29.9,35.4,888.8,-88.8,-999.9,-88.8
610,-2.5,20,30,36.2,888.8,-88.8,-999.9,-88.8
611,-2.5,20.1,29.9,37,888.8,-88.8,-999.9,-88.8
612,-2.5,20,29.8,37.6,888.8,-88.8,-999.9,-88.8
613,-2.4,20,29.8,38.3,888.8,-88.8,-999.9,-88.8
614,-2.4,19.9,29.8,39.1,888.8,-88.8,-999.9,-88.8
615,-2.4,20,29.7,39.9,888.8,-88.8,-999.9,-88.8
616,-2.4,19.9,29.7,40.6,888.8,-88.8,-999.9,-88.8
617,-2.5,19.9,29.7,41.1,888.8,-88.8,-999.9,-88.8
618,-2.5,19.9,29.7,41.6,888.8,-88.8,-999.9,-88.8
619,-2.5,19.9,29.7,42,888.8,-88.8,-999.9,-88.8
620,-2.5,19.9,29.7,41,888.8,-88.8,-999.9,-88.8
621,-2.4,19.9,29.7,40.6,888.8,-88.8,-999.9,-88.8
622,-2.4,19.9,29.7,40.8,888.8,-88.8,-999.9,-88.8
623,-2.4,19.9,29.7,41,888.8,-88.8,-999.9,-88.8
624,-2.4,19.9,29.7,39.7,888.8,-88.8,-999.9,-88.8
625,-2.4,19.9,29.7,38.6,888.8,-88.8,-999.9,-88.8
626,-2.4,19.9,29.7,38.1,888.8,-88.8,-999.9,-88.8
627,-2.4,19.9,29.7,38,888.8,-88.8,-999.9,-88.8
628,-2.4,19.9,29.7,38.2,888.8,-88.8,-999.9,-88.8
629,-2.4,19.9,29.7,38.6,888.8,-88.8,-999.9,-88.8
630,-2.4,19.9,29.7,38.9,888.8,-88.8,-999.9,-88.8
631,-2.4,19.9,29.7,39,888.8,-88.8,-999.9,-88.8
632,-2.4,19.9,29.7,39,888.8,-88.8,-999.9,-88.8
633,-2.4,19.9,29.7,38.9,888.8,-88.8,-999.9,-88.8
634,-2.4,19.9,29.6,38.7,888.8,-88.8,-999.9,-88.8
635,-2.4,19.9,29.6,38.6,888.8,-88.8,-999.9,-88.8
636,-2.4,19.9,29.7,38.4,888.8,-88.8,-999.9,-88.8
637,-2.4,19.9,29.6,38.3,888.8,-88.8,-999.9,-88.8
638,-2.4,19.9,29.6,38.1,888.8,-88.8,-999.9,-88.8
639,-2.4,19.9,29.6,38,888.8,-88.8,-999.9,-88.8
640,-2.4,20,29.6,37.9,888.8,-88.8,-999.9,-88.8
641,-2.4,19.9,29.6,37.8,888.8,-88.8,-999.9,-88.8
642,-2.4,19.9,29.6,37.7,888.8,-88.8,-999.9,-88.8
643,-2.4,19.9,29.6,37.7,888.8,-88.8,-999.9,-88.8
644,-2.4,19.9,29.6,37.6,888.8,-88.8,-999.9,-88.8
645,-2.4,19.9,29.6,37.5,888.8,-88.8,-999.9,-88.8
646,-2.4,20,29.6,37.4,888.8,-88.8,-999.9,-88.8
647,-2.4,20,29.6,37.3,888.8,-88.8,-999.9,-88.8
648,-2.4,20,29.5,37.4,888.8,-88.8,-999.9,-88.8
649,-2.4,20,29.5,37.3,888.8,-88.8,-999.9,-88.8
650,-2.4,19.9,29.5,37.2,888.8,-88.8,-999.9,-88.8
651,-2.4,20,29.5,37.2,888.8,-88.8,-999.9,-88.8
652,-2.4,19.9,29.4,37.2,888.8,-88.8,-999.9,-88.8
653,-2.4,19.9,29.4,37.1,888.8,-88.8,-999.9,-88.8
654,-2.4,19.9,29.4,37.1,888.8,-88.8,-999.9,-88.8
655,-2.4,19.9,29.4,37.6,888.8,-88.8,-999.9,-88.8
656,-2.4,19.9,29.4,38.2,888.8,-88.8,-999.9,-88.8
657,-2.3,19.9,29.4,37.5,888.8,-88.8,-999.9,-88.8
658,-2.3,19.9,29.4,37.3,888.8,-88.8,-999.9,-88.8
659,-2.4,19.9,29.4,37.3,888.8,-88.8,-999.9,-88.8
700,-2.3,19.9,29.4,37.2,888.8,-88.8,-999.9,-88.8
701,-2.3,19.9,29.4,37.2,888.8,-88.8,-999.9,-88.8
702,-2.3,19.9,29.4,37.1,888.8,-88.8,-999.9,-88.8
703,-2.3,19.9,29.4,36.8,888.8,-88.8,-999.9,-88.8
704,-2.3,19.9,29.4,36.5,888.8,-88.8,-999.9,-88.8
705,-2.4,19.9,29.4,34.8,888.8,-88.8,-999.9,-88.8
706,-2.4,19.9,29.4,35.4,888.8,-88.8,-999.9,-88.8
707,-2.4,19.9,29.4,36.2,888.8,-88.8,-999.9,-88.8
708,-2.4,19.9,29.4,36.7,888.8,-88.8,-999.9,-88.8
709,-2.4,19.9,29.4,37.2,888.8,-88.8,-999.9,-88.8
710,-2.4,19.9,29.3,37.9,888.8,-88.8,-999.9,-88.8
711,-2.4,19.9,29.3,38.2,888.8,-88.8,-999.9,-88.8
712,-2.4,19.8,29.3,38.1,888.8,-88.8,-999.9,-88.8
713,-2.4,19.9,29.3,37.8,888.8,-88.8,-999.9,-88.8
714,-2.4,19.9,29.3,37.7,888.8,-88.8,-999.9,-88.8
715,-2.4,19.8,29.2,37.6,888.8,-88.8,-999.9,-88.8
716,-2.4,19.8,29.2,37.4,888.8,-88.8,-999.9,-88.8
717,-2.4,19.8,29.2,37.3,888.8,-88.8,-999.9,-88.8
718,-2.4,19.8,29.2,37.4,888.8,-88.8,-999.9,-88.8
719,-2.4,19.7,29.2,35.4,888.8,-88.8,-999.9,-88.8
720,-2.5,19.8,29.1,33.8,888.8,-88.8,-999.9,-88.8
721,-2.5,19.7,29,33,888.8,-88.8,-999.9,-88.8
722,-2.5,19.7,29,32.4,888.8,-88.8,-999.9,-88.8
723,-2.5,19.6,29,31.7,888.8,-88.8,-999.9,-88.8
724,-2.5,19.6,29,31.2,888.8,-88.8,-999.9,-88.8
725,-2.5,19.6,28.9,30.8,888.8,-88.8,-999.9,-88.8
726,-2.6,19.6,28.9,30.7,888.8,-88.8,-999.9,-88.8
727,-2.6,19.6,28.9,30.2,888.8,-88.8,-999.9,-88.8
728,-2.6,19.5,28.9,30,888.8,-88.8,-999.9,-88.8
729,-2.6,19.5,28.8,30,888.8,-88.8,-999.9,-88.8
730,-2.6,19.5,28.8,30,888.8,-88.8,-999.9,-88.8
731,-2.6,19.4,28.8,29.8,888.8,-88.8,-999.9,-88.8
732,-2.6,19.4,28.8,29.1,888.8,-88.8,-999.9,-88.8
733,-2.6,19.4,28.7,28.7,888.8,-88.8,-999.9,-88.8
734,-2.6,19.4,28.7,28.3,888.8,-88.8,-999.9,-88.8
735,-2.6,19.4,28.7,27.9,888.8,-88.8,-999.9,-88.8
736,-2.6,19.4,28.7,27.7,888.8,-88.8,-999.9,-88.8
737,-2.7,19.4,28.7,27.4,888.8,-88.8,-999.9,-88.8
738,-2.7,19.3,28.7,27.2,888.8,-88.8,-999.9,-88.8
739,-2.7,19.3,28.7,27,888.8,-88.8,-999.9,-88.8
740,-2.7,19.3,28.7,26.8,888.8,-88.8,-999.9,-88.8
741,-2.7,19.3,28.7,26.6,888.8,-88.8,-999.9,-88.8
742,-2.7,19.3,28.7,26.4,888.8,-88.8,-999.9,-88.8
743,-2.7,19.3,28.7,32.8,888.8,-88.8,-999.9,-88.8
744,-2.7,19.3,28.7,27.4,888.8,-88.8,-999.9,-88.8
745,-2.7,19.3,28.7,29.3,888.8,-88.8,-999.9,-88.8
746,-2.7,19.3,28.7,33.3,888.8,-88.8,-999.9,-88.8
747,-2.7,19.4,28.7,36.1,888.8,-88.8,-999.9,-88.8
748,-2.7,19.4,28.7,34.8,888.8,-88.8,-999.9,-88.8
749,-2.7,19.3,28.6,34.9,888.8,-88.8,-999.9,-88.8
750,-2.8,19.4,28.6,35.6,888.8,-88.8,-999.9,-88.8
751,-2.8,19.4,28.7,35.8,888.8,-88.8,-999.9,-88.8
752,-2.8,19.4,28.7,35.7,888.8,-88.8,-999.9,-88.8
753,-2.8,19.4,28.7,35.5,888.8,-88.8,-999.9,-88.8
754,-2.8,19.4,28.7,35.4,888.8,-88.8,-999.9,-88.8
755,-2.8,19.4,28.7,35.3,888.8,-88.8,-999.9,-88.8
756,-2.8,19.3,28.7,35.2,888.8,-88.8,-999.9,-88.8
757,-2.8,19.4,28.7,35,888.8,-88.8,-999.9,-88.8
758,-2.8,19.4,28.7,34.8,888.8,-88.8,-999.9,-88.8
759,-2.8,19.4,28.7,34.5,888.8,-88.8,-999.9,-88.8
800,-2.8,19.4,28.7,34.2,888.8,-88.8,-999.9,-88.8
801,-2.8,19.4,28.7,33.8,888.8,-88.8,-999.9,-88.8
802,-2.8,19.4,28.7,33.5,888.8,-88.8,-999.9,-88.8
803,-2.8,19.4,28.7,33.1,888.8,-88.8,-999.9,-88.8
804,-2.8,19.4,28.7,32.8,888.8,-88.8,-999.9,-88.8
805,-2.8,19.4,28.7,32.6,888.8,-88.8,-999.9,-88.8
806,-2.8,19.4,28.7,32.4,888.8,-88.8,-999.9,-88.8
807,-2.8,19.4,28.7,32.3,888.8,-88.8,-999.9,-88.8
808,-2.8,19.4,28.7,32.1,888.8,-88.8,-999.9,-88.8
809,-2.8,19.4,28.7,32,888.8,-88.8,-999.9,-88.8
810,-2.8,19.4,28.7,32,888.8,-88.8,-999.9,-88.8
811,-2.7,19.4,28.7,31.9,888.8,-88.8,-999.9,-88.8
812,-2.7,19.4,28.7,31.8,888.8,-88.8,-999.9,-88.8
813,-2.7,19.4,28.7,31.8,888.8,-88.8,-999.9,-88.8
814,-2.6,19.4,28.7,31.8,888.8,-88.8,-999.9,-88.8
815,-2.6,19.4,28.7,31.8,888.8,-88.8,-999.9,-88.8
816,-2.6,19.4,28.8,31.9,888.8,-88.8,-999.9,-88.8
817,-2.5,19.4,28.7,31.9,888.8,-88.8,-999.9,-88.8
818,-2.4,19.4,28.8,32,888.8,-88.8,-999.9,-88.8
819,-2.3,19.4,28.8,32.1,888.8,-88.8,-999.9,-88.8
820,-2.2,19.5,28.7,32.2,888.8,-88.8,-999.9,-88.8
821,-2.2,19.4,28.8,32.3,888.8,-88.8,-999.9,-88.8
822,-2.1,19.4,28.8,32.4,888.8,-88.8,-999.9,-88.8
823,-2,19.5,28.8,32.6,888.8,-88.8,-999.9,-88.8
824,-1.9,19.5,28.8,32.7,888.8,-88.8,-999.9,-88.8
825,-1.9,19.4,28.8,32.7,888.8,-88.8,-999.9,-88.8
826,-1.8,19.5,28.9,32.8,888.8,-88.8,-999.9,-88.8
827,-1.7,19.4,28.8,32.9,888.8,-88.8,-999.9,-88.8
828,-1.6,19.5,28.9,33,888.8,-88.8,-999.9,-88.8
829,-1.5,19.5,28.9,33.1,888.8,-88.8,-999.9,-88.8
830,-1.4,19.5,28.9,33.1,888.8,-88.8,-999.9,-88.8
831,-1.3,19.5,28.9,33.2,888.8,-88.8,-999.9,-88.8
832,-1.2,19.5,28.9,33.2,888.8,-88.8,-999.9,-88.8
833,-1.1,19.5,28.9,33.2,888.8,-88.8,-999.9,-88.8
834,-0.9,19.5,28.9,33.3,888.8,-88.8,-999.9,-88.8
835,-0.8,19.5,28.9,33.3,888.8,-88.8,-999.9,-88.8
836,-0.7,19.6,28.9,33.3,888.8,-88.8,-999.9,-88.8
837,-0.5,19.5,28.9,33.3,888.8,-88.8,-999.9,-88.8
838,-0.4,19.5,28.9,33.4,888.8,-88.8,-999.9,-88.8
839,-0.4,19.6,28.9,33.4,888.8,-88.8,-999.9,-88.8
840,-0.2,19.6,29,33.3,888.8,-88.8,-999.9,-88.8
841,-0.2,19.5,29,33.3,888.8,-88.8,-999.9,-88.8
842,-0.1,19.6,29,33.3,888.8,-88.8,-999.9,-88.8
843,0,19.6,28.9,33.4,888.8,-88.8,-999.9,-88.8
844,0,19.6,29,33.3,888.8,-88.8,-999.9,-88.8
845,0,19.6,29,33.2,888.8,-88.8,-999.9,-88.8
846,0,19.5,29,33.2,888.8,-88.8,-999.9,-88.8
847,0,19.6,29,33.2,888.8,-88.8,-999.9,-88.8
848,0.1,19.6,29,33.2,888.8,-88.8,-999.9,-88.8
849,0.1,19.6,29,33.2,888.8,-88.8,-999.9,-88.8
850,0.2,19.6,29,33.2,888.8,-88.8,-999.9,-88.8
851,0.2,19.6,29,33.1,888.8,-88.8,-999.9,-88.8
852,0.3,19.6,29,33.2,888.8,-88.8,-999.9,-88.8
853,0.3,19.6,29,31.3,888.8,-88.8,-999.9,-88.8
854,0.4,19.6,29.1,30.8,888.8,-88.8,-999.9,-88.8
855,0.4,19.6,29,30.6,888.8,-88.8,-999.9,-88.8
856,0.4,19.6,29.1,30.2,888.8,-88.8,-999.9,-88.8
857,0.5,19.6,29.1,29.9,888.8,-88.8,-999.9,-88.8
858,0.5,19.6,29.1,29.8,888.8,-88.8,-999.9,-88.8
859,0.5,19.6,29.1,29.2,888.8,-88.8,-999.9,-88.8
900,0.5,19.6,29.1,29,888.8,-88.8,-999.9,-88.8
901,0.6,19.6,29.2,28.8,888.8,-88.8,-999.9,-88.8
902,0.6,19.6,29.2,28.6,888.8,-88.8,-999.9,-88.8
903,0.6,19.6,29.2,28.4,888.8,-88.8,-999.9,-88.8
904,0.6,19.6,29.3,28.4,888.8,-88.8,-999.9,-88.8
905,0.6,19.6,29.3,28.4,888.8,-88.8,-999.9,-88.8
906,0.7,19.6,29.3,28.3,888.8,-88.8,-999.9,-88.8
907,0.7,19.6,29.3,28.3,888.8,-88.8,-999.9,-88.8
908,0.7,19.6,29.4,28.4,888.8,-88.8,-999.9,-88.8
909,0.7,19.6,29.4,28.2,888.8,-88.8,-999.9,-88.8
910,0.8,19.7,29.4,28.4,888.8,-88.8,-999.9,-88.8
911,0.9,19.7,29.4,28.6,888.8,-88.8,-999.9,-88.8
912,0.9,19.7,29.5,28.7,888.8,-88.8,-999.9,-88.8
913,0.9,19.6,29.5,28.8,888.8,-88.8,-999.9,-88.8
914,0.9,19.7,29.5,28.9,888.8,-88.8,-999.9,-88.8
915,1,19.7,29.6,28.9,888.8,-88.8,-999.9,-88.8
916,1,19.7,29.6,29,888.8,-88.8,-999.9,-88.8
917,1,19.7,29.6,29,888.8,-88.8,-999.9,-88.8
918,1.1,19.7,29.7,29.1,888.8,-88.8,-999.9,-88.8
919,1.1,19.7,29.7,29.2,888.8,-88.8,-999.9,-88.8
920,1.1,19.7,29.7,29.2,888.8,-88.8,-999.9,-88.8
921,1.2,19.7,29.7,29.2,888.8,-88.8,-999.9,-88.8
922,1.2,19.7,29.7,29.2,888.8,-88.8,-999.9,-88.8
923,1.2,19.7,29.8,29.2,888.8,-88.8,-999.9,-88.8
924,1.3,19.7,29.8,29.2,888.8,-88.8,-999.9,-88.8
925,1.3,19.7,29.8,29.2,888.8,-88.8,-999.9,-88.8
926,1.4,19.7,29.8,29.2,888.8,-88.8,-999.9,-88.8
927,1.4,19.7,29.9,29.2,888.8,-88.8,-999.9,-88.8
928,1.5,19.7,29.9,29.2,888.8,-88.8,-999.9,-88.8
929,1.5,19.7,29.9,29.2,888.8,-88.8,-999.9,-88.8
930,1.6,19.7,29.9,29.1,888.8,-88.8,-999.9,-88.8
931,1.6,19.7,30,29,888.8,-88.8,-999.9,-88.8
932,1.7,19.7,30,29,888.8,-88.8,-999.9,-88.8
933,1.7,19.7,30,28.9,888.8,-88.8,-999.9,-88.8
934,1.7,19.7,30,28.9,888.8,-88.8,-999.9,-88.8
935,1.8,19.7,30.1,28.9,888.8,-88.8,-999.9,-88.8
936,1.8,19.7,30.1,28.9,888.8,-88.8,-999.9,-88.8
937,1.9,19.7,30.1,28.9,888.8,-88.8,-999.9,-88.8
938,1.9,19.8,30.2,28.7,888.8,-88.8,-999.9,-88.8
939,2,19.7,30.2,28.7,888.8,-88.8,-999.9,-88.8
940,2.1,19.7,30.2,28.7,888.8,-88.8,-999.9,-88.8
941,2.1,19.8,30.3,28.6,888.8,-88.8,-999.9,-88.8
942,2.2,19.8,30.3,28.6,888.8,-88.8,-999.9,-88.8
943,2.2,19.8,30.3,28.6,888.8,-88.8,-999.9,-88.8
944,2.3,19.8,30.3,28.5,888.8,-88.8,-999.9,-88.8
945,2.3,19.8,30.4,28.4,888.8,-88.8,-999.9,-88.8
946,2.4,19.8,30.4,28.4,888.8,-88.8,-999.9,-88.8
947,2.4,19.8,30.5,28.4,888.8,-88.8,-999.9,-88.8
948,2.5,19.8,30.5,28.3,888.8,-88.8,-999.9,-88.8
949,2.5,19.8,30.5,28.3,888.8,-88.8,-999.9,-88.8
950,2.6,19.8,30.5,28.2,888.8,-88.8,-999.9,-88.8
951,2.7,19.8,30.6,28.2,888.8,-88.8,-999.9,-88.8
952,2.7,19.8,30.6,28.2,888.8,-88.8,-999.9,-88.8
953,2.8,19.8,30.6,28.1,888.8,-88.8,-999.9,-88.8
954,2.8,19.8,30.7,28.1,888.8,-88.8,-999.9,-88.8
955,2.9,19.8,30.7,28.1,888.8,-88.8,-999.9,-88.8
956,2.9,19.8,30.7,28,888.8,-88.8,-999.9,-88.8
957,3,19.9,30.7,28,888.8,-88.8,-999.9,-88.8
958,3.1,19.8,30.7,27.9,888.8,-88.8,-999.9,-88.8
959,3.1,19.8,30.8,27.9,888.8,-88.8,-999.9,-88.8
1000,3.1,19.8,30.8,27.9,888.8,-88.8,-999.9,-88.8
1001,3.2,19.8,30.9,27.8,888.8,-88.8,-999.9,-88.8
1002,3.3,19.9,30.8,27.8,888.8,-88.8,-999.9,-88.8
1003,3.3,19.8,30.9,27.8,888.8,-88.8,-999.9,-88.8
1004,3.4,19.9,30.9,27.8,888.8,-88.8,-999.9,-88.8
1005,3.4,19.9,31,27.8,888.8,-88.8,-999.9,-88.8
1006,3.5,19.9,31,27.7,888.8,-88.8,-999.9,-88.8
1007,3.5,19.9,31,27.7,888.8,-88.8,-999.9,-88.8
1008,3.6,19.9,31,27.7,888.8,-88.8,-999.9,-88.8
1009,3.6,19.9,31,27.6,888.8,-88.8,-999.9,-88.8
1010,3.7,19.9,31.1,27.5,888.8,-88.8,-999.9,-88.8
1011,3.8,19.9,31.1,27.5,888.8,-88.8,-999.9,-88.8
1012,3.8,19.9,31,27.5,888.8,-88.8,-999.9,-88.8
1013,3.9,19.9,31.1,27.4,888.8,-88.8,-999.9,-88.8
1014,3.9,19.9,31.1,27.4,888.8,-88.8,-999.9,-88.8
1015,4,19.9,31.1,27.4,888.8,-88.8,-999.9,-88.8
1016,4,19.9,31.1,27.3,888.8,-88.8,-999.9,-88.8
1017,4.1,19.9,31.1,27.3,888.8,-88.8,-999.9,-88.8
1018,4.1,19.9,31.1,27.3,888.8,-88.8,-999.9,-88.8
1019,4.2,19.9,31.2,27.2,888.8,-88.8,-999.9,-88.8
1020,4.2,19.9,31.2,27.1,888.8,-88.8,-999.9,-88.8
1021,4.3,19.9,31.2,27.1,888.8,-88.8,-999.9,-88.8
1022,4.3,19.9,31.2,27.1,888.8,-88.8,-999.9,-88.8
1023,4.4,19.9,31.2,27,888.8,-88.8,-999.9,-88.8
1024,4.4,19.9,31.2,27,888.8,-88.8,-999.9,-88.8
1025,4.5,19.9,31.2,27,888.8,-88.8,-999.9,-88.8
1026,4.6,19.9,31.3,26.9,888.8,-88.8,-999.9,-88.8
1027,4.6,19.9,31.3,26.9,888.8,-88.8,-999.9,-88.8
1028,4.7,19.9,31.2,26.8,888.8,-88.8,-999.9,-88.8
1029,4.7,19.9,31.2,26.8,888.8,-88.8,-999.9,-88.8
1030,4.8,19.9,31.3,26.8,888.8,-88.8,-999.9,-88.8
1031,4.9,19.9,31.3,26.6,888.8,-88.8,-999.9,-88.8
1032,4.9,19.9,31.3,26.5,888.8,-88.8,-999.9,-88.8
1033,5,19.9,31.3,26.4,888.8,-88.8,-999.9,-88.8
1034,5,20,31.3,26.2,888.8,-88.8,-999.9,-88.8
1035,5.1,20,31.3,26,888.8,-88.8,-999.9,-88.8
1036,5.2,20,31.3,25.9,888.8,-88.8,-999.9,-88.8
1037,5.2,19.9,31.3,25.8,888.8,-88.8,-999.9,-88.8
1038,5.3,20,31.3,25.8,888.8,-88.8,-999.9,-88.8
1039,5.4,20,31.3,25.8,888.8,-88.8,-999.9,-88.8
1040,5.4,20,31.3,25.7,888.8,-88.8,-999.9,-88.8
1041,5.5,20,31.3,25.7,888.8,-88.8,-999.9,-88.8
1042,5.6,20,31.3,25.7,888.8,-88.8,-999.9,-88.8
1043,5.6,20,31.3,25.7,888.8,-88.8,-999.9,-88.8
1044,5.7,20,31.3,25.6,888.8,-88.8,-999.9,-88.8
1045,5.8,20,31.3,25.6,888.8,-88.8,-999.9,-88.8
1046,5.9,20,31.3,25.6,888.8,-88.8,-999.9,-88.8
1047,6,20,31.3,25.5,888.8,-88.8,-999.9,-88.8
1048,6.1,20,31.3,25.4,888.8,-88.8,-999.9,-88.8
1049,6.2,20,31.3,25.4,888.8,-88.8,-999.9,-88.8
1050,6.2,20,31.3,25.3,888.8,-88.8,-999.9,-88.8
1051,6.4,20,31.3,25.3,888.8,-88.8,-999.9,-88.8
1052,6.5,20,31.3,25.3,888.8,-88.8,-999.9,-88.8
1053,6.5,20,31.3,25.2,888.8,-88.8,-999.9,-88.8
1054,6.6,20,31.3,25.2,888.8,-88.8,-999.9,-88.8
1055,6.7,20,31.3,25.1,888.8,-88.8,-999.9,-88.8
1056,6.8,20,31.2,25,888.8,-88.8,-999.9,-88.8
1057,6.9,20,31.2,25,888.8,-88.8,-999.9,-88.8
1058,6.9,20,31.3,24.9,888.8,-88.8,-999.9,-88.8
1059,7,20,31.3,24.9,888.8,-88.8,-999.9,-88.8
1100,7,20,31.3,24.8,888.8,-88.8,-999.9,-88.8
1101,7.1,20,31.3,24.8,888.8,-88.8,-999.9,-88.8
1102,7.2,20,31.3,24.8,888.8,-88.8,-999.9,-88.8
1103,7.2,20,31.2,24.7,888.8,-88.8,-999.9,-88.8
1104,7.3,20,31.2,24.6,888.8,-88.8,-999.9,-88.8
1105,7.3,20,31.2,24.6,888.8,-88.8,-999.9,-88.8
1106,7.4,20,31.2,24.6,888.8,-88.8,-999.9,-88.8
1107,7.5,20,31.2,24.5,888.8,-88.8,-999.9,-88.8
1108,7.5,20,31.2,24.5,888.8,-88.8,-999.9,-88.8
1109,7.6,20,31.2,24.5,888.8,-88.8,-999.9,-88.8
1110,7.6,20,31.2,24.4,888.8,-88.8,-999.9,-88.8
1111,7.7,20,31.1,24.3,888.8,-88.8,-999.9,-88.8
1112,7.7,20,31.1,24.3,888.8,-88.8,-999.9,-88.8
1113,7.8,20.1,31.1,24.3,888.8,-88.8,-999.9,-88.8
1114,7.9,20,31.1,24.2,888.8,-88.8,-999.9,-88.8
1115,7.9,20,31.1,24.2,888.8,-88.8,-999.9,-88.8
1116,8,20.1,31,24.2,888.8,-88.8,-999.9,-88.8
1117,8,20,31.1,24.1,888.8,-88.8,-999.9,-88.8
1118,8.1,20,31.1,24,888.8,-88.8,-999.9,-88.8
1119,8.1,20,31,24,888.8,-88.8,-999.9,-88.8
1120,8.2,20,31,24,888.8,-88.8,-999.9,-88.8
1121,8.2,20.1,31,23.9,888.8,-88.8,-999.9,-88.8
1122,8.3,20.1,31,23.9,888.8,-88.8,-999.9,-88.8
1123,8.4,20,31,23.9,888.8,-88.8,-999.9,-88.8
1124,8.4,20.1,31,23.9,888.8,-88.8,-999.9,-88.8
1125,8.4,20.1,30.9,23.8,888.8,-88.8,-999.9,-88.8
1126,8.5,20.1,30.9,23.8,888.8,-88.8,-999.9,-88.8
1127,8.5,20.1,30.9,23.7,888.8,-88.8,-999.9,-88.8
1128,8.5,20.1,30.8,23.7,888.8,-88.8,-999.9,-88.8
1129,8.6,20.1,30.9,23.7,888.8,-88.8,-999.9,-88.8
1130,8.6,20,30.8,23.6,888.8,-88.8,-999.9,-88.8
1131,8.6,20.1,30.8,23.6,888.8,-88.8,-999.9,-88.8
1132,8.7,20.1,30.8,23.6,888.8,-88.8,-999.9,-88.8
1133,8.7,20.1,30.8,23.6,888.8,-88.8,-999.9,-88.8
1134,8.8,20.1,30.7,23.6,888.8,-88.8,-999.9,-88.8
1135,8.8,20.1,30.7,23.5,888.8,-88.8,-999.9,-88.8
1136,8.8,20.1,30.7,23.5,888.8,-88.8,-999.9,-88.8
1137,8.8,20.1,30.7,23.4,888.8,-88.8,-999.9,-88.8
1138,8.8,20.1,30.7,23.4,888.8,-88.8,-999.9,-88.8
1139,8.8,20.1,30.7,23.4,888.8,-88.8,-999.9,-88.8
1140,8.8,20.1,30.7,23.4,888.8,-88.8,-999.9,-88.8
1141,8.8,20.1,30.6,23.4,888.8,-88.8,-999.9,-88.8
1142,8.9,20.1,30.7,23.4,888.8,-88.8,-999.9,-88.8
1143,8.8,20.1,30.6,23.4,888.8,-88.8,-999.9,-88.8
1144,8.9,20.1,30.6,23.3,888.8,-88.8,-999.9,-88.8
1145,8.8,20.2,30.5,23.3,888.8,-88.8,-999.9,-88.8
1146,8.9,20.2,30.5,23.3,888.8,-88.8,-999.9,-88.8
1147,8.9,20.1,30.4,23.3,888.8,-88.8,-999.9,-88.8
1148,8.9,20.1,30.4,23.2,888.8,-88.8,-999.9,-88.8
1149,9,20.1,30.4,23.2,888.8,-88.8,-999.9,-88.8
1150,9,20.1,30.4,23.2,888.8,-88.8,-999.9,-88.8
1151,9,20.1,30.4,23.2,888.8,-88.8,-999.9,-88.8
1152,9,20.1,30.4,23.1,888.8,-88.8,-999.9,-88.8
1153,9.1,20.2,30.3,23.1,888.8,-88.8,-999.9,-88.8
1154,9.2,20.1,30.4,23.1,888.8,-88.8,-999.9,-88.8
1155,9.3,20.2,30.3,23.1,888.8,-88.8,-999.9,-88.8
1156,9.3,20.2,30.3,23.1,888.8,-88.8,-999.9,-88.8
1157,9.4,20.2,30.3,23.1,888.8,-88.8,-999.9,-88.8
1158,9.4,20.2,30.2,23.1,888.8,-88.8,-999.9,-88.8
1159,9.5,20.2,30.2,23,888.8,-88.8,-999.9,-88.8
1200,9.5,20.2,30.2,23,888.8,-88.8,-999.9,-88.8
1201,9.6,20.2,30.1,23,888.8,-88.8,-999.9,-88.8
1202,9.6,20.2,30.1,23,888.8,-88.8,-999.9,-88.8
1203,9.6,20.2,30.1,23,888.8,-88.8,-999.9,-88.8
1204,9.6,20.2,30.1,23,888.8,-88.8,-999.9,-88.8
1205,9.6,20.2,30,23,888.8,-88.8,-999.9,-88.8
1206,9.6,20.2,30,23,888.8,-88.8,-999.9,-88.8
1207,9.7,20.2,30,23,888.8,-88.8,-999.9,-88.8
1208,9.7,20.2,30,23,888.8,-88.8,-999.9,-88.8
1209,9.7,20.2,30,23,888.8,-88.8,-999.9,-88.8
1210,9.7,20.2,30,22.9,888.8,-88.8,-999.9,-88.8
1211,9.8,20.2,29.9,22.9,888.8,-88.8,-999.9,-88.8
1212,9.7,20.2,29.9,22.9,888.8,-88.8,-999.9,-88.8
1213,9.8,20.2,29.9,22.9,888.8,-88.8,-999.9,-88.8
1214,9.8,20.2,29.9,22.9,888.8,-88.8,-999.9,-88.8
1215,9.8,20.2,29.9,22.9,888.8,-88.8,-999.9,-88.8
1216,9.9,20.2,29.9,22.9,888.8,-88.8,-999.9,-88.8
1217,10,20.2,29.8,22.8,888.8,-88.8,-999.9,-88.8
1218,10,20.2,29.8,22.8,888.8,-88.8,-999.9,-88.8
1219,10.1,20.2,29.7,22.8,888.8,-88.8,-999.9,-88.8
1220,10.1,20.2,29.7,22.8,888.8,-88.8,-999.9,-88.8
1221,10.1,20.2,29.7,22.8,888.8,-88.8,-999.9,-88.8
1222,10.2,20.2,29.7,22.8,888.8,-88.8,-999.9,-88.8
1223,10.2,20.2,29.6,22.8,888.8,-88.8,-999.9,-88.8
1224,10.2,20.2,29.6,22.8,888.8,-88.8,-999.9,-88.8
1225,10.2,20.2,29.6,22.7,888.8,-88.8,-999.9,-88.8
1226,10.3,20.2,29.5,22.7,888.8,-88.8,-999.9,-88.8
1227,10.3,20.2,29.5,22.7,888.8,-88.8,-999.9,-88.8
1228,10.3,20.2,29.5,22.8,888.8,-88.8,-999.9,-88.8
1229,10.3,20.2,29.5,22.7,888.8,-88.8,-999.9,-88.8
1230,10.3,20.2,29.5,22.7,888.8,-88.8,-999.9,-88.8
1231,10.3,20.2,29.5,22.7,888.8,-88.8,-999.9,-88.8
1232,10.3,20.2,29.5,22.7,888.8,-88.8,-999.9,-88.8
1233,10.4,20.2,29.5,22.7,888.8,-88.8,-999.9,-88.8
1235,10.3,20.2,29.4,22.7,888.8,-88.8,-999.9,-88.8
1236,10.3,20.2,29.4,22.7,888.8,-88.8,-999.9,-88.8
1237,10.3,20.2,29.4,22.7,888.8,-88.8,-999.9,-88.8
1238,10.2,20.2,29.4,22.7,888.8,-88.8,-999.9,-88.8
1239,10.2,20.2,29.3,22.6,888.8,-88.8,-999.9,-88.8
1240,10.1,20.2,29.3,22.6,888.8,-88.8,-999.9,-88.8
1241,10.2,20.2,29.3,22.6,888.8,-88.8,-999.9,-88.8
1242,10.1,20.2,29.2,22.6,888.8,-88.8,-999.9,-88.8
1243,10.1,20.2,29.2,22.6,888.8,-88.8,-999.9,-88.8
1244,10.1,20.2,29.2,22.6,888.8,-88.8,-999.9,-88.8
1245,10,20.2,29.2,22.6,888.8,-88.8,-999.9,-88.8
1246,10,20.2,29.2,22.5,888.8,-88.8,-999.9,-88.8
1247,9.9,20.2,29.2,22.4,888.8,-88.8,-999.9,-88.8
1248,9.9,20.2,29.2,21.3,888.8,-88.8,-999.9,-88.8
1249,9.9,20.2,29.2,20.8,888.8,-88.8,-999.9,-88.8
1250,9.8,20.2,29.1,20.6,888.8,-88.8,-999.9,-88.8
1251,9.8,20.2,29.1,20.5,888.8,-88.8,-999.9,-88.8
1252,9.8,20.2,29.1,20.4,888.8,-88.8,-999.9,-88.8
1253,9.8,20.2,29.1,20.3,888.8,-88.8,-999.9,-88.8
1254,9.7,20.2,29.1,20.3,888.8,-88.8,-999.9,-88.8
1255,9.7,20.2,29.1,20.2,888.8,-88.8,-999.9,-88.8
1256,9.6,20.3,29.1,20.2,888.8,-88.8,-999.9,-88.8
1257,9.6,20.3,29.1,20.2,888.8,-88.8,-999.9,-88.8
1258,9.5,20.3,29.1,20.2,888.8,-88.8,-999.9,-88.8
1259,9.4,20.3,29.1,20.2,888.8,-88.8,-999.9,-88.8
1300,9.4,20.3,29.1,20.2,888.8,-88.8,-999.9,-88.8
1301,9.3,20.3,29.1,20.2,888.8,-88.8,-999.9,-88.8
1302,9.3,20.3,29,20.2,888.8,-88.8,-999.9,-88.8
1303,9.2,20.3,29.1,20.2,888.8,-88.8,-999.9,-88.8
1304,9.2,20.3,29,20.2,888.8,-88.8,-999.9,-88.8
1305,9.1,20.3,29.1,20.3,888.8,-88.8,-999.9,-88.8
1306,9.1,20.3,29.1,20.3,888.8,-88.8,-999.9,-88.8
1307,9,20.3,29.1,21.8,888.8,-88.8,-999.9,-88.8
1308,9,20.2,29.1,21.2,888.8,-88.8,-999.9,-88.8
1309,8.9,20.3,29.1,20.5,888.8,-88.8,-999.9,-88.8
1310,8.9,20.3,29.1,21,888.8,-88.8,-999.9,-88.8
1311,8.9,20.3,29.1,21.2,888.8,-88.8,-999.9,-88.8
1312,8.9,20.3,29.1,21.3,888.8,-88.8,-999.9,-88.8
1313,8.8,20.3,29.1,21.7,888.8,-88.8,-999.9,-88.8
1314,8.8,20.3,29.1,22.1,888.8,-88.8,-999.9,-88.8
1315,8.8,20.3,29.1,22.5,888.8,-88.8,-999.9,-88.8
1316,8.8,20.3,29.1,22.8,888.8,-88.8,-999.9,-88.8
1317,8.8,20.3,29.1,23.2,888.8,-88.8,-999.9,-88.8
1318,8.8,20.3,29.2,23.6,888.8,-88.8,-999.9,-88.8
1319,8.8,20.3,29.1,24,888.8,-88.8,-999.9,-88.8
1320,8.8,20.3,29.2,24.8,888.8,-88.8,-999.9,-88.8
1321,8.8,20.3,29.2,25.7,888.8,-88.8,-999.9,-88.8
1322,8.8,20.3,29.2,26.4,888.8,-88.8,-999.9,-88.8
1323,8.8,20.3,29.1,27.6,888.8,-88.8,-999.9,-88.8
1324,8.8,20.3,29.1,28.9,888.8,-88.8,-999.9,-88.8
1325,8.8,20.3,29.2,30.2,888.8,-88.8,-999.9,-88.8
1326,8.8,20.3,29.1,31.4,888.8,-88.8,-999.9,-88.8
1327,8.8,20.3,29.2,32.6,888.8,-88.8,-999.9,-88.8
1328,8.8,20.3,29.2,33.6,888.8,-88.8,-999.9,-88.8
1329,8.8,20.3,29.2,34.6,888.8,-88.8,-999.9,-88.8
1330,8.8,20.3,29.1,35.5,888.8,-88.8,-999.9,-88.8
1331,8.8,20.3,29.2,36.3,888.8,-88.8,-999.9,-88.8
1332,8.8,20.3,29.1,37,888.8,-88.8,-999.9,-88.8
1333,8.8,20.3,29.1,37.8,888.8,-88.8,-999.9,-88.8
1334,8.8,20.2,29.1,38.5,888.8,-88.8,-999.9,-88.8
1335,8.8,20.2,29,39.2,888.8,-88.8,-999.9,-88.8
1336,8.8,20.2,29,39.8,888.8,-88.8,-999.9,-88.8
1337,8.7,20.1,29,40.4,888.8,-88.8,-999.9,-88.8
1338,8.7,20.1,29,41,888.8,-88.8,-999.9,-88.8
1339,8.7,20,28.9,41.6,888.8,-88.8,-999.9,-88.8
1340,8.7,20,28.9,42.2,888.8,-88.8,-999.9,-88.8
1341,8.7,20,28.9,42.7,888.8,-88.8,-999.9,-88.8
1342,8.7,20,28.9,43.2,888.8,-88.8,-999.9,-88.8
1343,8.6,20,28.9,43.7,888.8,-88.8,-999.9,-88.8
1344,8.6,20,28.9,44.1,888.8,-88.8,-999.9,-88.8
1345,8.6,20,28.9,44.6,888.8,-88.8,-999.9,-88.8
1346,8.6,20,28.9,45,888.8,-88.8,-999.9,-88.8
1347,8.6,20,28.9,45.4,888.8,-88.8,-999.9,-88.8
1348,8.5,20,28.9,45.6,888.8,-88.8,-999.9,-88.8
1349,8.5,20,28.8,45.8,888.8,-88.8,-999.9,-88.8
1350,8.5,20,28.8,46.2,888.8,-88.8,-999.9,-88.8
1351,8.4,20,28.9,46.4,888.8,-88.8,-999.9,-88.8
1352,8.5,20,28.9,46.6,888.8,-88.8,-999.9,-88.8
1353,8.4,20,28.9,46.4,888.8,-88.8,-999.9,-88.8
1354,8.4,20,28.9,46.6,888.8,-88.8,-999.9,-88.8
1355,8.4,20,28.9,46.6,888.8,-88.8,-999.9,-88.8
1356,8.4,20,28.9,46.8,888.8,-88.8,-999.9,-88.8
1357,8.4,20,28.8,46.9,888.8,-88.8,-999.9,-88.8
1358,8.4,20,28.9,47,888.8,-88.8,-999.9,-88.8
1359,8.4,20,28.8,47,888.8,-88.8,-999.9,-88.8
1400,8.4,20,28.9,47,888.8,-88.8,-999.9,-88.8
1401,8.4,20,28.9,47,888.8,-88.8,-999.9,-88.8
1402,8.4,20,28.9,47,888.8,-88.8,-999.9,-88.8
1403,8.4,20,28.8,46.3,888.8,-88.8,-999.9,-88.8
1404,8.4,20,28.9,46.3,888.8,-88.8,-999.9,-88.8
1405,8.4,20,28.8,45.9,888.8,-88.8,-999.9,-88.8
1406,8.4,20,28.9,45.8,888.8,-88.8,-999.9,-88.8
1407,8.4,20,28.9,45.8,888.8,-88.8,-999.9,-88.8
1408,8.4,20,28.8,46,888.8,-88.8,-999.9,-88.8
1409,8.5,20,28.8,46,888.8,-88.8,-999.9,-88.8
1410,8.5,20,28.8,46,888.8,-88.8,-999.9,-88.8
1411,8.5,20,28.8,45.7,888.8,-88.8,-999.9,-88.8
1412,8.5,20,28.7,45.7,888.8,-88.8,-999.9,-88.8
1413,8.6,19.9,28.7,45.8,888.8,-88.8,-999.9,-88.8
1414,8.6,19.9,28.7,45.9,888.8,-88.8,-999.9,-88.8
1415,8.7,19.9,28.7,46,888.8,-88.8,-999.9,-88.8
1416,8.7,19.9,28.7,46.2,888.8,-88.8,-999.9,-88.8
1417,8.7,19.9,28.7,46.3,888.8,-88.8,-999.9,-88.8
1418,8.7,19.9,28.7,46.4,888.8,-88.8,-999.9,-88.8
1419,8.8,19.9,28.7,46.4,888.8,-88.8,-999.9,-88.8
1420,8.8,19.9,28.7,46.5,888.8,-88.8,-999.9,-88.8
1421,8.9,19.9,28.7,46.5,888.8,-88.8,-999.9,-88.8
1422,8.9,19.9,28.7,46.5,888.8,-88.8,-999.9,-88.8
1423,8.9,19.9,28.7,46.5,888.8,-88.8,-999.9,-88.8
1424,9,19.9,28.7,46.4,888.8,-88.8,-999.9,-88.8
1425,9,19.9,28.7,46.3,888.8,-88.8,-999.9,-88.8
1426,9,19.9,28.7,46.3,888.8,-88.8,-999.9,-88.8
1427,9,19.9,28.7,46.2,888.8,-88.8,-999.9,-88.8
1428,9,19.9,28.7,46.2,888.8,-88.8,-999.9,-88.8
1429,9,19.9,28.7,46.1,888.8,-88.8,-999.9,-88.8
1430,9,19.9,28.7,45.9,888.8,-88.8,-999.9,-88.8
1431,9,19.9,28.7,45.9,888.8,-88.8,-999.9,-88.8
1432,8.9,19.8,28.7,46.1,888.8,-88.8,-999.9,-88.8
1433,8.9,19.8,28.6,46.1,888.8,-88.8,-999.9,-88.8
1434,8.9,19.8,28.6,46,888.8,-88.8,-999.9,-88.8
1435,8.9,19.8,28.6,46,888.8,-88.8,-999.9,-88.8
1436,8.9,19.7,28.5,46.1,888.8,-88.8,-999.9,-88.8
1437,8.8,19.7,28.5,46.2,888.8,-88.8,-999.9,-88.8
1438,8.8,19.6,28.4,46.2,888.8,-88.8,-999.9,-88.8
1439,8.8,19.6,28.4,46.2,888.8,-88.8,-999.9,-88.8
1440,8.8,19.6,28.4,46.2,888.8,-88.8,-999.9,-88.8
1441,8.7,19.6,28.4,46.3,888.8,-88.8,-999.9,-88.8
1442,8.7,19.6,28.4,46.4,888.8,-88.8,-999.9,-88.8
1443,8.7,19.5,28.4,46.4,888.8,-88.8,-999.9,-88.8
1444,8.6,19.6,28.4,46.4,888.8,-88.8,-999.9,-88.8
1445,8.5,19.6,28.4,46.5,888.8,-88.8,-999.9,-88.8
1446,8.5,19.6,28.4,46.5,888.8,-88.8,-999.9,-88.8
1447,8.5,19.6,28.4,46.6,888.8,-88.8,-999.9,-88.8
1448,8.4,19.6,28.4,46.6,888.8,-88.8,-999.9,-88.8
1449,8.4,19.5,28.4,46.7,888.8,-88.8,-999.9,-88.8
1450,8.3,19.5,28.4,46.8,888.8,-88.8,-999.9,-88.8
1451,8.2,19.6,28.3,46.8,888.8,-88.8,-999.9,-88.8
1452,8.2,19.6,28.4,46.9,888.8,-88.8,-999.9,-88.8
1453,8.1,19.6,28.4,47,888.8,-88.8,-999.9,-88.8
1454,8,19.6,28.4,47,888.8,-88.8,-999.9,-88.8
1455,8,19.6,28.4,47.1,888.8,-88.8,-999.9,-88.8
1456,7.9,19.6,28.4,47.2,888.8,-88.8,-999.9,-88.8
1457,7.8,19.6,28.4,47.3,888.8,-88.8,-999.9,-88.8
1458,7.8,19.6,28.4,47.3,888.8,-88.8,-999.9,-88.8
1459,7.7,19.6,28.3,47.4,888.8,-88.8,-999.9,-88.8
1500,7.6,19.6,28.4,47.5,888.8,-88.8,-999.9,-88.8
1501,7.6,19.5,28.4,47.6,888.8,-88.8,-999.9,-88.8
1502,7.5,19.6,28.4,47.6,888.8,-88.8,-999.9,-88.8
1503,7.5,19.6,28.4,47.6,888.8,-88.8,-999.9,-88.8
1504,7.4,19.6,28.4,47.7,888.8,-88.8,-999.9,-88.8
1505,7.3,19.6,28.4,47.7,888.8,-88.8,-999.9,-88.8
1506,7.3,19.6,28.3,47.6,888.8,-88.8,-999.9,-88.8
1507,7.2,19.6,28.4,47.5,888.8,-88.8,-999.9,-88.8
1508,7.2,19.6,28.4,47.4,888.8,-88.8,-999.9,-88.8
1509,7.1,19.6,28.4,47.5,888.8,-88.8,-999.9,-88.8
1510,7,19.6,28.4,47.5,888.8,-88.8,-999.9,-88.8
1511,7,19.6,28.4,47,888.8,-88.8,-999.9,-88.8
1512,6.9,19.6,28.4,46.8,888.8,-88.8,-999.9,-88.8
1513,6.9,19.6,28.4,46.5,888.8,-88.8,-999.9,-88.8
1514,6.8,19.6,28.4,46,888.8,-88.8,-999.9,-88.8
1515,6.7,19.6,28.4,45.5,888.8,-88.8,-999.9,-88.8
1516,6.6,19.6,28.4,44.8,888.8,-88.8,-999.9,-88.8
1517,6.6,19.7,28.4,44.4,888.8,-88.8,-999.9,-88.8
1518,6.5,19.7,28.4,44.4,888.8,-88.8,-999.9,-88.8
1519,6.5,19.6,28.4,44.5,888.8,-88.8,-999.9,-88.8
1520,6.4,19.7,28.4,44.7,888.8,-88.8,-999.9,-88.8
1521,6.4,19.6,28.4,45.1,888.8,-88.8,-999.9,-88.8
1522,6.3,19.7,28.4,45.6,888.8,-88.8,-999.9,-88.8
1523,6.2,19.7,28.4,46,888.8,-88.8,-999.9,-88.8
1524,6.1,19.7,28.4,46.4,888.8,-88.8,-999.9,-88.8
1525,6.1,19.7,28.4,46.6,888.8,-88.8,-999.9,-88.8
1526,6,19.7,28.4,47,888.8,-88.8,-999.9,-88.8
1527,6,19.7,28.4,47.2,888.8,-88.8,-999.9,-88.8
1528,5.9,19.7,28.4,45.1,888.8,-88.8,-999.9,-88.8
1529,5.9,19.7,28.4,43.4,888.8,-88.8,-999.9,-88.8
1530,5.8,19.7,28.4,43.1,888.8,-88.8,-999.9,-88.8
1531,5.7,19.7,28.4,43.5,888.8,-88.8,-999.9,-88.8
1532,5.7,19.7,28.4,45.6,888.8,-88.8,-999.9,-88.8
1533,5.6,19.7,28.4,46.9,888.8,-88.8,-999.9,-88.8
1534,5.6,19.7,28.4,47.4,888.8,-88.8,-999.9,-88.8
1535,5.5,19.7,28.4,47.5,888.8,-88.8,-999.9,-88.8
1536,5.5,19.7,28.4,47.5,888.8,-88.8,-999.9,-88.8
1537,5.4,19.7,28.4,47.5,888.8,-88.8,-999.9,-88.8
1538,5.4,19.7,28.4,47.6,888.8,-88.8,-999.9,-88.8
1539,5.3,19.7,28.4,47.4,888.8,-88.8,-999.9,-88.8
1540,5.3,19.8,28.4,47,888.8,-88.8,-999.9,-88.8
1541,5.2,19.7,28.4,46.8,888.8,-88.8,-999.9,-88.8
1542,5.2,19.8,28.4,46.3,888.8,-88.8,-999.9,-88.8
1543,5.1,19.8,28.4,44.1,888.8,-88.8,-999.9,-88.8
1544,5.1,19.7,28.4,42,888.8,-88.8,-999.9,-88.8
1545,5,19.8,28.4,41.3,888.8,-88.8,-999.9,-88.8
1546,5,19.8,28.4,41.1,888.8,-88.8,-999.9,-88.8
1547,4.9,19.8,28.4,41.4,888.8,-88.8,-999.9,-88.8
1548,4.9,19.8,28.4,42,888.8,-88.8,-999.9,-88.8
1549,4.9,19.8,28.4,42.5,888.8,-88.8,-999.9,-88.8
1550,4.8,19.8,28.4,43,888.8,-88.8,-999.9,-88.8
1551,4.7,19.8,28.4,43.5,888.8,-88.8,-999.9,-88.8
1552,4.7,19.8,28.4,43.8,888.8,-88.8,-999.9,-88.8
1553,4.6,19.8,28.4,41.6,888.8,-88.8,-999.9,-88.8
1554,4.6,19.8,28.4,41.5,888.8,-88.8,-999.9,-88.8
1555,4.5,19.9,28.5,41.6,888.8,-88.8,-999.9,-88.8
1556,4.5,19.8,28.4,41.9,888.8,-88.8,-999.9,-88.8
1557,4.5,19.9,28.5,42.8,888.8,-88.8,-999.9,-88.8
1558,4.4,19.9,28.4,43.9,888.8,-88.8,-999.9,-88.8
1559,4.4,19.9,28.4,44.7,888.8,-88.8,-999.9,-88.8
1600,4.3,19.9,28.5,45.2,888.8,-88.8,-999.9,-88.8
1601,4.3,19.9,28.5,45.6,888.8,-88.8,-999.9,-88.8
1602,4.2,19.9,28.5,45.7,888.8,-88.8,-999.9,-88.8
1603,4.2,19.9,28.4,45.9,888.8,-88.8,-999.9,-88.8
1604,4.1,19.9,28.5,46.1,888.8,-88.8,-999.9,-88.8
1605,4.1,19.9,28.5,46.2,888.8,-88.8,-999.9,-88.8
1606,4,19.9,28.5,46.4,888.8,-88.8,-999.9,-88.8
1607,4,19.9,28.5,46.5,888.8,-88.8,-999.9,-88.8
1608,4,19.9,28.5,46.6,888.8,-88.8,-999.9,-88.8
1609,3.9,19.9,28.5,46.8,888.8,-88.8,-999.9,-88.8
1610,3.9,19.9,28.5,47,888.8,-88.8,-999.9,-88.8
1611,3.8,19.9,28.5,47.1,888.8,-88.8,-999.9,-88.8
1612,3.8,19.9,28.5,47.2,888.8,-88.8,-999.9,-88.8
1613,3.7,19.9,28.5,47.3,888.8,-88.8,-999.9,-88.8
1614,3.7,20,28.5,47.4,888.8,-88.8,-999.9,-88.8
1615,3.6,20,28.5,47.6,888.8,-88.8,-999.9,-88.8
1616,3.6,20,28.5,47.6,888.8,-88.8,-999.9,-88.8
1617,3.5,20,28.5,47.8,888.8,-88.8,-999.9,-88.8
1618,3.5,20,28.6,47.8,888.8,-88.8,-999.9,-88.8
1619,3.5,20,28.6,48,888.8,-88.8,-999.9,-88.8
1620,3.4,20,28.6,47.8,888.8,-88.8,-999.9,-88.8
1621,3.4,20,28.6,47.6,888.8,-88.8,-999.9,-88.8
1622,3.3,20,28.6,47.8,888.8,-88.8,-999.9,-88.8
1623,3.3,20,28.5,48,888.8,-88.8,-999.9,-88.8
1624,3.3,20,28.6,47.7,888.8,-88.8,-999.9,-88.8
1625,3.2,20,28.6,47.6,888.8,-88.8,-999.9,-88.8
1626,3.1,20,28.6,47.4,888.8,-88.8,-999.9,-88.8
1627,3.1,20,28.6,47.1,888.8,-88.8,-999.9,-88.8
1628,3.1,20,28.6,46.6,888.8,-88.8,-999.9,-88.8
1629,3,20,28.6,46.2,888.8,-88.8,-999.9,-88.8
1630,3,20,28.6,45.6,888.8,-88.8,-999.9,-88.8
1631,2.9,20,28.6,45,888.8,-88.8,-999.9,-88.8
1632,2.9,20,28.6,44.4,888.8,-88.8,-999.9,-88.8
1633,2.8,20,28.6,43.6,888.8,-88.8,-999.9,-88.8
1634,2.8,20.1,28.6,43.3,888.8,-88.8,-999.9,-88.8
1635,2.7,20.1,28.6,43.3,888.8,-88.8,-999.9,-88.8
1636,2.7,20.1,28.6,43.5,888.8,-88.8,-999.9,-88.8
1637,2.7,20.1,28.6,43.8,888.8,-88.8,-999.9,-88.8
1638,2.7,20.1,28.6,44.3,888.8,-88.8,-999.9,-88.8
1639,2.6,20.1,28.6,44.8,888.8,-88.8,-999.9,-88.8
1640,2.5,20.1,28.6,45.3,888.8,-88.8,-999.9,-88.8
1641,2.5,20.1,28.6,45.7,888.8,-88.8,-999.9,-88.8
1642,2.5,20.1,28.6,46,888.8,-88.8,-999.9,-88.8
1643,2.4,20.1,28.6,46.2,888.8,-88.8,-999.9,-88.8
1644,2.4,20.1,28.6,46.5,888.8,-88.8,-999.9,-88.8
1645,2.4,20.1,28.6,46.8,888.8,-88.8,-999.9,-88.8
1646,2.3,20.1,28.7,47,888.8,-88.8,-999.9,-88.8
1647,2.3,20.2,28.7,47.3,888.8,-88.8,-999.9,-88.8
1648,2.2,20.2,28.7,47.4,888.8,-88.8,-999.9,-88.8
1649,2.2,20.2,28.7,47.6,888.8,-88.8,-999.9,-88.8
1650,2.2,20.2,28.7,47.9,888.8,-88.8,-999.9,-88.8
1651,2.1,20.2,28.7,47.7,888.8,-88.8,-999.9,-88.8
1652,2.1,20.2,28.7,47.5,888.8,-88.8,-999.9,-88.8
1653,2,20.2,28.7,47.3,888.8,-88.8,-999.9,-88.8
1654,2,20.2,28.7,46.8,888.8,-88.8,-999.9,-88.8
1655,2,20.2,28.7,46.4,888.8,-88.8,-999.9,-88.8
1656,1.9,20.2,28.7,46,888.8,-88.8,-999.9,-88.8
1657,1.9,20.2,28.7,45.4,888.8,-88.8,-999.9,-88.8
1658,1.9,20.2,28.7,44.8,888.8,-88.8,-999.9,-88.8
1659,1.8,20.2,28.7,43.9,888.8,-88.8,-999.9,-88.8
1700,1.8,20.2,28.7,43.4,888.8,-88.8,-999.9,-88.8
1701,1.8,20.2,28.7,43.3,888.8,-88.8,-999.9,-88.8
1702,1.7,20.2,28.7,43.3,888.8,-88.8,-999.9,-88.8
1703,1.7,20.2,28.7,43.6,888.8,-88.8,-999.9,-88.8
1704,1.7,20.2,28.7,44.1,888.8,-88.8,-999.9,-88.8
1705,1.6,20.2,28.7,44.5,888.8,-88.8,-999.9,-88.8
1706,1.6,20.2,28.7,44.9,888.8,-88.8,-999.9,-88.8
1707,1.6,20.3,28.8,45.2,888.8,-88.8,-999.9,-88.8
1708,1.6,20.3,28.8,45.5,888.8,-88.8,-999.9,-88.8
1709,1.5,20.2,28.7,45.8,888.8,-88.8,-999.9,-88.8
1710,1.5,20.3,28.8,46,888.8,-88.8,-999.9,-88.8
1711,1.5,20.3,28.8,46.2,888.8,-88.8,-999.9,-88.8
1712,1.4,20.3,28.8,46.4,888.8,-88.8,-999.9,-88.8
1713,1.4,20.3,28.8,46.6,888.8,-88.8,-999.9,-88.8
1714,1.4,20.3,28.8,46.8,888.8,-88.8,-999.9,-88.8
1715,1.3,20.3,28.8,46.8,888.8,-88.8,-999.9,-88.8
1716,1.3,20.3,28.8,47,888.8,-88.8,-999.9,-88.8
1717,1.3,20.3,28.8,47,888.8,-88.8,-999.9,-88.8
1718,1.3,20.3,28.8,47.2,888.8,-88.8,-999.9,-88.8
1719,1.2,20.3,28.8,47.2,888.8,-88.8,-999.9,-88.8
1720,1.2,20.3,28.8,47.3,888.8,-88.8,-999.9,-88.8
1721,1.2,20.3,28.8,47.6,888.8,-88.8,-999.9,-88.8
1722,1.1,20.3,28.8,47.5,888.8,-88.8,-999.9,-88.8
1723,1.1,20.3,28.9,47.2,888.8,-88.8,-999.9,-88.8
1724,1.1,20.3,28.8,47,888.8,-88.8,-999.9,-88.8
1725,1.1,20.4,28.9,46.6,888.8,-88.8,-999.9,-88.8
1726,1.1,20.3,28.9,46.2,888.8,-88.8,-999.9,-88.8
1727,1,20.3,28.9,45.7,888.8,-88.8,-999.9,-88.8
1728,1,20.4,28.9,45.2,888.8,-88.8,-999.9,-88.8
1729,1,20.4,28.9,44.6,888.8,-88.8,-999.9,-88.8
1730,0.9,20.4,28.9,43.7,888.8,-88.8,-999.9,-88.8
1731,0.9,20.4,28.9,43.3,888.8,-88.8,-999.9,-88.8
1732,0.9,20.4,28.9,43.2,888.8,-88.8,-999.9,-88.8
1733,0.9,20.4,28.9,43.3,888.8,-88.8,-999.9,-88.8
1734,0.9,20.4,28.9,43.7,888.8,-88.8,-999.9,-88.8
1735,0.8,20.4,28.9,44.1,888.8,-88.8,-999.9,-88.8
1736,0.8,20.4,28.9,44.6,888.8,-88.8,-999.9,-88.8
1737,0.8,20.4,28.9,45.1,888.8,-88.8,-999.9,-88.8
1738,0.8,20.4,28.9,45.4,888.8,-88.8,-999.9,-88.8
1739,0.7,20.4,28.9,45.8,888.8,-88.8,-999.9,-88.8
1740,0.7,20.5,28.9,46,888.8,-88.8,-999.9,-88.8
1741,0.7,20.5,28.9,46.4,888.8,-88.8,-999.9,-88.8
1742,0.7,20.5,28.9,46.6,888.8,-88.8,-999.9,-88.8
1743,0.7,20.5,28.9,46.9,888.8,-88.8,-999.9,-88.8
1744,0.6,20.5,28.9,47.1,888.8,-88.8,-999.9,-88.8
1745,0.6,20.5,28.9,47.3,888.8,-88.8,-999.9,-88.8
1746,0.6,20.5,29,47.5,888.8,-88.8,-999.9,-88.8
1747,0.6,20.5,29,47.7,888.8,-88.8,-999.9,-88.8
1748,0.6,20.5,29,47.8,888.8,-88.8,-999.9,-88.8
1749,0.5,20.5,28.9,42.7,888.8,-88.8,-999.9,-88.8
1750,0.5,20.5,29,41.9,888.8,-88.8,-999.9,-88.8
1751,0.5,20.5,29,43.1,888.8,-88.8,-999.9,-88.8
1752,0.5,20.5,29,44.3,888.8,-88.8,-999.9,-88.8
1753,0.5,20.5,29,45.4,888.8,-88.8,-999.9,-88.8
1754,0.5,20.5,29,46,888.8,-88.8,-999.9,-88.8
1755,0.4,20.5,29,46.4,888.8,-88.8,-999.9,-88.8
1756,0.4,20.6,29,46.8,888.8,-88.8,-999.9,-88.8
1757,0.4,20.5,29,46.9,888.8,-88.8,-999.9,-88.8
1758,0.4,20.5,29,47.1,888.8,-88.8,-999.9,-88.8
1759,0.4,20.5,29,47.3,888.8,-88.8,-999.9,-88.8
1800,0.4,20.5,29,47.5,888.8,-88.8,-999.9,-88.8
1801,0.3,20.5,29,47.8,888.8,-88.8,-999.9,-88.8
1802,0.3,20.5,29,48.1,888.8,-88.8,-999.9,-88.8
1803,0.3,20.5,29,48.1,888.8,-88.8,-999.9,-88.8
1804,0.3,20.6,29,48.3,888.8,-88.8,-999.9,-88.8
1805,0.3,20.6,29,48.5,888.8,-88.8,-999.9,-88.8
1806,0.3,20.6,29,48.7,888.8,-88.8,-999.9,-88.8
1807,0.3,20.6,29,48.7,888.8,-88.8,-999.9,-88.8
1808,0.2,20.6,29,48.9,888.8,-88.8,-999.9,-88.8
1809,0.2,20.6,29,49,888.8,-88.8,-999.9,-88.8
1810,0.2,20.6,29,49,888.8,-88.8,-999.9,-88.8
1811,0.2,20.6,29,48.1,888.8,-88.8,-999.9,-88.8
1812,0.2,20.6,29,47.3,888.8,-88.8,-999.9,-88.8
1813,0.1,20.6,29,46.3,888.8,-88.8,-999.9,-88.8
1814,0.1,20.6,29,45.2,888.8,-88.8,-999.9,-88.8
1815,0.1,20.6,29,44.1,888.8,-88.8,-999.9,-88.8
1816,0.1,20.6,29,43.4,888.8,-88.8,-999.9,-88.8
1817,0.1,20.6,29,43.1,888.8,-88.8,-999.9,-88.8
1818,0,20.6,29,43.1,888.8,-88.8,-999.9,-88.8
1819,0,20.6,29,43.1,888.8,-88.8,-999.9,-88.8
1820,0,20.6,29,43.1,888.8,-88.8,-999.9,-88.8
1821,0,20.6,29,43.2,888.8,-88.8,-999.9,-88.8
1822,0,20.5,28.9,43.5,888.8,-88.8,-999.9,-88.8
1823,0,20.5,28.9,43.9,888.8,-88.8,-999.9,-88.8
1824,0,20.5,28.9,44.4,888.8,-88.8,-999.9,-88.8
1825,0,20.5,28.9,45,888.8,-88.8,-999.9,-88.8
1826,0,20.4,28.8,45.3,888.8,-88.8,-999.9,-88.8
1827,0,20.4,28.8,45.5,888.8,-88.8,-999.9,-88.8
1828,0,20.3,28.8,45.7,888.8,-88.8,-999.9,-88.8
1829,0,20.3,28.7,45.8,888.8,-88.8,-999.9,-88.8
1830,-0.1,20.3,28.7,46,888.8,-88.8,-999.9,-88.8
1831,-0.1,20.3,28.7,46.1,888.8,-88.8,-999.9,-88.8
1832,-0.1,20.2,28.7,46.3,888.8,-88.8,-999.9,-88.8
1833,-0.1,20.2,28.7,46.4,888.8,-88.8,-999.9,-88.8
1834,-0.1,20.2,28.6,46.5,888.8,-88.8,-999.9,-88.8
1835,-0.1,20.2,28.6,46.6,888.8,-88.8,-999.9,-88.8
1836,-0.1,20.1,28.6,46.7,888.8,-88.8,-999.9,-88.8
1837,-0.2,20.1,28.6,46.8,888.8,-88.8,-999.9,-88.8
1838,-0.2,20.1,28.6,46.9,888.8,-88.8,-999.9,-88.8
1839,-0.2,20.1,28.6,47,888.8,-88.8,-999.9,-88.8
1840,-0.2,20.1,28.6,47.1,888.8,-88.8,-999.9,-88.8
1841,-0.2,20.1,28.6,47.2,888.8,-88.8,-999.9,-88.8
1842,-0.3,20.1,28.6,47.2,888.8,-88.8,-999.9,-88.8
1843,-0.3,20.2,28.6,47.4,888.8,-88.8,-999.9,-88.8
1844,-0.2,20.1,28.7,47.6,888.8,-88.8,-999.9,-88.8
1845,-0.3,20.1,28.6,47.7,888.8,-88.8,-999.9,-88.8
1846,-0.3,20.1,28.6,47.9,888.8,-88.8,-999.9,-88.8
1847,-0.3,20.1,28.6,48.1,888.8,-88.8,-999.9,-88.8
1848,-0.4,20.1,28.7,48.2,888.8,-88.8,-999.9,-88.8
1849,-0.4,20.1,28.6,48.4,888.8,-88.8,-999.9,-88.8
1850,-0.3,20.1,28.7,48.5,888.8,-88.8,-999.9,-88.8
1851,-0.4,20.1,28.7,48.7,888.8,-88.8,-999.9,-88.8
1852,-0.4,20.1,28.7,48.8,888.8,-88.8,-999.9,-88.8
1853,-0.4,20.2,28.7,49,888.8,-88.8,-999.9,-88.8
1854,-0.4,20.2,28.7,49.2,888.8,-88.8,-999.9,-88.8
1855,-0.4,20.2,28.7,48.8,888.8,-88.8,-999.9,-88.8
1856,-0.4,20.2,28.7,48.3,888.8,-88.8,-999.9,-88.8
1857,-0.4,20.2,28.7,47.8,888.8,-88.8,-999.9,-88.8
1858,-0.4,20.1,28.7,47.3,888.8,-88.8,-999.9,-88.8
1859,-0.4,20.2,28.7,46.9,888.8,-88.8,-999.9,-88.8
1900,-0.4,20.2,28.7,46.6,888.8,-88.8,-999.9,-88.8
1901,-0.4,20.2,28.7,46.2,888.8,-88.8,-999.9,-88.8
1902,-0.4,20.2,28.7,46,888.8,-88.8,-999.9,-88.8
1903,-0.4,20.2,28.7,46.2,888.8,-88.8,-999.9,-88.8
1904,-0.4,20.2,28.7,46.6,888.8,-88.8,-999.9,-88.8
1905,-0.4,20.2,28.8,46.8,888.8,-88.8,-999.9,-88.8
1906,-0.5,20.2,28.8,47,888.8,-88.8,-999.9,-88.8
1907,-0.5,20.2,28.8,47.2,888.8,-88.8,-999.9,-88.8
1908,-0.5,20.2,28.7,47.4,888.8,-88.8,-999.9,-88.8
1909,-0.5,20.2,28.8,47.6,888.8,-88.8,-999.9,-88.8
1910,-0.5,20.2,28.8,47.8,888.8,-88.8,-999.9,-88.8
1911,-0.5,20.2,28.8,48.1,888.8,-88.8,-999.9,-88.8
1912,-0.5,20.2,28.8,48.3,888.8,-88.8,-999.9,-88.8
1913,-0.5,20.2,28.8,48.5,888.8,-88.8,-999.9,-88.8
1914,-0.5,20.2,28.8,48.6,888.8,-88.8,-999.9,-88.8
1915,-0.5,20.3,28.8,48.8,888.8,-88.8,-999.9,-88.8
1916,-0.5,20.3,28.8,48.9,888.8,-88.8,-999.9,-88.8
1917,-0.5,20.3,28.8,49.1,888.8,-88.8,-999.9,-88.8
1918,-0.5,20.3,28.8,49.2,888.8,-88.8,-999.9,-88.8
1919,-0.5,20.3,28.8,48.8,888.8,-88.8,-999.9,-88.8
1920,-0.5,20.3,28.8,48.3,888.8,-88.8,-999.9,-88.8
1921,-0.6,20.3,28.8,47.8,888.8,-88.8,-999.9,-88.8
1922,-0.6,20.3,28.8,47.4,888.8,-88.8,-999.9,-88.8
1923,-0.5,20.3,28.9,47,888.8,-88.8,-999.9,-88.8
1924,-0.6,20.3,28.9,46.6,888.8,-88.8,-999.9,-88.8
1925,-0.6,20.3,28.9,46.2,888.8,-88.8,-999.9,-88.8
1926,-0.6,20.3,28.9,46.1,888.8,-88.8,-999.9,-88.8
1927,-0.6,20.3,28.9,46.3,888.8,-88.8,-999.9,-88.8
1928,-0.6,20.3,28.8,46.6,888.8,-88.8,-999.9,-88.8
1929,-0.6,20.3,28.7,46.8,888.8,-88.8,-999.9,-88.8
1930,-0.6,20.2,28.7,47,888.8,-88.8,-999.9,-88.8
1931,-0.6,20.2,28.7,47.2,888.8,-88.8,-999.9,-88.8
1932,-0.7,20.2,28.6,47.4,888.8,-88.8,-999.9,-88.8
1933,-0.7,20.1,28.6,47.6,888.8,-88.8,-999.9,-88.8
1934,-0.7,20.2,28.6,47.9,888.8,-88.8,-999.9,-88.8
1935,-0.7,20.1,28.6,48.1,888.8,-88.8,-999.9,-88.8
1936,-0.7,20.1,28.6,48.2,888.8,-88.8,-999.9,-88.8
1937,-0.7,20.1,28.6,48.4,888.8,-88.8,-999.9,-88.8
1938,-0.7,20.1,28.6,48.5,888.8,-88.8,-999.9,-88.8
1939,-0.7,20.1,28.6,48.5,888.8,-88.8,-999.9,-88.8
1940,-0.7,20.1,28.6,48.4,888.8,-88.8,-999.9,-88.8
1941,-0.7,20.2,28.6,48.3,888.8,-88.8,-999.9,-88.8
1942,-0.7,20.1,28.7,48.3,888.8,-88.8,-999.9,-88.8
1943,-0.7,20.2,28.7,48.3,888.8,-88.8,-999.9,-88.8
1944,-0.7,20.1,28.7,47.7,888.8,-88.8,-999.9,-88.8
1945,-0.8,20.2,28.7,47,888.8,-88.8,-999.9,-88.8
1946,-0.8,20.2,28.7,38.7,888.8,-88.8,-999.9,-88.8
1947,-0.8,20.2,28.7,36.8,888.8,-88.8,-999.9,-88.8
1948,-0.8,20.2,28.7,35.7,888.8,-88.8,-999.9,-88.8
1949,-0.8,20.2,28.7,34.8,888.8,-88.8,-999.9,-88.8
1950,-0.8,20.2,28.7,34.1,888.8,-88.8,-999.9,-88.8
1951,-0.8,20.2,28.7,33.8,888.8,-88.8,-999.9,-88.8
1952,-0.8,20.2,28.7,33.1,888.8,-88.8,-999.9,-88.8
1953,-0.8,20.2,28.7,33,888.8,-88.8,-999.9,-88.8
1954,-0.8,20.2,28.7,32.7,888.8,-88.8,-999.9,-88.8
1955,-0.8,20.2,28.7,32.3,888.8,-88.8,-999.9,-88.8
1956,-0.8,20.2,28.7,32.2,888.8,-88.8,-999.9,-88.8
1957,-0.8,20.2,28.7,31.8,888.8,-88.8,-999.9,-88.8
1958,-0.8,20.2,28.7,31.7,888.8,-88.8,-999.9,-88.8
1959,-0.8,20.2,28.7,31.3,888.8,-88.8,-999.9,-88.8
2000,-0.8,20.2,28.8,31.2,888.8,-88.8,-999.9,-88.8
2001,-0.8,20.2,28.8,31,888.8,-88.8,-999.9,-88.8
2002,-0.8,20.2,28.8,30.8,888.8,-88.8,-999.9,-88.8
2003,-0.8,20.2,28.8,30.5,888.8,-88.8,-999.9,-88.8
2004,-0.8,20.2,28.8,30.4,888.8,-88.8,-999.9,-88.8
2005,-0.8,20.2,28.8,30.3,888.8,-88.8,-999.9,-88.8
2006,-0.8,20.3,28.8,30.1,888.8,-88.8,-999.9,-88.8
2007,-0.8,20.3,28.8,29.9,888.8,-88.8,-999.9,-88.8
2008,-0.8,20.3,28.8,29.7,888.8,-88.8,-999.9,-88.8
2009,-0.9,20.3,28.8,29.6,888.8,-88.8,-999.9,-88.8
2010,-0.9,20.3,28.8,29.4,888.8,-88.8,-999.9,-88.8
2011,-0.9,20.3,28.8,29.3,888.8,-88.8,-999.9,-88.8
2012,-0.9,20.3,28.8,29.1,888.8,-88.8,-999.9,-88.8
2013,-0.9,20.3,28.9,29,888.8,-88.8,-999.9,-88.8
2014,-0.9,20.3,28.9,28.9,888.8,-88.8,-999.9,-88.8
2015,-0.9,20.3,28.9,28.7,888.8,-88.8,-999.9,-88.8
2016,-0.9,20.3,28.9,28.6,888.8,-88.8,-999.9,-88.8
2017,-0.9,20.3,28.9,28.4,888.8,-88.8,-999.9,-88.8
2018,-0.9,20.3,28.9,28.3,888.8,-88.8,-999.9,-88.8
2019,-0.9,20.4,28.9,28.2,888.8,-88.8,-999.9,-88.8
2020,-0.9,20.3,28.9,28.1,888.8,-88.8,-999.9,-88.8
2021,-0.9,20.3,28.9,27.9,888.8,-88.8,-999.9,-88.8
2022,-0.9,20.3,28.9,27.8,888.8,-88.8,-999.9,-88.8
2023,-0.9,20.4,28.9,27.7,888.8,-88.8,-999.9,-88.8
2024,-0.9,20.3,28.9,27.6,888.8,-88.8,-999.9,-88.8
2025,-0.9,20.4,28.9,27.5,888.8,-88.8,-999.9,-88.8
2026,-0.9,20.4,28.9,27.4,888.8,-88.8,-999.9,-88.8
2027,-0.9,20.4,28.9,27.2,888.8,-88.8,-999.9,-88.8
2028,-0.9,20.4,28.9,27.1,888.8,-88.8,-999.9,-88.8
2029,-0.9,20.4,28.9,27,888.8,-88.8,-999.9,-88.8
2030,-0.9,20.4,28.9,26.9,888.8,-88.8,-999.9,-88.8
2031,-0.9,20.4,28.9,26.8,888.8,-88.8,-999.9,-88.8
2032,-0.9,20.4,28.9,26.7,888.8,-88.8,-999.9,-88.8
2033,-0.9,20.4,28.9,26.5,888.8,-88.8,-999.9,-88.8
2034,-0.9,20.4,28.9,26.4,888.8,-88.8,-999.9,-88.8
2035,-0.9,20.4,28.9,26.3,888.8,-88.8,-999.9,-88.8
2036,-0.9,20.4,29,26.3,888.8,-88.8,-999.9,-88.8
2037,-0.9,20.5,29,26.2,888.8,-88.8,-999.9,-88.8
2038,-0.9,20.5,28.9,26.1,888.8,-88.8,-999.9,-88.8
2039,-0.9,20.5,29,26,888.8,-88.8,-999.9,-88.8
2040,-1,20.5,29,26,888.8,-88.8,-999.9,-88.8
2041,-1,20.5,29,25.9,888.8,-88.8,-999.9,-88.8
2042,-1,20.5,29,25.7,888.8,-88.8,-999.9,-88.8
2043,-1,20.5,29,25.6,888.8,-88.8,-999.9,-88.8
2044,-1,20.5,28.9,25.5,888.8,-88.8,-999.9,-88.8
2045,-1,20.5,29,25.4,888.8,-88.8,-999.9,-88.8
2046,-1,20.5,28.9,25.3,888.8,-88.8,-999.9,-88.8
2047,-1,20.4,28.9,25.3,888.8,-88.8,-999.9,-88.8
2048,-1,20.4,28.9,25.2,888.8,-88.8,-999.9,-88.8
2049,-1,20.4,28.9,25.1,888.8,-88.8,-999.9,-88.8
2050,-1,20.4,28.9,25,888.8,-88.8,-999.9,-88.8
2051,-1,20.4,28.9,24.9,888.8,-88.8,-999.9,-88.8
2052,-1,20.4,28.9,24.8,888.8,-88.8,-999.9,-88.8
2053,-1,20.4,28.9,24.8,888.8,-88.8,-999.9,-88.8
2054,-1,20.4,28.9,24.7,888.8,-88.8,-999.9,-88.8
2055,-1,20.4,28.9,24.6,888.8,-88.8,-999.9,-88.8
2056,-1,20.4,28.9,24.5,888.8,-88.8,-999.9,-88.8
2057,-1,20.4,28.9,24.5,888.8,-88.8,-999.9,-88.8
2058,-1,20.4,28.9,24.4,888.8,-88.8,-999.9,-88.8
2059,-1,20.4,28.9,24.3,888.8,-88.8,-999.9,-88.8
2100,-1,20.4,28.9,24.3,888.8,-88.8,-999.9,-88.8
2101,-1,20.4,28.9,24.2,888.8,-88.8,-999.9,-88.8
2102,-1,20.3,28.9,24.1,888.8,-88.8,-999.9,-88.8
2103,-1,20.4,28.9,30.8,888.8,-88.8,-999.9,-88.8
2104,-1,20.4,28.9,27.6,888.8,-88.8,-999.9,-88.8
2105,-1,20.4,28.9,24.8,888.8,-88.8,-999.9,-88.8
2106,-1,20.4,28.9,26.1,888.8,-88.8,-999.9,-88.8
2107,-1,20.4,28.9,28.2,888.8,-88.8,-999.9,-88.8
2108,-1,20.4,28.9,30.3,888.8,-88.8,-999.9,-88.8
2109,-1,20.5,28.9,32.3,888.8,-88.8,-999.9,-88.8
2110,-1,20.5,28.9,34.4,888.8,-88.8,-999.9,-88.8
2111,-1,20.5,28.9,36.5,888.8,-88.8,-999.9,-88.8
2112,-1,20.5,28.9,38.4,888.8,-88.8,-999.9,-88.8
2113,-1,20.5,28.9,40.3,888.8,-88.8,-999.9,-88.8
2114,-1,20.5,28.9,41.9,888.8,-88.8,-999.9,-88.8
2115,-1,20.5,28.9,43.2,888.8,-88.8,-999.9,-88.8
2116,-1,20.5,28.9,44.3,888.8,-88.8,-999.9,-88.8
2117,-1,20.5,29,45.3,888.8,-88.8,-999.9,-88.8
2118,-1,20.5,29,46.3,888.8,-88.8,-999.9,-88.8
2119,-1,20.5,29,47.1,888.8,-88.8,-999.9,-88.8
2120,-1,20.5,29,48,888.8,-88.8,-999.9,-88.8
2121,-1,20.5,29,48.6,888.8,-88.8,-999.9,-88.8
2122,-1,20.5,29,49.1,888.8,-88.8,-999.9,-88.8
2123,-1,20.5,29,49.6,888.8,-88.8,-999.9,-88.8
2124,-1,20.5,29,50,888.8,-88.8,-999.9,-88.8
2125,-1,20.5,29,50.4,888.8,-88.8,-999.9,-88.8
2126,-1,20.5,29,50.7,888.8,-88.8,-999.9,-88.8
2127,-1,20.5,29,51,888.8,-88.8,-999.9,-88.8
2128,-1.1,20.5,29,49.8,888.8,-88.8,-999.9,-88.8
2129,-1.1,20.6,29,49.1,888.8,-88.8,-999.9,-88.8
2130,-1,20.5,29,48.7,888.8,-88.8,-999.9,-88.8
2131,-1.1,20.6,29,48.2,888.8,-88.8,-999.9,-88.8
2132,-1.1,20.6,29,47.8,888.8,-88.8,-999.9,-88.8
2133,-1.1,20.6,29,47.4,888.8,-88.8,-999.9,-88.8
2134,-1.1,20.6,29,47.2,888.8,-88.8,-999.9,-88.8
2135,-1.1,20.6,29,46.8,888.8,-88.8,-999.9,-88.8
2136,-1,20.6,29,47.1,888.8,-88.8,-999.9,-88.8
2137,-1,20.6,29,47.8,888.8,-88.8,-999.9,-88.8
2138,-1,20.6,29,48.3,888.8,-88.8,-999.9,-88.8
2139,-1.1,20.6,29,48.8,888.8,-88.8,-999.9,-88.8
2140,-1.1,20.6,29,49.2,888.8,-88.8,-999.9,-88.8
2141,-1,20.6,29,49.7,888.8,-88.8,-999.9,-88.8
2142,-1.1,20.6,29.1,50.2,888.8,-88.8,-999.9,-88.8
2143,-1.1,20.6,29.1,50.8,888.8,-88.8,-999.9,-88.8
2144,-1.1,20.6,29.1,50.7,888.8,-88.8,-999.9,-88.8
2145,-1,20.6,29.1,49.7,888.8,-88.8,-999.9,-88.8
2146,-1,20.6,29.1,49.1,888.8,-88.8,-999.9,-88.8
2147,-1.1,20.6,29.1,48.7,888.8,-88.8,-999.9,-88.8
2148,-1,20.6,29.1,48.3,888.8,-88.8,-999.9,-88.8
2149,-1,20.7,29.1,47.8,888.8,-88.8,-999.9,-88.8
2150,-1,20.6,29,47.6,888.8,-88.8,-999.9,-88.8
2151,-1,20.7,29.1,47.3,888.8,-88.8,-999.9,-88.8
2152,-1,20.7,29.1,46.9,888.8,-88.8,-999.9,-88.8
2153,-1,20.7,29.1,47.2,888.8,-88.8,-999.9,-88.8
2154,-1,20.7,29.1,47.9,888.8,-88.8,-999.9,-88.8
2155,-1,20.7,29.1,48.4,888.8,-88.8,-999.9,-88.8
2156,-1,20.7,29.1,48.9,888.8,-88.8,-999.9,-88.8
2157,-1,20.7,29.2,49.3,888.8,-88.8,-999.9,-88.8
2158,-1,20.7,29.2,49.9,888.8,-88.8,-999.9,-88.8
2159,-1,20.7,29.1,50.4,888.8,-88.8,-999.9,-88.8
2200,-1,20.7,29.2,50.9,888.8,-88.8,-999.9,-88.8
2201,-1,20.7,29.2,50.2,888.8,-88.8,-999.9,-88.8
2202,-1,20.7,29.2,49.5,888.8,-88.8,-999.9,-88.8
2203,-1,20.7,29.2,48.9,888.8,-88.8,-999.9,-88.8
2204,-1,20.7,29.2,46.8,888.8,-88.8,-999.9,-88.8
2205,-1,20.7,29.2,41.8,888.8,-88.8,-999.9,-88.8
2206,-1,20.7,29.2,40.8,888.8,-88.8,-999.9,-88.8
2207,-1,20.7,29.2,40.3,888.8,-88.8,-999.9,-88.8
2208,-1,20.8,29.2,40.1,888.8,-88.8,-999.9,-88.8
2209,-1,20.8,29.2,39.9,888.8,-88.8,-999.9,-88.8
2210,-0.9,20.8,29.2,39.7,888.8,-88.8,-999.9,-88.8
2211,-0.9,20.8,29.2,39.3,888.8,-88.8,-999.9,-88.8
2212,-1,20.8,29.2,38.5,888.8,-88.8,-999.9,-88.8
2213,-1,20.8,29.2,37.5,888.8,-88.8,-999.9,-88.8
2214,-0.9,20.8,29.2,36.7,888.8,-88.8,-999.9,-88.8
2215,-0.9,20.8,29.2,35.9,888.8,-88.8,-999.9,-88.8
2216,-0.9,20.8,29.2,35.2,888.8,-88.8,-999.9,-88.8
2217,-1,20.9,29.3,34.6,888.8,-88.8,-999.9,-88.8
2218,-0.9,20.8,29.3,34,888.8,-88.8,-999.9,-88.8
2219,-0.9,20.8,29.2,33.5,888.8,-88.8,-999.9,-88.8
2220,-0.9,20.9,29.2,32.8,888.8,-88.8,-999.9,-88.8
2221,-0.9,20.9,29.2,32.2,888.8,-88.8,-999.9,-88.8
2222,-0.9,20.9,29.2,31.8,888.8,-88.8,-999.9,-88.8
2223,-0.9,20.9,29.2,31.5,888.8,-88.8,-999.9,-88.8
2224,-0.9,20.8,29.2,31.2,888.8,-88.8,-999.9,-88.8
2225,-0.9,20.8,29.2,30.9,888.8,-88.8,-999.9,-88.8
2226,-0.9,20.8,29.2,30.7,888.8,-88.8,-999.9,-88.8
2227,-0.9,20.8,29.1,30.4,888.8,-88.8,-999.9,-88.8
2228,-0.9,20.8,29.1,30.3,888.8,-88.8,-999.9,-88.8
2229,-0.9,20.8,29.1,30,888.8,-88.8,-999.9,-88.8
2230,-0.9,20.8,29.1,29.9,888.8,-88.8,-999.9,-88.8
2231,-0.9,20.8,29.1,29.8,888.8,-88.8,-999.9,-88.8
2232,-0.9,20.7,29.1,29.5,888.8,-88.8,-999.9,-88.8
2233,-0.9,20.8,29.1,29.4,888.8,-88.8,-999.9,-88.8
2234,-0.9,20.8,29.1,29.2,888.8,-88.8,-999.9,-88.8
2235,-0.9,20.7,29.2,29,888.8,-88.8,-999.9,-88.8
2236,-0.9,20.7,29.2,28.8,888.8,-88.8,-999.9,-88.8
2237,-0.9,20.8,29.2,28.6,888.8,-88.8,-999.9,-88.8
2238,-0.9,20.8,29.1,28.5,888.8,-88.8,-999.9,-88.8
2239,-0.9,20.8,29.2,28.4,888.8,-88.8,-999.9,-88.8
2240,-0.9,20.8,29.2,28.3,888.8,-88.8,-999.9,-88.8
2241,-0.9,20.8,29.2,28.1,888.8,-88.8,-999.9,-88.8
2242,-0.9,20.8,29.2,27.9,888.8,-88.8,-999.9,-88.8
2243,-0.9,20.8,29.2,27.9,888.8,-88.8,-999.9,-88.8
2244,-0.9,20.8,29.2,27.7,888.8,-88.8,-999.9,-88.8
2245,-0.9,20.8,29.2,27.5,888.8,-88.8,-999.9,-88.8
2246,-0.9,20.8,29.2,27.3,888.8,-88.8,-999.9,-88.8
2247,-0.9,20.8,29.1,27.2,888.8,-88.8,-999.9,-88.8
2248,-0.9,20.7,29.1,27.1,888.8,-88.8,-999.9,-88.8
2249,-0.9,20.7,29,27,888.8,-88.8,-999.9,-88.8
2250,-0.9,20.7,29.1,26.9,888.8,-88.8,-999.9,-88.8
2251,-0.9,20.7,29,26.9,888.8,-88.8,-999.9,-88.8
2252,-0.9,20.6,29,26.7,888.8,-88.8,-999.9,-88.8
2253,-0.9,20.7,29,26.5,888.8,-88.8,-999.9,-88.8
2254,-0.9,20.6,29,26.5,888.8,-88.8,-999.9,-88.8
2255,-0.9,20.6,29,26.4,888.8,-88.8,-999.9,-88.8
2256,-0.9,20.7,29,26.2,888.8,-88.8,-999.9,-88.8
2257,-0.9,20.6,29,26.2,888.8,-88.8,-999.9,-88.8
2258,-0.9,20.6,29,26,888.8,-88.8,-999.9,-88.8
2259,-0.9,20.7,29.1,25.9,888.8,-88.8,-999.9,-88.8
2300,-0.9,20.7,29,25.8,888.8,-88.8,-999.9,-88.8
2301,-0.9,20.7,29,25.7,888.8,-88.8,-999.9,-88.8
2302,-0.9,20.7,29,25.6,888.8,-88.8,-999.9,-88.8
2303,-0.9,20.7,29,25.5,888.8,-88.8,-999.9,-88.8
2304,-0.9,20.7,29,25.4,888.8,-88.8,-999.9,-88.8
2305,-0.9,20.7,29.1,25.3,888.8,-88.8,-999.9,-88.8
2306,-0.9,20.7,29.1,25.2,888.8,-88.8,-999.9,-88.8
2307,-0.9,20.7,29.1,25.1,888.8,-88.8,-999.9,-88.8
2308,-0.9,20.7,29.1,25,888.8,-88.8,-999.9,-88.8
2309,-0.9,20.7,29.1,24.9,888.8,-88.8,-999.9,-88.8
2310,-0.9,20.7,29.1,24.8,888.8,-88.8,-999.9,-88.8
2311,-0.9,20.7,29.1,24.8,888.8,-88.8,-999.9,-88.8
2312,-0.9,20.7,29.1,24.7,888.8,-88.8,-999.9,-88.8
2313,-0.9,20.7,29.1,24.6,888.8,-88.8,-999.9,-88.8
2314,-0.9,20.7,29.1,24.6,888.8,-88.8,-999.9,-88.8
2315,-0.9,20.7,29,24.5,888.8,-88.8,-999.9,-88.8
2316,-0.9,20.7,29.1,24.5,888.8,-88.8,-999.9,-88.8
2317,-0.9,20.7,29.1,24.4,888.8,-88.8,-999.9,-88.8
2318,-0.9,20.7,29.1,24.3,888.8,-88.8,-999.9,-88.8
2319,-0.9,20.7,29.1,24.3,888.8,-88.8,-999.9,-88.8
2320,-0.9,20.7,29.1,24.2,888.8,-88.8,-999.9,-88.8
2321,-0.9,20.7,29.1,24.1,888.8,-88.8,-999.9,-88.8
2322,-0.9,20.7,29.1,24.1,888.8,-88.8,-999.9,-88.8
2323,-0.9,20.7,29.1,24,888.8,-88.8,-999.9,-88.8
2324,-0.9,20.7,29.1,24,888.8,-88.8,-999.9,-88.8
2325,-0.9,20.7,29.1,24,888.8,-88.8,-999.9,-88.8
2326,-0.9,20.7,29.1,23.9,888.8,-88.8,-999.9,-88.8
2327,-0.9,20.7,29.1,23.7,888.8,-88.8,-999.9,-88.8
2328,-0.9,20.7,29.1,23.7,888.8,-88.8,-999.9,-88.8
2329,-0.9,20.7,29.1,23.7,888.8,-88.8,-999.9,-88.8
2330,-0.9,20.7,29.1,23.6,888.8,-88.8,-999.9,-88.8
2331,-0.9,20.8,29.2,23.6,888.8,-88.8,-999.9,-88.8
2332,-0.9,20.8,29.2,23.5,888.8,-88.8,-999.9,-88.8
2333,-0.9,20.8,29.2,23.4,888.8,-88.8,-999.9,-88.8
2334,-0.9,20.7,29.2,23.4,888.8,-88.8,-999.9,-88.8
2335,-0.9,20.8,29.2,23.3,888.8,-88.8,-999.9,-88.8
2336,-0.9,20.8,29.2,23.3,888.8,-88.8,-999.9,-88.8
2337,-0.9,20.8,29.2,23.2,888.8,-88.8,-999.9,-88.8
2338,-0.9,20.8,29.2,23.1,888.8,-88.8,-999.9,-88.8
2339,-0.9,20.8,29.2,23.1,888.8,-88.8,-999.9,-88.8
2340,-0.9,20.8,29.2,23,888.8,-88.8,-999.9,-88.8
2341,-0.9,20.8,29.2,23,888.8,-88.8,-999.9,-88.8
2342,-0.9,20.8,29.2,23,888.8,-88.8,-999.9,-88.8
2343,-0.9,20.8,29.2,22.9,888.8,-88.8,-999.9,-88.8
2344,-0.9,20.8,29.2,22.8,888.8,-88.8,-999.9,-88.8
2345,-0.9,20.9,29.2,22.8,888.8,-88.8,-999.9,-88.8
2346,-0.9,20.9,29.2,22.7,888.8,-88.8,-999.9,-88.8
2347,-0.9,20.9,29.2,22.7,888.8,-88.8,-999.9,-88.8
2348,-0.9,20.9,29.2,22.6,888.8,-88.8,-999.9,-88.8
2349,-0.9,20.9,29.2,22.6,888.8,-88.8,-999.9,-88.8
2350,-0.9,20.9,29.2,22.5,888.8,-88.8,-999.9,-88.8
2351,-0.9,20.9,29.2,22.5,888.8,-88.8,-999.9,-88.8
2352,-0.9,20.9,29.2,22.5,888.8,-88.8,-999.9,-88.8
2353,-0.9,20.9,29.2,22.4,888.8,-88.8,-999.9,-88.8
2354,-0.9,20.9,29.2,22.4,888.8,-88.8,-999.9,-88.8
2355,-0.9,20.9,29.2,22.3,888.8,-88.8,-999.9,-88.8
2356,-0.9,20.9,29.2,22.2,888.8,-88.8,-999.9,-88.8
2357,-0.9,20.9,29.2,22.2,888.8,-88.8,-999.9,-88.8
2358,-0.9,20.9,29.2,22.2,888.8,-88.8,-999.9,-88.8
2359,-0.9,20.9,29.2,22.2,888.8,-88.8,-999.9,-88.8