0,-10,25.9,40.3,24.7,888.8,-88.8,-999.9,-88.8
1,-10,25.9,40.3,24.7,888.8,-88.8,-999.9,-88.8
2,-10,25.9,40.3,24.8,888.8,-88.8,-999.9,-88.8
3,-10.1,26,40.2,24.8,888.8,-88.8,-999.9,-88.8
4,-10.1,25.9,40.2,24.8,888.8,-88.8,-999.9,-88.8
5,-10.1,25.9,40.2,24.5,888.8,-88.8,-999.9,-88.8
6,-10.1,25.9,40.1,24.4,888.8,-88.8,-999.9,-88.8
7,-10.2,26,40.1,24.3,888.8,-88.8,-999.9,-88.8
8,-10.2,26,40.1,24.3,888.8,-88.8,-999.9,-88.8
9,-10.2,26,40.1,24.3,888.8,-88.8,-999.9,-88.8
10,-10.3,26,40,24.2,888.8,-88.8,-999.9,-88.8
11,-10.3,26,39.9,24.2,888.8,-88.8,-999.9,-88.8
12,-10.3,26,39.9,24.2,888.8,-88.8,-999.9,-88.8
13,-10.3,26,39.9,24.2,888.8,-88.8,-999.9,-88.8
14,-10.3,26,39.9,24.2,888.8,-88.8,-999.9,-88.8
15,-10.4,26,39.9,24.2,888.8,-88.8,-999.9,-88.8
16,-10.4,26,39.8,24.3,888.8,-88.8,-999.9,-88.8
17,-10.4,26,39.8,24.3,888.8,-88.8,-999.9,-88.8
18,-10.5,26,39.7,24.3,888.8,-88.8,-999.9,-88.8
19,-10.5,26,39.7,24.3,888.8,-88.8,-999.9,-88.8
20,-10.5,26,39.7,24.4,888.8,-88.8,-999.9,-88.8
21,-10.5,26,39.7,24.4,888.8,-88.8,-999.9,-88.8
22,-10.5,26,39.6,24.5,888.8,-88.8,-999.9,-88.8
23,-10.6,26,39.6,24.5,888.8,-88.8,-999.9,-88.8
24,-10.6,26,39.6,24.6,888.8,-88.8,-999.9,-88.8
25,-10.6,26,39.5,24.6,888.8,-88.8,-999.9,-88.8
26,-10.7,26,39.5,24.6,888.8,-88.8,-999.9,-88.8
27,-10.7,26,39.5,24.7,888.8,-88.8,-999.9,-88.8
28,-10.7,26,39.4,24.8,888.8,-88.8,-999.9,-88.8
29,-10.8,26,39.4,24.8,888.8,-88.8,-999.9,-88.8
30,-10.8,26,39.3,24.8,888.8,-88.8,-999.9,-88.8
31,-10.8,26,39.3,24.9,888.8,-88.8,-999.9,-88.8
32,-10.9,26,39.3,24.9,888.8,-88.8,-999.9,-88.8
33,-10.9,26,39.3,25,888.8,-88.8,-999.9,-88.8
34,-11,26,39.2,25,888.8,-88.8,-999.9,-88.8
35,-11,26,39.2,25,888.8,-88.8,-999.9,-88.8
36,-11,26,39.2,25,888.8,-88.8,-999.9,-88.8
37,-11.1,26,39.1,25,888.8,-88.8,-999.9,-88.8
38,-11.1,26,39.1,25.1,888.8,-88.8,-999.9,-88.8
39,-11.2,26,39.1,25.1,888.8,-88.8,-999.9,-88.8
40,-11.2,26,39.1,25.1,888.8,-88.8,-999.9,-88.8
41,-11.2,26,39,25.1,888.8,-88.8,-999.9,-88.8
42,-11.3,26.1,39,25.2,888.8,-88.8,-999.9,-88.8
43,-11.3,26.1,39,25.2,888.8,-88.8,-999.9,-88.8
44,-11.3,26,39,25.2,888.8,-88.8,-999.9,-88.8
45,-11.3,26.1,38.9,25.3,888.8,-88.8,-999.9,-88.8
46,-11.4,26.1,38.9,25.3,888.8,-88.8,-999.9,-88.8
47,-11.4,26.1,38.9,25.3,888.8,-88.8,-999.9,-88.8
48,-11.5,26,38.8,25.3,888.8,-88.8,-999.9,-88.8
49,-11.5,26.1,38.8,25.3,888.8,-88.8,-999.9,-88.8
50,-11.5,26.1,38.7,25.3,888.8,-88.8,-999.9,-88.8
51,-11.5,26.1,38.8,25.4,888.8,-88.8,-999.9,-88.8
52,-11.5,26.1,38.7,25.4,888.8,-88.8,-999.9,-88.8
53,-11.6,26.1,38.7,25.4,888.8,-88.8,-999.9,-88.8
54,-11.6,26.1,38.7,25.4,888.8,-88.8,-999.9,-88.8
55,-11.6,26.1,38.6,25.5,888.8,-88.8,-999.9,-88.8
56,-11.7,26.1,38.6,25.5,888.8,-88.8,-999.9,-88.8
57,-11.7,26.1,38.6,25.5,888.8,-88.8,-999.9,-88.8
58,-11.7,26.1,38.5,25.5,888.8,-88.8,-999.9,-88.8
59,-11.7,26.1,38.5,25.5,888.8,-88.8,-999.9,-88.8
100,-11.8,26.1,38.5,25.5,888.8,-88.8,-999.9,-88.8
101,-11.8,26.1,38.5,25.5,888.8,-88.8,-999.9,-88.8
102,-11.8,26.1,38.4,25.6,888.8,-88.8,-999.9,-88.8
103,-11.8,26.1,38.4,25.6,888.8,-88.8,-999.9,-88.8
104,-11.9,26.1,38.4,25.6,888.8,-88.8,-999.9,-88.8
105,-11.9,26.1,38.4,25.6,888.8,-88.8,-999.9,-88.8
106,-11.9,26.2,38.3,25.6,888.8,-88.8,-999.9,-88.8
107,-12,26.2,38.3,25.6,888.8,-88.8,-999.9,-88.8
108,-12,26.2,38.2,25.6,888.8,-88.8,-999.9,-88.8
109,-12,26.2,38.2,25.6,888.8,-88.8,-999.9,-88.8
110,-12,26.2,38.2,25.6,888.8,-88.8,-999.9,-88.8
111,-12.1,26.2,38.2,25.6,888.8,-88.8,-999.9,-88.8
112,-12.1,26.1,38.2,25.6,888.8,-88.8,-999.9,-88.8
113,-12.1,26.2,38.1,25.6,888.8,-88.8,-999.9,-88.8
114,-12.1,26.2,38.1,25.6,888.8,-88.8,-999.9,-88.8
115,-12.2,26.2,38.1,25.6,888.8,-88.8,-999.9,-88.8
116,-12.2,26.2,38.1,25.6,888.8,-88.8,-999.9,-88.8
117,-12.2,26.2,38,25.6,888.8,-88.8,-999.9,-88.8
118,-12.3,26.2,38,25.6,888.8,-88.8,-999.9,-88.8
119,-12.3,26.2,38,25.6,888.8,-88.8,-999.9,-88.8
120,-12.3,26.2,37.9,25.6,888.8,-88.8,-999.9,-88.8
121,-12.4,26.2,37.9,25.6,888.8,-88.8,-999.9,-88.8
122,-12.4,26.2,37.9,25.6,888.8,-88.8,-999.9,-88.8
123,-12.4,26.2,37.9,25.6,888.8,-88.8,-999.9,-88.8
124,-12.5,26.2,37.8,25.6,888.8,-88.8,-999.9,-88.8
125,-12.5,26.2,37.8,25.6,888.8,-88.8,-999.9,-88.8
126,-12.5,26.2,37.8,25.6,888.8,-88.8,-999.9,-88.8
127,-12.6,26.2,37.8,25.6,888.8,-88.8,-999.9,-88.8
128,-12.5,26.2,37.7,25.6,888.8,-88.8,-999.9,-88.8
129,-12.6,26.2,37.7,25.6,888.8,-88.8,-999.9,-88.8
130,-12.6,26.2,37.7,25.6,888.8,-88.8,-999.9,-88.8
131,-12.7,26.2,37.7,25.6,888.8,-88.8,-999.9,-88.8
132,-12.7,26.2,37.6,25.6,888.8,-88.8,-999.9,-88.8
133,-12.7,26.2,37.6,25.6,888.8,-88.8,-999.9,-88.8
134,-12.8,26.2,37.6,25.6,888.8,-88.8,-999.9,-88.8
135,-12.8,26.2,37.6,25.7,888.8,-88.8,-999.9,-88.8
136,-12.8,26.2,37.5,25.6,888.8,-88.8,-999.9,-88.8
137,-12.8,26.2,37.5,25.7,888.8,-88.8,-999.9,-88.8
138,-12.9,26.2,37.5,25.7,888.8,-88.8,-999.9,-88.8
139,-12.9,26.2,37.5,25.2,888.8,-88.8,-999.9,-88.8
140,-12.9,26.2,37.4,24.9,888.8,-88.8,-999.9,-88.8
141,-12.9,26.2,37.4,24.7,888.8,-88.8,-999.9,-88.8
142,-12.9,26.2,37.3,24.6,888.8,-88.8,-999.9,-88.8
143,-12.9,26.2,37.3,24.3,888.8,-88.8,-999.9,-88.8
144,-12.9,26.2,37.3,24,888.8,-88.8,-999.9,-88.8
145,-13,26.2,37.2,23.7,888.8,-88.8,-999.9,-88.8
146,-13,26.2,37.2,23.4,888.8,-88.8,-999.9,-88.8
147,-13,26.2,37.2,23.1,888.8,-88.8,-999.9,-88.8
148,-13,26.2,37.1,22.9,888.8,-88.8,-999.9,-88.8
149,-13,26.3,37,22.8,888.8,-88.8,-999.9,-88.8
150,-13,26.3,37,22.8,888.8,-88.8,-999.9,-88.8
151,-13.1,26.2,37,22.8,888.8,-88.8,-999.9,-88.8
152,-13.1,26.3,36.9,22.9,888.8,-88.8,-999.9,-88.8
153,-13.1,26.3,36.9,22.9,888.8,-88.8,-999.9,-88.8
154,-13.1,26.3,36.8,23,888.8,-88.8,-999.9,-88.8
155,-13.1,26.3,36.8,23,888.8,-88.8,-999.9,-88.8
156,-13.2,26.3,36.7,23.1,888.8,-88.8,-999.9,-88.8
157,-13.2,26.3,36.7,23.2,888.8,-88.8,-999.9,-88.8
158,-13.2,26.3,36.6,23.3,888.8,-88.8,-999.9,-88.8
159,-13.2,26.3,36.6,23.4,888.8,-88.8,-999.9,-88.8
200,-13.2,26.3,36.6,23.5,888.8,-88.8,-999.9,-88.8
201,-13.2,26.3,36.5,23.6,888.8,-88.8,-999.9,-88.8
202,-13.2,26.3,36.5,23.7,888.8,-88.8,-999.9,-88.8
203,-13.2,26.3,36.5,23.8,888.8,-88.8,-999.9,-88.8
204,-13.2,26.3,36.5,23.9,888.8,-88.8,-999.9,-88.8
205,-13.2,26.3,36.4,23.7,888.8,-88.8,-999.9,-88.8
206,-13.2,26.3,36.4,23.4,888.8,-88.8,-999.9,-88.8
207,-13.2,26.3,36.3,23.2,888.8,-88.8,-999.9,-88.8
208,-13.2,26.3,36.3,23.1,888.8,-88.8,-999.9,-88.8
209,-13.2,26.3,36.3,23,888.8,-88.8,-999.9,-88.8
210,-13.2,26.3,36.3,23,888.8,-88.8,-999.9,-88.8
211,-13.1,26.3,36.2,22.8,888.8,-88.8,-999.9,-88.8
212,-13.1,26.3,36.2,22.8,888.8,-88.8,-999.9,-88.8
213,-13.1,26.3,36.1,22.8,888.8,-88.8,-999.9,-88.8
214,-13.1,26.3,36.1,22.7,888.8,-88.8,-999.9,-88.8
215,-13.1,26.3,36.1,22.5,888.8,-88.8,-999.9,-88.8
216,-13.1,26.3,36,22.4,888.8,-88.8,-999.9,-88.8
217,-13,26.3,35.9,22.4,888.8,-88.8,-999.9,-88.8
218,-13,26.3,35.9,22.4,888.8,-88.8,-999.9,-88.8
219,-13,26.3,35.9,22.4,888.8,-88.8,-999.9,-88.8
220,-13,26.3,35.8,22.4,888.8,-88.8,-999.9,-88.8
221,-13,26.3,35.8,22.4,888.8,-88.8,-999.9,-88.8
222,-13,26.3,35.8,22.4,888.8,-88.8,-999.9,-88.8
223,-12.9,26.3,35.7,22.5,888.8,-88.8,-999.9,-88.8
224,-12.9,26.3,35.7,22.5,888.8,-88.8,-999.9,-88.8
225,-12.9,26.3,35.6,22.5,888.8,-88.8,-999.9,-88.8
226,-12.9,26.3,35.6,22.5,888.8,-88.8,-999.9,-88.8
227,-12.9,26.3,35.6,22.5,888.8,-88.8,-999.9,-88.8
228,-12.9,26.3,35.6,22.5,888.8,-88.8,-999.9,-88.8
229,-12.9,26.3,35.5,22.5,888.8,-88.8,-999.9,-88.8
230,-12.8,26.3,35.4,22.5,888.8,-88.8,-999.9,-88.8
231,-12.8,26.4,35.4,22.6,888.8,-88.8,-999.9,-88.8
232,-12.8,26.3,35.4,22.6,888.8,-88.8,-999.9,-88.8
233,-12.8,26.3,35.4,22.6,888.8,-88.8,-999.9,-88.8
234,-12.8,26.3,35.3,22.6,888.8,-88.8,-999.9,-88.8
235,-12.8,26.4,35.3,22.6,888.8,-88.8,-999.9,-88.8
236,-12.7,26.4,35.2,22.7,888.8,-88.8,-999.9,-88.8
237,-12.7,26.4,35.2,22.7,888.8,-88.8,-999.9,-88.8
238,-12.7,26.4,35.2,22.7,888.8,-88.8,-999.9,-88.8
239,-12.7,26.4,35.1,22.7,888.8,-88.8,-999.9,-88.8
240,-12.6,26.4,35.1,22.7,888.8,-88.8,-999.9,-88.8
241,-12.6,26.4,35.1,22.7,888.8,-88.8,-999.9,-88.8
242,-12.6,26.3,35.1,22.7,888.8,-88.8,-999.9,-88.8
243,-12.6,26.3,35,22.8,888.8,-88.8,-999.9,-88.8
244,-12.6,26.4,35,22.7,888.8,-88.8,-999.9,-88.8
245,-12.5,26.4,34.9,22.8,888.8,-88.8,-999.9,-88.8
246,-12.5,26.4,34.9,22.8,888.8,-88.8,-999.9,-88.8
247,-12.5,26.4,34.9,22.8,888.8,-88.8,-999.9,-88.8
248,-12.5,26.4,34.8,22.8,888.8,-88.8,-999.9,-88.8
249,-12.4,26.4,34.8,22.8,888.8,-88.8,-999.9,-88.8
250,-12.4,26.4,34.8,22.8,888.8,-88.8,-999.9,-88.8
251,-12.4,26.4,34.7,22.8,888.8,-88.8,-999.9,-88.8
252,-12.4,26.4,34.7,22.8,888.8,-88.8,-999.9,-88.8
253,-12.4,26.4,34.7,22.8,888.8,-88.8,-999.9,-88.8
254,-12.3,26.4,34.7,22.8,888.8,-88.8,-999.9,-88.8
255,-12.3,26.4,34.6,22.8,888.8,-88.8,-999.9,-88.8
256,-12.3,26.4,34.6,22.8,888.8,-88.8,-999.9,-88.8
257,-12.2,26.4,34.5,22.8,888.8,-88.8,-999.9,-88.8
258,-12.2,26.4,34.5,22.8,888.8,-88.8,-999.9,-88.8
259,-12.2,26.4,34.5,22.8,888.8,-88.8,-999.9,-88.8
300,-12.2,26.4,34.5,22.8,888.8,-88.8,-999.9,-88.8
301,-12.2,26.4,34.4,22.8,888.8,-88.8,-999.9,-88.8
302,-12.1,26.4,34.4,22.8,888.8,-88.8,-999.9,-88.8
303,-12.2,26.4,34.4,22.8,888.8,-88.8,-999.9,-88.8
304,-12.1,26.5,34.4,22.8,888.8,-88.8,-999.9,-88.8
305,-12.1,26.5,34.3,22.8,888.8,-88.8,-999.9,-88.8
306,-12.1,26.5,34.3,22.8,888.8,-88.8,-999.9,-88.8
307,-12.1,26.4,34.3,22.8,888.8,-88.8,-999.9,-88.8
308,-12.1,26.4,34.2,22.8,888.8,-88.8,-999.9,-88.8
309,-12.1,26.4,34.2,22.8,888.8,-88.8,-999.9,-88.8
310,-12.1,26.5,34.2,22.8,888.8,-88.8,-999.9,-88.8
311,-12,26.5,34.1,22.8,888.8,-88.8,-999.9,-88.8
312,-12,26.5,34.1,22.8,888.8,-88.8,-999.9,-88.8
313,-12,26.4,34,22.8,888.8,-88.8,-999.9,-88.8
314,-12,26.5,34,22.8,888.8,-88.8,-999.9,-88.8
315,-11.9,26.5,34,22.8,888.8,-88.8,-999.9,-88.8
316,-11.9,26.5,34,22.8,888.8,-88.8,-999.9,-88.8
317,-11.9,26.5,34,22.8,888.8,-88.8,-999.9,-88.8
318,-11.8,26.4,33.9,22.8,888.8,-88.8,-999.9,-88.8
319,-11.8,26.5,33.9,22.7,888.8,-88.8,-999.9,-88.8
320,-11.8,26.5,33.9,22.8,888.8,-88.8,-999.9,-88.8
321,-11.8,26.5,33.9,22.7,888.8,-88.8,-999.9,-88.8
322,-11.7,26.5,33.9,22.7,888.8,-88.8,-999.9,-88.8
323,-11.7,26.5,33.8,22.7,888.8,-88.8,-999.9,-88.8
324,-11.7,26.5,33.8,22.7,888.8,-88.8,-999.9,-88.8
325,-11.7,26.5,33.8,22.7,888.8,-88.8,-999.9,-88.8
326,-11.6,26.4,33.7,22.7,888.8,-88.8,-999.9,-88.8
327,-11.6,26.5,33.7,22.7,888.8,-88.8,-999.9,-88.8
328,-11.6,26.5,33.7,22.6,888.8,-88.8,-999.9,-88.8
329,-11.6,26.5,33.6,22.6,888.8,-88.8,-999.9,-88.8
330,-11.6,26.5,33.6,22.6,888.8,-88.8,-999.9,-88.8
331,-11.5,26.5,33.6,22.6,888.8,-88.8,-999.9,-88.8
332,-11.5,26.5,33.5,22.6,888.8,-88.8,-999.9,-88.8
333,-11.5,26.5,33.6,22.6,888.8,-88.8,-999.9,-88.8
334,-11.5,26.5,33.5,22.6,888.8,-88.8,-999.9,-88.8
335,-11.4,26.5,33.5,22.6,888.8,-88.8,-999.9,-88.8
336,-11.4,26.5,33.5,22.5,888.8,-88.8,-999.9,-88.8
337,-11.4,26.5,33.4,22.6,888.8,-88.8,-999.9,-88.8
338,-11.4,26.5,33.4,22.6,888.8,-88.8,-999.9,-88.8
339,-11.4,26.5,33.3,22.6,888.8,-88.8,-999.9,-88.8
340,-11.3,26.5,33.3,22.6,888.8,-88.8,-999.9,-88.8
341,-11.3,26.5,33.3,22.6,888.8,-88.8,-999.9,-88.8
342,-11.3,26.5,33.3,22.6,888.8,-88.8,-999.9,-88.8
343,-11.2,26.5,33.3,22.6,888.8,-88.8,-999.9,-88.8
344,-11.2,26.5,33.2,22.6,888.8,-88.8,-999.9,-88.8
345,-11.2,26.5,33.2,22.6,888.8,-88.8,-999.9,-88.8
346,-11.1,26.5,33.2,22.6,888.8,-88.8,-999.9,-88.8
347,-11.1,26.5,33.2,22.6,888.8,-88.8,-999.9,-88.8
348,-11.1,26.5,33.2,22.6,888.8,-88.8,-999.9,-88.8
349,-11.1,26.5,33.1,22.6,888.8,-88.8,-999.9,-88.8
350,-11,26.5,33.1,22.5,888.8,-88.8,-999.9,-88.8
351,-11,26.5,33.1,22.6,888.8,-88.8,-999.9,-88.8
352,-11,26.5,33,22.6,888.8,-88.8,-999.9,-88.8
353,-10.9,26.5,33,22.5,888.8,-88.8,-999.9,-88.8
354,-10.9,26.5,33,22.4,888.8,-88.8,-999.9,-88.8
355,-10.9,26.5,33,22.5,888.8,-88.8,-999.9,-88.8
356,-10.9,26.5,32.9,22.5,888.8,-88.8,-999.9,-88.8
357,-10.8,26.5,32.9,22.6,888.8,-88.8,-999.9,-88.8
358,-10.8,26.5,32.9,22.6,888.8,-88.8,-999.9,-88.8
359,-10.8,26.6,32.8,22.6,888.8,-88.8,-999.9,-88.8
400,-10.8,26.5,32.8,22.6,888.8,-88.8,-999.9,-88.8
401,-10.7,26.6,32.8,22.7,888.8,-88.8,-999.9,-88.8
402,-10.7,26.5,32.8,22.7,888.8,-88.8,-999.9,-88.8
403,-10.7,26.5,32.8,22.7,888.8,-88.8,-999.9,-88.8
404,-10.7,26.5,32.7,22.6,888.8,-88.8,-999.9,-88.8
405,-10.6,26.5,32.7,22.5,888.8,-88.8,-999.9,-88.8
406,-10.6,26.5,32.7,22.5,888.8,-88.8,-999.9,-88.8
407,-10.6,26.5,32.7,22.5,888.8,-88.8,-999.9,-88.8
408,-10.6,26.5,32.6,22.5,888.8,-88.8,-999.9,-88.8
409,-10.6,26.5,32.6,22.5,888.8,-88.8,-999.9,-88.8
410,-10.6,26.5,32.5,22.4,888.8,-88.8,-999.9,-88.8
411,-10.5,26.6,32.5,22.5,888.8,-88.8,-999.9,-88.8
412,-10.5,26.6,32.5,22.4,888.8,-88.8,-999.9,-88.8
413,-10.5,26.5,32.5,22.4,888.8,-88.8,-999.9,-88.8
414,-10.4,26.5,32.5,22.4,888.8,-88.8,-999.9,-88.8
415,-10.4,26.6,32.4,22.4,888.8,-88.8,-999.9,-88.8
416,-10.4,26.6,32.4,22.3,888.8,-88.8,-999.9,-88.8
417,-10.4,26.6,32.4,22.3,888.8,-88.8,-999.9,-88.8
418,-10.4,26.6,32.3,22.3,888.8,-88.8,-999.9,-88.8
419,-10.4,26.6,32.3,22.3,888.8,-88.8,-999.9,-88.8
420,-10.4,26.6,32.3,22.3,888.8,-88.8,-999.9,-88.8
421,-10.3,26.6,32.3,22.3,888.8,-88.8,-999.9,-88.8
422,-10.3,26.6,32.3,22.3,888.8,-88.8,-999.9,-88.8
423,-10.3,26.6,32.2,22.3,888.8,-88.8,-999.9,-88.8
424,-10.3,26.6,32.2,22.3,888.8,-88.8,-999.9,-88.8
425,-10.2,26.6,32.2,22.3,888.8,-88.8,-999.9,-88.8
426,-10.2,26.5,32.2,22.3,888.8,-88.8,-999.9,-88.8
427,-10.2,26.6,32.1,22.3,888.8,-88.8,-999.9,-88.8
428,-10.2,26.6,32.1,22.3,888.8,-88.8,-999.9,-88.8
429,-10.2,26.6,32.1,22.3,888.8,-88.8,-999.9,-88.8
430,-10.1,26.6,32,22.3,888.8,-88.8,-999.9,-88.8
431,-10.1,26.6,32,22.3,888.8,-88.8,-999.9,-88.8
432,-10.1,26.6,32,22.3,888.8,-88.8,-999.9,-88.8
433,-10.1,26.6,32,22.3,888.8,-88.8,-999.9,-88.8
434,-10.1,26.6,32,22.3,888.8,-88.8,-999.9,-88.8
435,-10,26.6,31.9,22.3,888.8,-88.8,-999.9,-88.8
436,-10,26.6,31.9,22.3,888.8,-88.8,-999.9,-88.8
437,-10,26.6,31.9,22.3,888.8,-88.8,-999.9,-88.8
438,-10,26.6,31.8,22.3,888.8,-88.8,-999.9,-88.8
439,-9.9,26.6,31.8,22.3,888.8,-88.8,-999.9,-88.8
440,-9.9,26.6,31.8,22.3,888.8,-88.8,-999.9,-88.8
441,-9.9,26.6,31.8,22.3,888.8,-88.8,-999.9,-88.8
442,-9.9,26.6,31.7,22.3,888.8,-88.8,-999.9,-88.8
443,-9.9,26.7,31.7,22.3,888.8,-88.8,-999.9,-88.8
444,-9.8,26.6,31.7,22.3,888.8,-88.8,-999.9,-88.8
445,-9.8,26.7,31.7,22.3,888.8,-88.8,-999.9,-88.8
446,-9.8,26.7,31.7,22.3,888.8,-88.8,-999.9,-88.8
447,-9.8,26.7,31.7,22.3,888.8,-88.8,-999.9,-88.8
448,-9.8,26.7,31.6,22.3,888.8,-88.8,-999.9,-88.8
449,-9.7,26.7,31.6,22.2,888.8,-88.8,-999.9,-88.8
450,-9.7,26.7,31.6,22.2,888.8,-88.8,-999.9,-88.8
451,-9.7,26.7,31.5,22.3,888.8,-88.8,-999.9,-88.8
452,-9.7,26.7,31.5,22.3,888.8,-88.8,-999.9,-88.8
453,-9.6,26.7,31.5,22.3,888.8,-88.8,-999.9,-88.8
454,-9.6,26.7,31.5,22.3,888.8,-88.8,-999.9,-88.8
455,-9.6,26.7,31.5,22.3,888.8,-88.8,-999.9,-88.8
456,-9.6,26.7,31.5,22.3,888.8,-88.8,-999.9,-88.8
457,-9.6,26.7,31.4,22.3,888.8,-88.8,-999.9,-88.8
458,-9.5,26.7,31.4,22.3,888.8,-88.8,-999.9,-88.8
459,-9.5,26.7,31.4,22.3,888.8,-88.8,-999.9,-88.8
500,-9.5,26.7,31.4,22.3,888.8,-88.8,-999.9,-88.8
501,-9.5,26.7,31.3,22.3,888.8,-88.8,-999.9,-88.8
502,-9.5,26.7,31.3,22.3,888.8,-88.8,-999.9,-88.8
503,-9.5,26.7,31.3,22.3,888.8,-88.8,-999.9,-88.8
504,-9.5,26.7,31.3,22.3,888.8,-88.8,-999.9,-88.8
505,-9.5,26.7,31.2,22.3,888.8,-88.8,-999.9,-88.8
506,-9.5,26.8,31.2,22.3,888.8,-88.8,-999.9,-88.8
507,-9.5,26.7,31.2,22.2,888.8,-88.8,-999.9,-88.8
508,-9.5,26.7,31.2,22.3,888.8,-88.8,-999.9,-88.8
509,-9.4,26.8,31.2,22.2,888.8,-88.8,-999.9,-88.8
510,-9.4,26.7,31.2,22.2,888.8,-88.8,-999.9,-88.8
511,-9.4,26.7,31.1,22.2,888.8,-88.8,-999.9,-88.8
512,-9.4,26.8,31.1,22.2,888.8,-88.8,-999.9,-88.8
513,-9.4,26.8,31.1,22.1,888.8,-88.8,-999.9,-88.8
514,-9.4,26.8,31,22.1,888.8,-88.8,-999.9,-88.8
515,-9.4,26.8,31,22.1,888.8,-88.8,-999.9,-88.8
516,-9.4,26.8,31,22.1,888.8,-88.8,-999.9,-88.8
517,-9.4,26.8,31,22.2,888.8,-88.8,-999.9,-88.8
518,-9.5,26.8,31,22.2,888.8,-88.8,-999.9,-88.8
519,-9.5,26.8,31,22.2,888.8,-88.8,-999.9,-88.8
520,-9.5,26.8,31,22.2,888.8,-88.8,-999.9,-88.8
521,-9.5,26.8,30.9,22.2,888.8,-88.8,-999.9,-88.8
522,-9.5,26.8,30.9,22.2,888.8,-88.8,-999.9,-88.8
523,-9.4,26.8,30.9,22.2,888.8,-88.8,-999.9,-88.8
524,-9.4,26.9,30.8,22.2,888.8,-88.8,-999.9,-88.8
525,-9.4,26.8,30.8,22.2,888.8,-88.8,-999.9,-88.8
526,-9.5,26.8,30.8,22.2,888.8,-88.8,-999.9,-88.8
527,-9.5,26.9,30.8,22.2,888.8,-88.8,-999.9,-88.8
528,-9.4,26.8,30.8,22.2,888.8,-88.8,-999.9,-88.8
529,-9.4,26.9,30.8,22.2,888.8,-88.8,-999.9,-88.8
530,-9.4,26.9,30.8,22.2,888.8,-88.8,-999.9,-88.8
531,-9.5,26.9,30.7,22.2,888.8,-88.8,-999.9,-88.8
532,-9.4,26.9,30.7,22.2,888.8,-88.8,-999.9,-88.8
533,-9.4,26.9,30.7,22.2,888.8,-88.8,-999.9,-88.8
534,-9.5,26.9,30.7,22.2,888.8,-88.8,-999.9,-88.8
535,-9.5,26.9,30.7,22.2,888.8,-88.8,-999.9,-88.8
536,-9.5,26.9,30.6,22.2,888.8,-88.8,-999.9,-88.8
537,-9.5,26.9,30.6,22.1,888.8,-88.8,-999.9,-88.8
538,-9.5,27,30.6,22.1,888.8,-88.8,-999.9,-88.8
539,-9.5,27,30.6,22.1,888.8,-88.8,-999.9,-88.8
540,-9.5,27,30.5,22.1,888.8,-88.8,-999.9,-88.8
541,-9.5,26.9,30.6,22.1,888.8,-88.8,-999.9,-88.8
542,-9.5,27,30.5,22.1,888.8,-88.8,-999.9,-88.8
543,-9.5,27,30.5,22.1,888.8,-88.8,-999.9,-88.8
544,-9.5,27,30.5,22.1,888.8,-88.8,-999.9,-88.8
545,-9.6,27,30.4,22.1,888.8,-88.8,-999.9,-88.8
546,-9.6,27,30.4,22.1,888.8,-88.8,-999.9,-88.8
547,-9.6,27,30.4,22.1,888.8,-88.8,-999.9,-88.8
548,-9.6,27,30.4,22.1,888.8,-88.8,-999.9,-88.8
549,-9.7,27,30.4,22.1,888.8,-88.8,-999.9,-88.8
550,-9.7,27.1,30.3,22.1,888.8,-88.8,-999.9,-88.8
551,-9.7,27.1,30.3,22.1,888.8,-88.8,-999.9,-88.8
552,-9.7,27.1,30.3,22.1,888.8,-88.8,-999.9,-88.8
553,-9.7,27.1,30.3,22.1,888.8,-88.8,-999.9,-88.8
554,-9.8,27.1,30.3,22,888.8,-88.8,-999.9,-88.8
555,-9.8,27.1,30.2,22,888.8,-88.8,-999.9,-88.8
556,-9.8,27.1,30.2,22,888.8,-88.8,-999.9,-88.8
557,-9.8,27.1,30.2,21.9,888.8,-88.8,-999.9,-88.8
558,-9.9,27.1,30.2,21.9,888.8,-88.8,-999.9,-88.8
559,-9.9,27.1,30.2,21.9,888.8,-88.8,-999.9,-88.8
600,-9.9,27.1,30.2,21.9,888.8,-88.8,-999.9,-88.8
601,-9.9,27.1,30.2,21.9,888.8,-88.8,-999.9,-88.8
602,-9.9,27.2,30.1,21.9,888.8,-88.8,-999.9,-88.8
603,-10,27.2,30.1,21.9,888.8,-88.8,-999.9,-88.8
604,-10,27.2,30.1,21.9,888.8,-88.8,-999.9,-88.8
605,-10,27.2,30.1,21.9,888.8,-88.8,-999.9,-88.8
606,-10.1,27.2,30.1,21.6,888.8,-88.8,-999.9,-88.8
607,-10.1,27.2,30,20.6,888.8,-88.8,-999.9,-88.8
608,-10.1,27.3,30,20.3,888.8,-88.8,-999.9,-88.8
609,-10.1,27.3,30,20,888.8,-88.8,-999.9,-88.8
610,-10.2,27.3,30,19.9,888.8,-88.8,-999.9,-88.8
611,-10.2,27.3,30,19.8,888.8,-88.8,-999.9,-88.8
612,-10.3,27.3,30,19.7,888.8,-88.8,-999.9,-88.8
613,-10.3,27.3,30,19.7,888.8,-88.8,-999.9,-88.8
614,-10.3,27.3,30,19.7,888.8,-88.8,-999.9,-88.8
615,-10.3,27.3,30,19.7,888.8,-88.8,-999.9,-88.8
616,-10.4,27.3,30,19.7,888.8,-88.8,-999.9,-88.8
617,-10.4,27.3,30,19.7,888.8,-88.8,-999.9,-88.8
618,-10.4,27.3,30,19.7,888.8,-88.8,-999.9,-88.8
619,-10.5,27.3,30,19.7,888.8,-88.8,-999.9,-88.8
620,-10.5,27.3,30.1,19.7,888.8,-88.8,-999.9,-88.8
621,-10.6,27.3,30.1,19.7,888.8,-88.8,-999.9,-88.8
622,-10.6,27.3,30.1,19.7,888.8,-88.8,-999.9,-88.8
623,-10.6,27.3,30,19.8,888.8,-88.8,-999.9,-88.8
624,-10.6,27.3,30.1,20.7,888.8,-88.8,-999.9,-88.8
625,-10.6,27.3,30.1,20.9,888.8,-88.8,-999.9,-88.8
626,-10.7,27.3,30.1,20.7,888.8,-88.8,-999.9,-88.8
627,-10.7,27.3,30.1,21.5,888.8,-88.8,-999.9,-88.8
628,-10.7,27.3,30.2,21.9,888.8,-88.8,-999.9,-88.8
629,-10.7,27.3,30.2,22.2,888.8,-88.8,-999.9,-88.8
630,-10.7,27.3,30.2,22.6,888.8,-88.8,-999.9,-88.8
631,-10.8,27.3,30.2,22.9,888.8,-88.8,-999.9,-88.8
632,-10.8,27.3,30.2,23.2,888.8,-88.8,-999.9,-88.8
633,-10.9,27.3,30.2,23.5,888.8,-88.8,-999.9,-88.8
634,-10.9,27.3,30.2,23.8,888.8,-88.8,-999.9,-88.8
635,-10.9,27.2,30.2,24,888.8,-88.8,-999.9,-88.8
636,-11,27.3,30.2,24.3,888.8,-88.8,-999.9,-88.8
637,-10.9,27.3,30.2,24.5,888.8,-88.8,-999.9,-88.8
638,-11,27.2,30.2,24.7,888.8,-88.8,-999.9,-88.8
639,-11,27.3,30.3,25.4,888.8,-88.8,-999.9,-88.8
640,-11,27.3,30.3,26.1,888.8,-88.8,-999.9,-88.8
641,-11,27.3,30.3,26.9,888.8,-88.8,-999.9,-88.8
642,-11,27.3,30.3,28,888.8,-88.8,-999.9,-88.8
643,-11.1,27.3,30.3,29.2,888.8,-88.8,-999.9,-88.8
644,-11,27.3,30.3,30.3,888.8,-88.8,-999.9,-88.8
645,-11.1,27.3,30.3,31.7,888.8,-88.8,-999.9,-88.8
646,-11.1,27.3,30.3,33.2,888.8,-88.8,-999.9,-88.8
647,-11.1,27.3,30.3,34.5,888.8,-88.8,-999.9,-88.8
648,-11.1,27.3,30.3,35.6,888.8,-88.8,-999.9,-88.8
649,-11.1,27.3,30.3,36.3,888.8,-88.8,-999.9,-88.8
650,-11.1,27.2,30.3,37.3,888.8,-88.8,-999.9,-88.8
651,-11.1,27.2,30.3,37.9,888.8,-88.8,-999.9,-88.8
652,-11,27.2,30.3,38.6,888.8,-88.8,-999.9,-88.8
653,-11.1,27.1,30.3,39.3,888.8,-88.8,-999.9,-88.8
654,-11.1,27.1,30.3,40,888.8,-88.8,-999.9,-88.8
655,-11.1,27.1,30.3,40.6,888.8,-88.8,-999.9,-88.8
656,-11.1,27,30.3,41.2,888.8,-88.8,-999.9,-88.8
657,-11.1,27,30.4,41.7,888.8,-88.8,-999.9,-88.8
658,-11.1,27,30.4,42.1,888.8,-88.8,-999.9,-88.8
659,-11.1,26.9,30.4,42.4,888.8,-88.8,-999.9,-88.8
700,-11.1,26.9,30.4,42.6,888.8,-88.8,-999.9,-88.8
701,-11.1,26.9,30.4,42.9,888.8,-88.8,-999.9,-88.8
702,-11.1,26.9,30.4,42.9,888.8,-88.8,-999.9,-88.8
703,-11.1,26.9,30.4,42.9,888.8,-88.8,-999.9,-88.8
704,-11.1,26.9,30.4,43.4,888.8,-88.8,-999.9,-88.8
705,-11,26.9,30.4,43.5,888.8,-88.8,-999.9,-88.8
706,-11,26.9,30.4,44.1,888.8,-88.8,-999.9,-88.8
707,-11,26.9,30.4,42.8,888.8,-88.8,-999.9,-88.8
708,-11,26.9,30.4,42.7,888.8,-88.8,-999.9,-88.8
709,-11,26.9,30.4,43.4,888.8,-88.8,-999.9,-88.8
710,-11,26.9,30.4,45,888.8,-88.8,-999.9,-88.8
711,-11,26.9,30.4,46.8,888.8,-88.8,-999.9,-88.8
712,-11,26.9,30.5,48.5,888.8,-88.8,-999.9,-88.8
713,-11,26.9,30.5,49.6,888.8,-88.8,-999.9,-88.8
714,-10.9,26.9,30.5,50.3,888.8,-88.8,-999.9,-88.8
715,-10.9,26.9,30.5,50.6,888.8,-88.8,-999.9,-88.8
716,-10.9,26.9,30.5,50.9,888.8,-88.8,-999.9,-88.8
717,-10.9,26.9,30.5,51,888.8,-88.8,-999.9,-88.8
718,-10.9,26.9,30.5,51,888.8,-88.8,-999.9,-88.8
719,-10.9,26.9,30.5,50.7,888.8,-88.8,-999.9,-88.8
720,-10.9,27,30.5,46.8,888.8,-88.8,-999.9,-88.8
721,-10.8,26.9,30.5,44.2,888.8,-88.8,-999.9,-88.8
722,-10.8,26.9,30.5,43.3,888.8,-88.8,-999.9,-88.8
723,-10.8,26.9,30.5,44,888.8,-88.8,-999.9,-88.8
724,-10.8,26.9,30.5,44.6,888.8,-88.8,-999.9,-88.8
725,-10.8,26.9,30.5,45.2,888.8,-88.8,-999.9,-88.8
726,-10.8,27,30.5,45.6,888.8,-88.8,-999.9,-88.8
727,-10.8,27,30.5,45.9,888.8,-88.8,-999.9,-88.8
728,-10.8,27,30.5,46.2,888.8,-88.8,-999.9,-88.8
729,-10.8,27,30.5,45.6,888.8,-88.8,-999.9,-88.8
730,-10.8,26.9,30.5,45.9,888.8,-88.8,-999.9,-88.8
731,-10.8,27,30.5,45.9,888.8,-88.8,-999.9,-88.8
732,-10.8,27,30.5,45.8,888.8,-88.8,-999.9,-88.8
733,-10.8,27,30.5,46,888.8,-88.8,-999.9,-88.8
734,-10.8,27,30.5,45.7,888.8,-88.8,-999.9,-88.8
735,-10.7,27,30.5,45.8,888.8,-88.8,-999.9,-88.8
736,-10.8,27,30.5,46.1,888.8,-88.8,-999.9,-88.8
737,-10.7,27,30.6,46.2,888.8,-88.8,-999.9,-88.8
738,-10.8,27,30.5,46.2,888.8,-88.8,-999.9,-88.8
739,-10.7,27,30.6,46.4,888.8,-88.8,-999.9,-88.8
740,-10.7,27,30.6,46.5,888.8,-88.8,-999.9,-88.8
741,-10.7,27,30.6,46.6,888.8,-88.8,-999.9,-88.8
742,-10.7,27,30.6,46.8,888.8,-88.8,-999.9,-88.8
743,-10.7,27,30.6,47.2,888.8,-88.8,-999.9,-88.8
744,-10.7,27,30.6,47.4,888.8,-88.8,-999.9,-88.8
745,-10.7,27,30.6,47.6,888.8,-88.8,-999.9,-88.8
746,-10.7,27,30.5,47.4,888.8,-88.8,-999.9,-88.8
747,-10.7,27,30.6,47.4,888.8,-88.8,-999.9,-88.8
748,-10.7,27,30.6,48.3,888.8,-88.8,-999.9,-88.8
749,-10.7,27,30.6,48.1,888.8,-88.8,-999.9,-88.8
750,-10.7,27,30.6,48.2,888.8,-88.8,-999.9,-88.8
751,-10.7,27,30.6,47.5,888.8,-88.8,-999.9,-88.8
752,-10.8,27,30.7,46.8,888.8,-88.8,-999.9,-88.8
753,-10.7,27,30.7,46.4,888.8,-88.8,-999.9,-88.8
754,-10.7,27,30.7,45.8,888.8,-88.8,-999.9,-88.8
755,-10.8,27,30.7,45,888.8,-88.8,-999.9,-88.8
756,-10.7,27,30.7,44.1,888.8,-88.8,-999.9,-88.8
757,-10.8,27,30.7,43.4,888.8,-88.8,-999.9,-88.8
758,-10.8,27,30.7,42.7,888.8,-88.8,-999.9,-88.8
759,-10.8,27,30.7,42.1,888.8,-88.8,-999.9,-88.8
800,-10.8,27,30.7,41.7,888.8,-88.8,-999.9,-88.8
801,-10.8,27,30.7,41.4,888.8,-88.8,-999.9,-88.8
802,-10.8,27,30.7,41.4,888.8,-88.8,-999.9,-88.8
803,-10.8,27,30.7,41.4,888.8,-88.8,-999.9,-88.8
804,-10.8,27,30.7,41.4,888.8,-88.8,-999.9,-88.8
805,-10.8,27,30.7,41.1,888.8,-88.8,-999.9,-88.8
806,-10.8,27,30.7,40.7,888.8,-88.8,-999.9,-88.8
807,-10.8,27,30.7,40.2,888.8,-88.8,-999.9,-88.8
808,-10.9,27,30.7,39.7,888.8,-88.8,-999.9,-88.8
809,-10.9,27,30.7,39.1,888.8,-88.8,-999.9,-88.8
810,-10.9,27,30.7,38.6,888.8,-88.8,-999.9,-88.8
811,-10.9,27,30.7,38.2,888.8,-88.8,-999.9,-88.8
812,-10.9,27,30.7,38.2,888.8,-88.8,-999.9,-88.8
813,-10.9,27,30.7,38.6,888.8,-88.8,-999.9,-88.8
814,-10.9,27,30.7,38.8,888.8,-88.8,-999.9,-88.8
815,-10.9,27,30.7,38.7,888.8,-88.8,-999.9,-88.8
816,-11,27,30.7,38.3,888.8,-88.8,-999.9,-88.8
817,-11,27,30.7,37.9,888.8,-88.8,-999.9,-88.8
818,-11,27,30.8,37.5,888.8,-88.8,-999.9,-88.8
819,-11,27.1,30.8,37.2,888.8,-88.8,-999.9,-88.8
820,-11,27.1,30.8,36.8,888.8,-88.8,-999.9,-88.8
821,-11,27.1,30.8,36.5,888.8,-88.8,-999.9,-88.8
822,-11,27,30.8,36.5,888.8,-88.8,-999.9,-88.8
823,-11,27.1,30.8,36.7,888.8,-88.8,-999.9,-88.8
824,-11,27.1,30.8,37,888.8,-88.8,-999.9,-88.8
825,-11,27.1,30.9,37.2,888.8,-88.8,-999.9,-88.8
826,-11,27.1,30.8,37.3,888.8,-88.8,-999.9,-88.8
827,-11,27.1,30.8,37.3,888.8,-88.8,-999.9,-88.8
828,-11,27,30.8,37.2,888.8,-88.8,-999.9,-88.8
829,-11,27.1,30.8,37.2,888.8,-88.8,-999.9,-88.8
830,-11,27.1,30.8,37.1,888.8,-88.8,-999.9,-88.8
831,-11,27.1,30.8,36.9,888.8,-88.8,-999.9,-88.8
832,-11,27.1,30.8,36.8,888.8,-88.8,-999.9,-88.8
833,-11,27.1,30.8,36.9,888.8,-88.8,-999.9,-88.8
834,-11,27.1,30.8,37.3,888.8,-88.8,-999.9,-88.8
835,-11,27.1,30.8,37.7,888.8,-88.8,-999.9,-88.8
836,-11,27.1,30.8,38.1,888.8,-88.8,-999.9,-88.8
837,-11,27.1,30.9,38.1,888.8,-88.8,-999.9,-88.8
838,-11,27.1,30.9,38,888.8,-88.8,-999.9,-88.8
839,-11,27.1,30.9,37.8,888.8,-88.8,-999.9,-88.8
840,-11,27.1,30.9,37.5,888.8,-88.8,-999.9,-88.8
841,-10.9,27.1,30.9,37.3,888.8,-88.8,-999.9,-88.8
842,-10.9,27.1,30.9,37,888.8,-88.8,-999.9,-88.8
843,-10.9,27.1,30.9,35.7,888.8,-88.8,-999.9,-88.8
844,-10.9,27.1,30.9,35.1,888.8,-88.8,-999.9,-88.8
845,-10.9,27.1,30.9,33.7,888.8,-88.8,-999.9,-88.8
846,-10.9,27.1,30.9,32.9,888.8,-88.8,-999.9,-88.8
847,-10.9,27.1,30.9,32.5,888.8,-88.8,-999.9,-88.8
848,-10.8,27.1,30.9,32.3,888.8,-88.8,-999.9,-88.8
849,-10.8,27.1,31,32.7,888.8,-88.8,-999.9,-88.8
850,-10.8,27.1,31,33.3,888.8,-88.8,-999.9,-88.8
851,-10.8,27.1,31,33.7,888.8,-88.8,-999.9,-88.8
852,-10.7,27.1,31,34,888.8,-88.8,-999.9,-88.8
853,-10.7,27.1,31,34.4,888.8,-88.8,-999.9,-88.8
854,-10.7,27.1,31,34.9,888.8,-88.8,-999.9,-88.8
855,-10.7,27.1,31,36.1,888.8,-88.8,-999.9,-88.8
856,-10.7,27.1,31,39.2,888.8,-88.8,-999.9,-88.8
857,-10.6,27.1,31,42.6,888.8,-88.8,-999.9,-88.8
858,-10.6,27.1,31,44.9,888.8,-88.8,-999.9,-88.8
859,-10.6,27.1,31,45.4,888.8,-88.8,-999.9,-88.8
900,-10.5,27.1,31,45.9,888.8,-88.8,-999.9,-88.8
901,-10.5,27.1,31,46.8,888.8,-88.8,-999.9,-88.8
902,-10.5,27.1,31,48,888.8,-88.8,-999.9,-88.8
903,-10.4,27.1,31,46.7,888.8,-88.8,-999.9,-88.8
904,-10.4,27.1,31,45.7,888.8,-88.8,-999.9,-88.8
905,-10.4,27.1,31,45.2,888.8,-88.8,-999.9,-88.8
906,-10.4,27.1,31,44.8,888.8,-88.8,-999.9,-88.8
907,-10.3,27.1,31.1,44.5,888.8,-88.8,-999.9,-88.8
908,-10.3,27.1,31,44.6,888.8,-88.8,-999.9,-88.8
909,-10.3,27.1,31.1,45.1,888.8,-88.8,-999.9,-88.8
910,-10.2,27.1,31,44,888.8,-88.8,-999.9,-88.8
911,-10.2,27.2,31.1,42.5,888.8,-88.8,-999.9,-88.8
912,-10.1,27.1,31.1,40.9,888.8,-88.8,-999.9,-88.8
913,-10.1,27.1,31.1,39.4,888.8,-88.8,-999.9,-88.8
914,-10.1,27.1,31.1,38,888.8,-88.8,-999.9,-88.8
915,-10,27.1,31.1,36.6,888.8,-88.8,-999.9,-88.8
916,-10,27.1,31.1,35.3,888.8,-88.8,-999.9,-88.8
917,-10,27.1,31.1,34.5,888.8,-88.8,-999.9,-88.8
918,-10,27.1,31.1,33.7,888.8,-88.8,-999.9,-88.8
919,-9.9,27.1,31.1,34.6,888.8,-88.8,-999.9,-88.8
920,-9.9,27.1,31.1,35.1,888.8,-88.8,-999.9,-88.8
921,-9.9,27.1,31.1,34.8,888.8,-88.8,-999.9,-88.8
922,-9.8,27.1,31.2,34.8,888.8,-88.8,-999.9,-88.8
923,-9.8,27.1,31.2,35.2,888.8,-88.8,-999.9,-88.8
924,-9.8,27.1,31.2,37.5,888.8,-88.8,-999.9,-88.8
925,-9.7,27.1,31.2,39.3,888.8,-88.8,-999.9,-88.8
926,-9.7,27.1,31.2,41.2,888.8,-88.8,-999.9,-88.8
927,-9.7,27.1,31.2,42.1,888.8,-88.8,-999.9,-88.8
928,-9.6,27.1,31.2,41.7,888.8,-88.8,-999.9,-88.8
929,-9.6,27.1,31.2,38.8,888.8,-88.8,-999.9,-88.8
930,-9.5,27.1,31.2,35.1,888.8,-88.8,-999.9,-88.8
931,-9.4,27.2,31.2,33.8,888.8,-88.8,-999.9,-88.8
932,-9.4,27.1,31.2,33.2,888.8,-88.8,-999.9,-88.8
933,-9.3,27.1,31.2,33.2,888.8,-88.8,-999.9,-88.8
934,-9.3,27.1,31.2,33.7,888.8,-88.8,-999.9,-88.8
935,-9.1,27.1,31.2,34.4,888.8,-88.8,-999.9,-88.8
936,-9,27.2,31.2,35.4,888.8,-88.8,-999.9,-88.8
937,-8.8,27.1,31.2,35.9,888.8,-88.8,-999.9,-88.8
938,-8.6,27.2,31.2,35.9,888.8,-88.8,-999.9,-88.8
939,-8.4,27.2,31.3,36.5,888.8,-88.8,-999.9,-88.8
940,-8.1,27.1,31.2,36.8,888.8,-88.8,-999.9,-88.8
941,-7.7,27.1,31.2,36.9,888.8,-88.8,-999.9,-88.8
942,-7.3,27.2,31.3,36.5,888.8,-88.8,-999.9,-88.8
943,-7,27.2,31.3,36.1,888.8,-88.8,-999.9,-88.8
944,-6.5,27.2,31.3,35.4,888.8,-88.8,-999.9,-88.8
945,-6,27.2,31.3,34.9,888.8,-88.8,-999.9,-88.8
946,-5.5,27.2,31.3,34.5,888.8,-88.8,-999.9,-88.8
947,-5,27.2,31.3,34.2,888.8,-88.8,-999.9,-88.8
948,-4.4,27.2,31.3,33.7,888.8,-88.8,-999.9,-88.8
949,-3.8,27.2,31.3,34,888.8,-88.8,-999.9,-88.8
950,-3,27.2,31.3,34,888.8,-88.8,-999.9,-88.8
951,-2.3,27.2,31.3,33.9,888.8,-88.8,-999.9,-88.8
952,-1.6,27.2,31.3,33.7,888.8,-88.8,-999.9,-88.8
953,-0.7,27.2,31.3,33.5,888.8,-88.8,-999.9,-88.8
954,0.1,27.2,31.3,33.2,888.8,-88.8,-999.9,-88.8
955,1.1,27.2,31.3,33.1,888.8,-88.8,-999.9,-88.8
956,2.2,27.2,31.4,32.5,888.8,-88.8,-999.9,-88.8
957,3.3,27.2,31.3,32.1,888.8,-88.8,-999.9,-88.8
958,4.5,27.2,31.3,32,888.8,-88.8,-999.9,-88.8
959,5.9,27.2,31.3,31.6,888.8,-88.8,-999.9,-88.8
1000,7.4,27.2,31.4,30.9,888.8,-88.8,-999.9,-88.8
1001,8.9,27.2,31.4,29.9,888.8,-88.8,-999.9,-88.8
1002,10.4,27.2,31.4,29.4,888.8,-88.8,-999.9,-88.8
1003,12.1,27.2,31.3,29.9,888.8,-88.8,-999.9,-88.8
1004,13.8,27.2,31.4,27.6,888.8,-88.8,-999.9,-88.8
1005,15.6,27.2,31.4,24.8,888.8,-88.8,-999.9,-88.8
1006,17.6,27.2,31.4,23.7,888.8,-88.8,-999.9,-88.8
1007,19.5,27.2,31.4,23.8,888.8,-88.8,-999.9,-88.8
1008,21.5,27.2,31.5,25,888.8,-88.8,-999.9,-88.8
1009,23.4,27.2,31.5,27.7,888.8,-88.8,-999.9,-88.8
1010,25.2,27.2,31.5,30.6,888.8,-88.8,-999.9,-88.8
1011,26.5,27.2,31.5,32.4,888.8,-88.8,-999.9,-88.8
1012,27.5,27.2,31.5,32.8,888.8,-88.8,-999.9,-88.8
1013,28.4,27.3,31.5,33.3,888.8,-88.8,-999.9,-88.8
1014,29.1,27.2,31.5,34,888.8,-88.8,-999.9,-88.8
1015,29.9,27.2,31.5,34.5,888.8,-88.8,-999.9,-88.8
1016,30.6,27.2,31.5,34.7,888.8,-88.8,-999.9,-88.8
1017,31.3,27.2,31.5,35.7,888.8,-88.8,-999.9,-88.8
1018,31.9,27.2,31.5,37.2,888.8,-88.8,-999.9,-88.8
1019,32.6,27.2,31.5,37.9,888.8,-88.8,-999.9,-88.8
1020,33.3,27.2,31.5,37.9,888.8,-88.8,-999.9,-88.8
1021,34.2,27.2,31.5,37.2,888.8,-88.8,-999.9,-88.8
1022,35.1,27.3,31.5,35.9,888.8,-88.8,-999.9,-88.8
1023,36.7,27.3,31.5,35.7,888.8,-88.8,-999.9,-88.8
1024,37.6,27.3,31.5,35.4,888.8,-88.8,-999.9,-88.8
1025,36.8,27.2,31.6,35.2,888.8,-88.8,-999.9,-88.8
1026,35.8,27.3,31.6,34.9,888.8,-88.8,-999.9,-88.8
1027,35.8,27.3,31.6,34.6,888.8,-88.8,-999.9,-88.8
1028,37,27.3,31.6,34.3,888.8,-88.8,-999.9,-88.8
1029,38.6,27.3,31.6,34,888.8,-88.8,-999.9,-88.8
1030,40.1,27.3,31.7,33.7,888.8,-88.8,-999.9,-88.8
1031,41.1,27.3,31.7,33.2,888.8,-88.8,-999.9,-88.8
1032,41.7,27.3,31.8,32.8,888.8,-88.8,-999.9,-88.8
1033,41.9,27.4,31.9,32.6,888.8,-88.8,-999.9,-88.8
1034,41.9,27.4,32,31.5,888.8,-88.8,-999.9,-88.8
1035,41.9,27.4,32.1,30.9,888.8,-88.8,-999.9,-88.8
1036,42,27.4,32.2,28.9,888.8,-88.8,-999.9,-88.8
1037,42.1,27.4,32.3,26.8,888.8,-88.8,-999.9,-88.8
1038,42.3,27.4,32.5,26.2,888.8,-88.8,-999.9,-88.8
1039,42.6,27.5,32.6,26.2,888.8,-88.8,-999.9,-88.8
1040,42.9,27.5,32.8,27.1,888.8,-88.8,-999.9,-88.8
1041,43.3,27.5,32.9,28.5,888.8,-88.8,-999.9,-88.8
1042,43.5,27.6,33.1,30.3,888.8,-88.8,-999.9,-88.8
1043,43.7,27.6,33.2,32.7,888.8,-88.8,-999.9,-88.8
1044,43.9,27.6,33.4,35,888.8,-88.8,-999.9,-88.8
1045,44.1,27.6,33.6,36.2,888.8,-88.8,-999.9,-88.8
1046,44.2,27.6,33.7,36.2,888.8,-88.8,-999.9,-88.8
1047,44.5,27.7,33.9,35.9,888.8,-88.8,-999.9,-88.8
1048,44.8,27.7,34.1,35.6,888.8,-88.8,-999.9,-88.8
1049,45,27.8,34.3,35.7,888.8,-88.8,-999.9,-88.8
1050,45.3,27.8,34.4,35.6,888.8,-88.8,-999.9,-88.8
1051,45.5,27.8,34.6,34.5,888.8,-88.8,-999.9,-88.8
1052,45.8,27.8,34.8,33.5,888.8,-88.8,-999.9,-88.8
1053,46,27.9,34.9,33.7,888.8,-88.8,-999.9,-88.8
1054,46.2,27.9,35.1,34,888.8,-88.8,-999.9,-88.8
1055,46.4,27.9,35.3,34,888.8,-88.8,-999.9,-88.8
1056,46.6,27.9,35.4,33.9,888.8,-88.8,-999.9,-88.8
1057,46.8,27.9,35.6,34.7,888.8,-88.8,-999.9,-88.8
1058,47,27.9,35.8,36.5,888.8,-88.8,-999.9,-88.8
1059,47.2,27.9,36,38.1,888.8,-88.8,-999.9,-88.8
1100,47.4,27.9,36.1,39.2,888.8,-88.8,-999.9,-88.8
1101,47.6,27.8,36.3,37.8,888.8,-88.8,-999.9,-88.8
1102,47.8,27.8,36.5,37.2,888.8,-88.8,-999.9,-88.8
1103,47.9,27.8,36.7,36.9,888.8,-88.8,-999.9,-88.8
1104,48.1,27.8,36.8,37.2,888.8,-88.8,-999.9,-88.8
1105,48.3,27.8,37,37.2,888.8,-88.8,-999.9,-88.8
1106,48.5,27.8,37.2,36.9,888.8,-88.8,-999.9,-88.8
1107,48.7,27.8,37.3,36.7,888.8,-88.8,-999.9,-88.8
1108,48.9,27.9,37.5,36.6,888.8,-88.8,-999.9,-88.8
1109,49.1,27.9,37.7,36.5,888.8,-88.8,-999.9,-88.8
1110,49.3,27.9,37.9,36.5,888.8,-88.8,-999.9,-88.8
1111,49.5,28,38.1,36.3,888.8,-88.8,-999.9,-88.8
1112,49.6,28,38.2,36.2,888.8,-88.8,-999.9,-88.8
1113,49.7,28.1,38.4,36.1,888.8,-88.8,-999.9,-88.8
1114,49.9,28.1,38.6,36.1,888.8,-88.8,-999.9,-88.8
1115,50.1,28.2,38.8,36,888.8,-88.8,-999.9,-88.8
1116,50.3,28.2,39,36,888.8,-88.8,-999.9,-88.8
1117,50.4,28.3,39.1,35.9,888.8,-88.8,-999.9,-88.8
1118,50.6,28.4,39.3,35.8,888.8,-88.8,-999.9,-88.8
1119,50.8,28.4,39.5,35.7,888.8,-88.8,-999.9,-88.8
1120,51,28.5,39.7,35.6,888.8,-88.8,-999.9,-88.8
1121,51.1,28.6,39.9,35.7,888.8,-88.8,-999.9,-88.8
1122,51.2,28.6,40.1,35.7,888.8,-88.8,-999.9,-88.8
1123,51.4,28.6,40.2,35.6,888.8,-88.8,-999.9,-88.8
1124,51.7,28.6,40.4,35.6,888.8,-88.8,-999.9,-88.8
1125,52,28.7,40.6,35.9,888.8,-88.8,-999.9,-88.8
1126,52.2,28.7,40.8,35.3,888.8,-88.8,-999.9,-88.8
1127,52.3,28.8,40.9,33.5,888.8,-88.8,-999.9,-88.8
1128,52.4,28.9,41.1,31.4,888.8,-88.8,-999.9,-88.8
1129,52.6,28.9,41.3,30.3,888.8,-88.8,-999.9,-88.8
1130,52.9,29,41.5,29.6,888.8,-88.8,-999.9,-88.8
1131,53.1,29,41.7,29,888.8,-88.8,-999.9,-88.8
1132,53.3,29.1,41.9,28.8,888.8,-88.8,-999.9,-88.8
1133,53.5,29.2,42.1,29.4,888.8,-88.8,-999.9,-88.8
1134,53.6,29.2,42.3,30.2,888.8,-88.8,-999.9,-88.8
1135,53.7,29.3,42.5,30.9,888.8,-88.8,-999.9,-88.8
1136,53.8,29.4,42.7,31.3,888.8,-88.8,-999.9,-88.8
1137,53.9,29.4,42.9,31.7,888.8,-88.8,-999.9,-88.8
1138,54.1,29.5,43.1,31.9,888.8,-88.8,-999.9,-88.8
1139,54.3,29.6,43.3,32,888.8,-88.8,-999.9,-88.8
1140,54.4,29.7,43.4,32.1,888.8,-88.8,-999.9,-88.8
1141,54.5,29.7,43.5,32.2,888.8,-88.8,-999.9,-88.8
1142,54.7,29.8,43.7,32.2,888.8,-88.8,-999.9,-88.8
1143,55,29.9,43.9,32.3,888.8,-88.8,-999.9,-88.8
1144,55.4,29.9,43.9,32.3,888.8,-88.8,-999.9,-88.8
1145,55.5,30,43.9,32.3,888.8,-88.8,-999.9,-88.8
1146,55.4,30.1,44,32.4,888.8,-88.8,-999.9,-88.8
1147,55.4,30.2,44.1,32.4,888.8,-88.8,-999.9,-88.8
1148,55.4,30.2,44.1,32.5,888.8,-88.8,-999.9,-88.8
1149,55.6,30.3,44.2,32.6,888.8,-88.8,-999.9,-88.8
1150,55.8,30.4,44.1,32.6,888.8,-88.8,-999.9,-88.8
1151,55.9,30.5,44.2,32.6,888.8,-88.8,-999.9,-88.8
1152,55.9,30.6,44.2,32.7,888.8,-88.8,-999.9,-88.8
1153,55.9,30.7,44.2,32.7,888.8,-88.8,-999.9,-88.8
1154,56,30.7,44.3,32.7,888.8,-88.8,-999.9,-88.8
1155,56.2,30.8,44.3,32.8,888.8,-88.8,-999.9,-88.8
1156,56.4,30.9,44.4,32.8,888.8,-88.8,-999.9,-88.8
1157,56.4,31,44.4,32.4,888.8,-88.8,-999.9,-88.8
1158,56.5,31,44.4,32.2,888.8,-88.8,-999.9,-88.8
1159,56.6,31.1,44.5,32.1,888.8,-88.8,-999.9,-88.8
1200,56.8,31.3,44.5,32,888.8,-88.8,-999.9,-88.8
1201,56.8,31.3,44.6,31.8,888.8,-88.8,-999.9,-88.8
1202,56.9,31.4,44.6,31.8,888.8,-88.8,-999.9,-88.8
1203,57,31.5,44.6,31.8,888.8,-88.8,-999.9,-88.8
1204,57,31.6,44.7,31.8,888.8,-88.8,-999.9,-88.8
1205,57,31.7,44.7,31.9,888.8,-88.8,-999.9,-88.8
1206,57.1,31.8,44.8,31.9,888.8,-88.8,-999.9,-88.8
1207,57.3,31.9,44.8,31.9,888.8,-88.8,-999.9,-88.8
1208,57.5,32,44.8,32,888.8,-88.8,-999.9,-88.8
1209,57.6,32,44.9,32,888.8,-88.8,-999.9,-88.8
1210,57.6,32.1,44.9,31.7,888.8,-88.8,-999.9,-88.8
1211,57.6,32.2,45,31.5,888.8,-88.8,-999.9,-88.8
1212,57.7,32.3,45,31.5,888.8,-88.8,-999.9,-88.8
1213,57.9,32.3,45.1,31.3,888.8,-88.8,-999.9,-88.8
1214,58.1,32.4,45.2,31.3,888.8,-88.8,-999.9,-88.8
1215,58.1,32.5,45.2,31.3,888.8,-88.8,-999.9,-88.8
1216,58.2,32.6,45.2,31.3,888.8,-88.8,-999.9,-88.8
1217,58.2,32.7,45.3,31.6,888.8,-88.8,-999.9,-88.8
1218,58.3,32.8,45.4,31.9,888.8,-88.8,-999.9,-88.8
1219,58.5,32.9,45.4,32.2,888.8,-88.8,-999.9,-88.8
1220,58.6,33,45.5,32.4,888.8,-88.8,-999.9,-88.8
1221,58.6,33.1,45.6,32.6,888.8,-88.8,-999.9,-88.8
1222,58.6,33.2,45.6,32.7,888.8,-88.8,-999.9,-88.8
1223,58.7,33.3,45.6,32.8,888.8,-88.8,-999.9,-88.8
1224,58.8,33.4,45.7,32.8,888.8,-88.8,-999.9,-88.8
1225,58.8,33.5,45.8,33,888.8,-88.8,-999.9,-88.8
1226,58.8,33.6,45.8,33,888.8,-88.8,-999.9,-88.8
1227,58.9,33.7,45.9,33.1,888.8,-88.8,-999.9,-88.8
1228,59.1,33.8,46,33.1,888.8,-88.8,-999.9,-88.8
1229,59.2,33.9,46,33.2,888.8,-88.8,-999.9,-88.8
1230,59.2,34,46.1,33.3,888.8,-88.8,-999.9,-88.8
1231,59.2,34.1,46.2,33.3,888.8,-88.8,-999.9,-88.8
1232,59.3,34.2,46.2,33.3,888.8,-88.8,-999.9,-88.8
1233,59.4,34.3,46.3,33.4,888.8,-88.8,-999.9,-88.8
1234,59.6,34.4,46.3,33.3,888.8,-88.8,-999.9,-88.8
1235,59.6,34.5,46.4,33.4,888.8,-88.8,-999.9,-88.8
1236,59.5,34.5,46.5,33.4,888.8,-88.8,-999.9,-88.8
1237,59.6,34.5,46.5,33.2,888.8,-88.8,-999.9,-88.8
1238,59.8,34.5,46.6,33.1,888.8,-88.8,-999.9,-88.8
1239,60,34.5,46.7,32.7,888.8,-88.8,-999.9,-88.8
1240,60,34.6,46.8,32.3,888.8,-88.8,-999.9,-88.8
1241,60.1,34.6,46.9,32,888.8,-88.8,-999.9,-88.8
1242,60,34.7,46.9,30.3,888.8,-88.8,-999.9,-88.8
1243,60.1,34.7,47,27.6,888.8,-88.8,-999.9,-88.8
1244,60.1,34.9,47,25,888.8,-88.8,-999.9,-88.8
1245,60,34.9,47.1,23.4,888.8,-88.8,-999.9,-88.8
1246,60.1,35.1,47.2,22.1,888.8,-88.8,-999.9,-88.8
1247,60.3,35.1,47.2,21.2,888.8,-88.8,-999.9,-88.8
1248,60.4,35.2,47.3,20.7,888.8,-88.8,-999.9,-88.8
1249,60.3,35.3,47.4,20.5,888.8,-88.8,-999.9,-88.8
1250,60.2,35.4,47.4,20.3,888.8,-88.8,-999.9,-88.8
1251,60.3,35.6,47.6,20.3,888.8,-88.8,-999.9,-88.8
1252,60.4,35.7,47.6,20.2,888.8,-88.8,-999.9,-88.8
1253,60.6,35.8,47.7,20.2,888.8,-88.8,-999.9,-88.8
1254,60.9,35.8,47.8,20.2,888.8,-88.8,-999.9,-88.8
1255,60.9,35.9,47.8,20.5,888.8,-88.8,-999.9,-88.8
1256,61,36,48.1,21.1,888.8,-88.8,-999.9,-88.8
1257,61.1,36.1,48.1,21.8,888.8,-88.8,-999.9,-88.8
1258,61.2,36.2,48.2,22.7,888.8,-88.8,-999.9,-88.8
1259,61.5,36.3,48.3,23.9,888.8,-88.8,-999.9,-88.8
1300,61.7,36.5,48.5,25.2,888.8,-88.8,-999.9,-88.8
1301,61.9,36.5,48.6,26.5,888.8,-88.8,-999.9,-88.8
1302,61.9,36.6,48.7,27.6,888.8,-88.8,-999.9,-88.8
1303,62,36.7,48.8,28.6,888.8,-88.8,-999.9,-88.8
1304,62,36.8,48.9,28.6,888.8,-88.8,-999.9,-88.8
1305,62,36.9,49,28.6,888.8,-88.8,-999.9,-88.8
1306,62.2,37,49.1,28.8,888.8,-88.8,-999.9,-88.8
1307,62.4,37.1,49.3,29.1,888.8,-88.8,-999.9,-88.8
1308,62.3,37.2,49.4,29,888.8,-88.8,-999.9,-88.8
1309,62.2,37.3,49.5,28.8,888.8,-88.8,-999.9,-88.8
1310,62.2,37.3,49.6,28.6,888.8,-88.8,-999.9,-88.8
1311,62.2,37.4,49.7,28.5,888.8,-88.8,-999.9,-88.8
1312,62.4,37.4,49.8,28.4,888.8,-88.8,-999.9,-88.8
1313,62.5,37.5,49.9,28.3,888.8,-88.8,-999.9,-88.8
1314,62.5,37.6,50,28.2,888.8,-88.8,-999.9,-88.8
1315,62.4,37.7,50.2,26.3,888.8,-88.8,-999.9,-88.8
1316,62.4,37.8,50.3,26.3,888.8,-88.8,-999.9,-88.8
1317,62.7,37.9,50.4,25.8,888.8,-88.8,-999.9,-88.8
1318,63.1,37.9,50.5,24.6,888.8,-88.8,-999.9,-88.8
1319,63,37.9,50.6,24.3,888.8,-88.8,-999.9,-88.8
1320,62.8,37.9,50.7,24.6,888.8,-88.8,-999.9,-88.8
1321,62.8,38,50.8,25.2,888.8,-88.8,-999.9,-88.8
1322,62.9,38,50.9,25.9,888.8,-88.8,-999.9,-88.8
1323,63.1,37.9,51,26.7,888.8,-88.8,-999.9,-88.8
1324,63.2,37.9,51.2,27.5,888.8,-88.8,-999.9,-88.8
1325,63.4,37.8,51.2,28.4,888.8,-88.8,-999.9,-88.8
1326,63.4,37.9,51.3,29.2,888.8,-88.8,-999.9,-88.8
1327,63.4,37.9,51.4,30.1,888.8,-88.8,-999.9,-88.8
1328,63.4,38,51.5,30.8,888.8,-88.8,-999.9,-88.8
1329,63.6,38.1,51.7,31.6,888.8,-88.8,-999.9,-88.8
1330,63.8,38.2,51.8,32.3,888.8,-88.8,-999.9,-88.8
1331,64.1,38.3,51.9,32.9,888.8,-88.8,-999.9,-88.8
1332,64,38.4,52,33.2,888.8,-88.8,-999.9,-88.8
1333,64,38.5,52.1,33.4,888.8,-88.8,-999.9,-88.8
1334,63.9,38.5,52.2,34.1,888.8,-88.8,-999.9,-88.8
1335,63.9,38.4,52.3,34.6,888.8,-88.8,-999.9,-88.8
1336,64.1,38.3,52.4,35,888.8,-88.8,-999.9,-88.8
1337,64.2,38.2,52.5,35.4,888.8,-88.8,-999.9,-88.8
1338,64.2,38.2,52.6,35.8,888.8,-88.8,-999.9,-88.8
1339,64.2,38.2,52.7,36.3,888.8,-88.8,-999.9,-88.8
1340,64.2,38.3,52.8,36.8,888.8,-88.8,-999.9,-88.8
1341,64.3,38.3,52.9,37.2,888.8,-88.8,-999.9,-88.8
1342,64.4,38.3,52.9,37,888.8,-88.8,-999.9,-88.8
1343,64.3,38.4,53,37.7,888.8,-88.8,-999.9,-88.8
1344,64.1,38.2,53,38.4,888.8,-88.8,-999.9,-88.8
1345,64.1,38.2,53.1,37.9,888.8,-88.8,-999.9,-88.8
1346,64.3,38,53.2,37,888.8,-88.8,-999.9,-88.8
1347,64.5,38,53.2,36.1,888.8,-88.8,-999.9,-88.8
1348,64.6,38,53.3,35.4,888.8,-88.8,-999.9,-88.8
1349,64.5,38,53.3,34.9,888.8,-88.8,-999.9,-88.8
1350,64.5,38.1,53.4,34.4,888.8,-88.8,-999.9,-88.8
1351,64.4,38.2,53.4,34.6,888.8,-88.8,-999.9,-88.8
1352,64.4,38.3,53.4,35.3,888.8,-88.8,-999.9,-88.8
1353,64.2,38.3,53.4,36,888.8,-88.8,-999.9,-88.8
1354,64.2,38.2,53.4,36.2,888.8,-88.8,-999.9,-88.8
1355,64.3,38.1,53.6,36.5,888.8,-88.8,-999.9,-88.8
1356,64.5,38,53.6,36.5,888.8,-88.8,-999.9,-88.8
1357,64.5,37.9,53.6,36.3,888.8,-88.8,-999.9,-88.8
1358,64.4,37.9,53.6,36.4,888.8,-88.8,-999.9,-88.8
1359,64.3,37.9,53.7,37.5,888.8,-88.8,-999.9,-88.8
1400,64.4,38,53.7,38.2,888.8,-88.8,-999.9,-88.8
1401,64.3,38.1,53.8,39.1,888.8,-88.8,-999.9,-88.8
1402,64.3,38.1,53.8,40.2,888.8,-88.8,-999.9,-88.8
1403,64.3,38.2,53.8,40.6,888.8,-88.8,-999.9,-88.8
1404,64.4,38.3,53.8,40.4,888.8,-88.8,-999.9,-88.8
1405,64.4,38.4,53.8,40.2,888.8,-88.8,-999.9,-88.8
1406,64.4,38.5,53.9,40,888.8,-88.8,-999.9,-88.8
1407,64.4,38.6,53.9,39.8,888.8,-88.8,-999.9,-88.8
1408,64.3,38.7,54,39.8,888.8,-88.8,-999.9,-88.8
1409,64.3,38.8,54.1,39.8,888.8,-88.8,-999.9,-88.8
1410,64.3,39,54.1,38.8,888.8,-88.8,-999.9,-88.8
1411,64.4,39,54.1,35.8,888.8,-88.8,-999.9,-88.8
1412,64.5,39.2,54.1,34.4,888.8,-88.8,-999.9,-88.8
1413,64.4,39.2,54.2,34,888.8,-88.8,-999.9,-88.8
1414,64.3,39.3,54.2,34.2,888.8,-88.8,-999.9,-88.8
1415,64.2,39.4,54.2,34.5,888.8,-88.8,-999.9,-88.8
1416,64.2,39.6,54.2,34.9,888.8,-88.8,-999.9,-88.8
1417,64.3,39.7,54.2,35.3,888.8,-88.8,-999.9,-88.8
1418,64.3,39.8,54.2,35.9,888.8,-88.8,-999.9,-88.8
1419,64.2,39.9,54.2,36.4,888.8,-88.8,-999.9,-88.8
1420,64.2,40,54.2,36.9,888.8,-88.8,-999.9,-88.8
1421,64.2,40.1,54.2,37.1,888.8,-88.8,-999.9,-88.8
1422,64.1,40.2,54.2,37.2,888.8,-88.8,-999.9,-88.8
1423,64.1,40.3,54.2,37.2,888.8,-88.8,-999.9,-88.8
1424,64.1,40.4,54.3,37,888.8,-88.8,-999.9,-88.8
1425,64.1,40.4,54.3,36.9,888.8,-88.8,-999.9,-88.8
1426,64.1,40.6,54.3,36.8,888.8,-88.8,-999.9,-88.8
1427,64,40.6,54.3,36.7,888.8,-88.8,-999.9,-88.8
1428,63.9,40.7,54.3,36.6,888.8,-88.8,-999.9,-88.8
1429,63.8,40.8,54.3,36.5,888.8,-88.8,-999.9,-88.8
1430,63.8,40.9,54.3,36.5,888.8,-88.8,-999.9,-88.8
1431,63.8,41,54.3,36.5,888.8,-88.8,-999.9,-88.8
1432,63.7,41.1,54.3,36.5,888.8,-88.8,-999.9,-88.8
1433,63.5,41.2,54.3,36.5,888.8,-88.8,-999.9,-88.8
1434,63.4,41.3,54.3,36.6,888.8,-88.8,-999.9,-88.8
1435,63.3,41.4,54.3,36.5,888.8,-88.8,-999.9,-88.8
1436,63.2,41.4,54.3,36.7,888.8,-88.8,-999.9,-88.8
1437,63.1,41.3,54.3,36.7,888.8,-88.8,-999.9,-88.8
1438,62.9,41.3,54.3,36.7,888.8,-88.8,-999.9,-88.8
1439,62.8,41.2,54.3,36.7,888.8,-88.8,-999.9,-88.8
1440,62.7,41.3,54.3,36.7,888.8,-88.8,-999.9,-88.8
1441,62.6,41.3,54.4,36.7,888.8,-88.8,-999.9,-88.8
1442,62.5,41.4,54.3,36.6,888.8,-88.8,-999.9,-88.8
1443,62.4,41.4,54.3,36.4,888.8,-88.8,-999.9,-88.8
1444,62.3,41.5,54.3,36.7,888.8,-88.8,-999.9,-88.8
1445,62.2,41.4,54.3,36.6,888.8,-88.8,-999.9,-88.8
1446,62.1,41.4,54.4,36.5,888.8,-88.8,-999.9,-88.8
1447,62,41.4,54.3,36.5,888.8,-88.8,-999.9,-88.8
1448,61.9,41.4,54.3,36.5,888.8,-88.8,-999.9,-88.8
1449,61.7,41.5,54.3,36.5,888.8,-88.8,-999.9,-88.8
1450,61.6,41.6,54.3,36.5,888.8,-88.8,-999.9,-88.8
1451,61.4,41.6,54.3,36.6,888.8,-88.8,-999.9,-88.8
1452,61.1,41.7,54.3,36.6,888.8,-88.8,-999.9,-88.8
1453,60.9,41.6,54.3,36.6,888.8,-88.8,-999.9,-88.8
1454,60.8,41.5,54.3,36.6,888.8,-88.8,-999.9,-88.8
1455,60.6,41.4,54.3,36.5,888.8,-88.8,-999.9,-88.8
1456,60.5,41.4,54.3,36.5,888.8,-88.8,-999.9,-88.8
1457,60.3,41.5,54.3,36.5,888.8,-88.8,-999.9,-88.8
1458,60.2,41.5,54.3,36.4,888.8,-88.8,-999.9,-88.8
1459,59.9,41.6,54.3,36.5,888.8,-88.8,-999.9,-88.8
1500,59.7,41.6,54.3,36.4,888.8,-88.8,-999.9,-88.8
1501,59.4,41.8,54.3,36.4,888.8,-88.8,-999.9,-88.8
1502,59.2,41.8,54.3,36.4,888.8,-88.8,-999.9,-88.8
1503,59.1,41.9,54.3,36.4,888.8,-88.8,-999.9,-88.8
1504,58.9,42,54.2,36.3,888.8,-88.8,-999.9,-88.8
1505,58.8,42.1,54.3,36.3,888.8,-88.8,-999.9,-88.8
1506,58.7,42.2,54.3,36.3,888.8,-88.8,-999.9,-88.8
1507,58.6,42.3,54.2,36.3,888.8,-88.8,-999.9,-88.8
1508,58.5,42.4,54.2,36.3,888.8,-88.8,-999.9,-88.8
1509,58.4,42.5,54.2,36.3,888.8,-88.8,-999.9,-88.8
1510,58.2,42.5,54.2,36.3,888.8,-88.8,-999.9,-88.8
1511,57.8,42.6,54.2,36.2,888.8,-88.8,-999.9,-88.8
1512,58.9,42.7,54.1,36.2,888.8,-88.8,-999.9,-88.8
1513,59.3,42.8,54.1,36.1,888.8,-88.8,-999.9,-88.8
1514,57,42.8,54,36.1,888.8,-88.8,-999.9,-88.8
1515,55.7,42.8,54,36.1,888.8,-88.8,-999.9,-88.8
1516,55.6,42.8,53.9,36.1,888.8,-88.8,-999.9,-88.8
1517,56,42.7,53.9,36.1,888.8,-88.8,-999.9,-88.8
1518,56.5,42.5,53.8,36,888.8,-88.8,-999.9,-88.8
1519,56.9,42.2,53.8,35.9,888.8,-88.8,-999.9,-88.8
1520,57.1,42.1,53.8,35.9,888.8,-88.8,-999.9,-88.8
1521,56.9,42,53.8,35.9,888.8,-88.8,-999.9,-88.8
1522,56.6,41.9,53.7,35.9,888.8,-88.8,-999.9,-88.8
1523,56.3,41.9,53.7,35.9,888.8,-88.8,-999.9,-88.8
1524,56.1,41.8,53.6,35.8,888.8,-88.8,-999.9,-88.8
1525,56.1,41.8,53.6,35.9,888.8,-88.8,-999.9,-88.8
1526,55.9,41.7,53.6,35.8,888.8,-88.8,-999.9,-88.8
1527,55.7,41.7,53.6,35.8,888.8,-88.8,-999.9,-88.8
1528,55.2,41.6,53.6,35.7,888.8,-88.8,-999.9,-88.8
1529,55.6,41.6,53.5,35.6,888.8,-88.8,-999.9,-88.8
1530,56.6,41.6,53.5,35.6,888.8,-88.8,-999.9,-88.8
1531,55.8,41.6,53.5,35.6,888.8,-88.8,-999.9,-88.8
1532,54.7,41.5,53.5,35.6,888.8,-88.8,-999.9,-88.8
1533,54,41.5,53.5,35.6,888.8,-88.8,-999.9,-88.8
1534,53.5,41.5,53.4,35.5,888.8,-88.8,-999.9,-88.8
1535,53.2,41.5,53.4,35.6,888.8,-88.8,-999.9,-88.8
1536,52.9,41.5,53.4,35.2,888.8,-88.8,-999.9,-88.8
1537,52.7,41.4,53.4,35.6,888.8,-88.8,-999.9,-88.8
1538,52.3,41.3,53.4,35.5,888.8,-88.8,-999.9,-88.8
1539,51.9,41.2,53.4,35.4,888.8,-88.8,-999.9,-88.8
1540,51.4,41,53.4,35.4,888.8,-88.8,-999.9,-88.8
1541,50.8,41,53.3,35.4,888.8,-88.8,-999.9,-88.8
1542,50.1,40.9,53.3,35.3,888.8,-88.8,-999.9,-88.8
1543,49.5,40.9,53.3,35.3,888.8,-88.8,-999.9,-88.8
1544,48.7,40.8,53.3,35.2,888.8,-88.8,-999.9,-88.8
1545,48.1,40.8,53.2,35.2,888.8,-88.8,-999.9,-88.8
1546,47.9,40.8,53.2,35.2,888.8,-88.8,-999.9,-88.8
1547,46.4,40.8,53.2,35.2,888.8,-88.8,-999.9,-88.8
1548,45.2,40.8,53.2,35.2,888.8,-88.8,-999.9,-88.8
1549,44.3,40.8,53.2,35.1,888.8,-88.8,-999.9,-88.8
1550,43.8,40.8,53.1,35,888.8,-88.8,-999.9,-88.8
1551,43.6,40.8,53.1,35,888.8,-88.8,-999.9,-88.8
1552,43.9,40.8,53,34.9,888.8,-88.8,-999.9,-88.8
1553,44.8,40.8,52.9,34.9,888.8,-88.8,-999.9,-88.8
1554,45.6,40.8,52.9,34.9,888.8,-88.8,-999.9,-88.8
1555,46,40.8,52.9,34.8,888.8,-88.8,-999.9,-88.8
1556,45.7,40.8,52.8,34.8,888.8,-88.8,-999.9,-88.8
1557,44.9,40.8,52.8,34.8,888.8,-88.8,-999.9,-88.8
1558,43.9,40.8,52.7,34.7,888.8,-88.8,-999.9,-88.8
1559,42.8,40.8,52.7,34.7,888.8,-88.8,-999.9,-88.8
1600,41.7,40.8,52.7,34.6,888.8,-88.8,-999.9,-88.8
1601,40.7,40.8,52.6,34.4,888.8,-88.8,-999.9,-88.8
1602,39.7,40.8,52.5,34.1,888.8,-88.8,-999.9,-88.8
1603,38.8,40.8,52.5,33.9,888.8,-88.8,-999.9,-88.8
1604,38,40.8,52.5,33.7,888.8,-88.8,-999.9,-88.8
1605,37.2,40.8,52.4,33.3,888.8,-88.8,-999.9,-88.8
1606,36.4,40.8,52.4,33,888.8,-88.8,-999.9,-88.8
1607,35.5,40.8,52.3,32.5,888.8,-88.8,-999.9,-88.8
1608,34.7,40.8,52.3,32.1,888.8,-88.8,-999.9,-88.8
1609,33.9,40.8,52.2,31.8,888.8,-88.8,-999.9,-88.8
1610,33.2,40.8,52.2,31.5,888.8,-88.8,-999.9,-88.8
1611,32.4,40.8,52.1,31.4,888.8,-88.8,-999.9,-88.8
1612,31.7,40.8,52.1,31.1,888.8,-88.8,-999.9,-88.8
1613,30.8,40.8,52,30.7,888.8,-88.8,-999.9,-88.8
1614,30.2,40.8,52,30.4,888.8,-88.8,-999.9,-88.8
1615,29.4,40.8,51.9,30.2,888.8,-88.8,-999.9,-88.8
1616,28.6,40.8,51.9,29.9,888.8,-88.8,-999.9,-88.8
1617,27.8,40.8,51.8,29.7,888.8,-88.8,-999.9,-88.8
1618,27.1,40.7,51.8,29.5,888.8,-88.8,-999.9,-88.8
1619,26.4,40.8,51.7,29.4,888.8,-88.8,-999.9,-88.8
1620,25.7,40.8,51.6,29.2,888.8,-88.8,-999.9,-88.8
1621,25,40.8,51.6,29.1,888.8,-88.8,-999.9,-88.8
1622,24.3,40.8,51.5,28.9,888.8,-88.8,-999.9,-88.8
1623,23.6,40.8,51.4,28.8,888.8,-88.8,-999.9,-88.8
1624,23,40.8,51.4,28.7,888.8,-88.8,-999.9,-88.8
1625,22.3,40.8,51.3,28.6,888.8,-88.8,-999.9,-88.8
1626,21.6,40.8,51.3,28.5,888.8,-88.8,-999.9,-88.8
1627,20.9,40.8,51.2,28.4,888.8,-88.8,-999.9,-88.8
1628,20.3,40.8,51.2,28.3,888.8,-88.8,-999.9,-88.8
1629,19.6,40.9,51.1,31.2,888.8,-88.8,-999.9,-88.8
1630,19,40.9,51,32.1,888.8,-88.8,-999.9,-88.8
1631,18.4,40.9,51,32.1,888.8,-88.8,-999.9,-88.8
1632,17.8,40.9,50.9,32,888.8,-88.8,-999.9,-88.8
1633,17.2,40.9,51,32,888.8,-88.8,-999.9,-88.8
1634,16.7,40.9,50.9,31.8,888.8,-88.8,-999.9,-88.8
1635,16.1,40.9,50.9,31.8,888.8,-88.8,-999.9,-88.8
1636,15.5,40.9,50.9,31.7,888.8,-88.8,-999.9,-88.8
1637,15,40.9,50.8,31.7,888.8,-88.8,-999.9,-88.8
1638,14.5,40.9,50.8,31.5,888.8,-88.8,-999.9,-88.8
1639,13.9,40.9,50.8,31.3,888.8,-88.8,-999.9,-88.8
1640,13.4,40.9,50.8,31.2,888.8,-88.8,-999.9,-88.8
1641,13,41,50.7,31.2,888.8,-88.8,-999.9,-88.8
1642,12.5,40.9,50.7,31.3,888.8,-88.8,-999.9,-88.8
1643,11.9,40.9,50.7,31.5,888.8,-88.8,-999.9,-88.8
1644,11.4,40.9,50.7,31.7,888.8,-88.8,-999.9,-88.8
1645,11,40.9,50.6,32,888.8,-88.8,-999.9,-88.8
1646,10.6,40.9,50.6,32.2,888.8,-88.8,-999.9,-88.8
1647,10.2,41,50.6,32.3,888.8,-88.8,-999.9,-88.8
1648,9.7,41,50.5,32.4,888.8,-88.8,-999.9,-88.8
1649,9.3,41,50.5,32.4,888.8,-88.8,-999.9,-88.8
1650,8.9,41,50.5,32.5,888.8,-88.8,-999.9,-88.8
1651,8.5,41,50.4,32.7,888.8,-88.8,-999.9,-88.8
1652,8.1,41,50.4,32.8,888.8,-88.8,-999.9,-88.8
1653,7.6,41,50.4,33.1,888.8,-88.8,-999.9,-88.8
1654,7.3,41,50.4,33.3,888.8,-88.8,-999.9,-88.8
1655,6.9,41,50.3,33.4,888.8,-88.8,-999.9,-88.8
1656,6.5,41,50.3,33.4,888.8,-88.8,-999.9,-88.8
1657,6.2,41,50.3,33.3,888.8,-88.8,-999.9,-88.8
1658,5.9,41,50.2,33.2,888.8,-88.8,-999.9,-88.8
1659,5.5,41,50.2,33.2,888.8,-88.8,-999.9,-88.8
1700,5.2,41,50.2,33,888.8,-88.8,-999.9,-88.8
1701,4.8,41,50.1,33,888.8,-88.8,-999.9,-88.8
1702,4.5,41,50.1,33.2,888.8,-88.8,-999.9,-88.8
1703,4.2,41,50.1,33.3,888.8,-88.8,-999.9,-88.8
1704,3.9,41,50.1,33.4,888.8,-88.8,-999.9,-88.8
1705,3.6,41,50,33.5,888.8,-88.8,-999.9,-88.8
1706,3.3,41,50.1,33.5,888.8,-88.8,-999.9,-88.8
1707,3,41,50.1,33.4,888.8,-88.8,-999.9,-88.8
1708,2.7,41,50,33.3,888.8,-88.8,-999.9,-88.8
1709,2.4,41.1,49.9,33.3,888.8,-88.8,-999.9,-88.8
1710,2.2,41.1,49.9,33.2,888.8,-88.8,-999.9,-88.8
1711,1.9,41.1,49.9,33.2,888.8,-88.8,-999.9,-88.8
1712,1.6,41.1,49.9,33.3,888.8,-88.8,-999.9,-88.8
1713,1.4,41.1,49.9,33.5,888.8,-88.8,-999.9,-88.8
1714,1.1,41.1,49.9,33.6,888.8,-88.8,-999.9,-88.8
1715,0.9,41.1,49.8,33.7,888.8,-88.8,-999.9,-88.8
1716,0.6,41.1,49.8,33.7,888.8,-88.8,-999.9,-88.8
1717,0.4,41.1,49.7,33.6,888.8,-88.8,-999.9,-88.8
1718,0.2,41.1,49.7,33.5,888.8,-88.8,-999.9,-88.8
1719,0,41.1,49.7,33.3,888.8,-88.8,-999.9,-88.8
1720,-0.2,41.1,49.7,33.3,888.8,-88.8,-999.9,-88.8
1721,-0.4,41.1,49.6,33.3,888.8,-88.8,-999.9,-88.8
1722,-0.6,41.1,49.7,33.4,888.8,-88.8,-999.9,-88.8
1723,-0.8,41.1,49.7,33.6,888.8,-88.8,-999.9,-88.8
1724,-1,41.1,49.6,33.7,888.8,-88.8,-999.9,-88.8
1725,-1.2,41.2,49.6,33.8,888.8,-88.8,-999.9,-88.8
1726,-1.4,41.1,49.5,33.8,888.8,-88.8,-999.9,-88.8
1727,-1.5,41.1,49.5,33.7,888.8,-88.8,-999.9,-88.8
1728,-1.7,41.1,49.5,33.6,888.8,-88.8,-999.9,-88.8
1729,-1.9,41.2,49.5,33.5,888.8,-88.8,-999.9,-88.8
1730,-2.1,41.2,49.5,33.3,888.8,-88.8,-999.9,-88.8
1731,-2.3,41.2,49.5,33.4,888.8,-88.8,-999.9,-88.8
1732,-2.4,41.2,49.4,33.5,888.8,-88.8,-999.9,-88.8
1733,-2.6,41.1,49.4,33.6,888.8,-88.8,-999.9,-88.8
1734,-2.8,41.2,49.3,33.8,888.8,-88.8,-999.9,-88.8
1735,-2.9,41.2,49.3,33.9,888.8,-88.8,-999.9,-88.8
1736,-3.1,41.2,49.3,33.9,888.8,-88.8,-999.9,-88.8
1737,-3.2,41.2,49.3,33.7,888.8,-88.8,-999.9,-88.8
1738,-3.4,41.2,49.3,33.7,888.8,-88.8,-999.9,-88.8
1739,-3.6,41.2,49.2,33.5,888.8,-88.8,-999.9,-88.8
1740,-3.7,41.2,49.2,33.4,888.8,-88.8,-999.9,-88.8
1741,-3.8,41.2,49.2,33.3,888.8,-88.8,-999.9,-88.8
1742,-3.9,41.2,49.2,33.5,888.8,-88.8,-999.9,-88.8
1743,-4.1,41.2,49.2,33.6,888.8,-88.8,-999.9,-88.8
1744,-4.2,41.2,49.1,33.7,888.8,-88.8,-999.9,-88.8
1745,-4.3,41.2,49.1,33.8,888.8,-88.8,-999.9,-88.8
1746,-4.5,41.2,49.1,33.8,888.8,-88.8,-999.9,-88.8
1747,-4.6,41.2,49.1,33.7,888.8,-88.8,-999.9,-88.8
1748,-4.7,41.2,49,34,888.8,-88.8,-999.9,-88.8
1749,-4.8,41.2,49,34,888.8,-88.8,-999.9,-88.8
1750,-5,41.2,49,28.1,888.8,-88.8,-999.9,-88.8
1751,-5.1,41.2,49,26.9,888.8,-88.8,-999.9,-88.8
1752,-5.2,41.2,49,27.8,888.8,-88.8,-999.9,-88.8
1753,-5.3,41.2,48.9,29.7,888.8,-88.8,-999.9,-88.8
1754,-5.4,41.3,48.9,33.6,888.8,-88.8,-999.9,-88.8
1755,-5.5,41.3,48.9,36.6,888.8,-88.8,-999.9,-88.8
1756,-5.6,41.4,48.9,36.7,888.8,-88.8,-999.9,-88.8
1757,-5.7,41.4,48.8,35.9,888.8,-88.8,-999.9,-88.8
1758,-5.8,41.4,48.8,35.4,888.8,-88.8,-999.9,-88.8
1759,-5.9,41.4,48.7,35.4,888.8,-88.8,-999.9,-88.8
1800,-6,41.4,48.7,35.4,888.8,-88.8,-999.9,-88.8
1801,-6.1,41.4,48.7,35.4,888.8,-88.8,-999.9,-88.8
1802,-6.2,41.4,48.7,35.4,888.8,-88.8,-999.9,-88.8
1803,-6.3,41.4,48.6,35.8,888.8,-88.8,-999.9,-88.8
1804,-6.4,41.4,48.7,37,888.8,-88.8,-999.9,-88.8
1805,-6.5,41.4,48.6,38,888.8,-88.8,-999.9,-88.8
1806,-6.6,41.4,48.6,37.5,888.8,-88.8,-999.9,-88.8
1807,-6.7,41.4,48.6,37,888.8,-88.8,-999.9,-88.8
1808,-6.7,41.4,48.5,36.6,888.8,-88.8,-999.9,-88.8
1809,-6.9,41.4,48.5,36.4,888.8,-88.8,-999.9,-88.8
1810,-6.9,41.4,48.5,36.1,888.8,-88.8,-999.9,-88.8
1811,-7,41.4,48.5,35.9,888.8,-88.8,-999.9,-88.8
1812,-7.1,41.4,48.5,35.8,888.8,-88.8,-999.9,-88.8
1813,-7.2,41.3,48.5,36.1,888.8,-88.8,-999.9,-88.8
1814,-7.2,41.3,48.5,37,888.8,-88.8,-999.9,-88.8
1815,-7.3,41.3,48.4,37.6,888.8,-88.8,-999.9,-88.8
1816,-7.4,41.3,48.4,37.2,888.8,-88.8,-999.9,-88.8
1817,-7.5,41.3,48.4,36.7,888.8,-88.8,-999.9,-88.8
1818,-7.5,41.3,48.3,36.5,888.8,-88.8,-999.9,-88.8
1819,-7.6,41.3,48.3,36.3,888.8,-88.8,-999.9,-88.8
1820,-7.6,41.2,48.3,36,888.8,-88.8,-999.9,-88.8
1821,-7.7,41.3,48.3,35.8,888.8,-88.8,-999.9,-88.8
1822,-7.7,41.2,48.3,35.8,888.8,-88.8,-999.9,-88.8
1823,-7.8,41.2,48.3,36.1,888.8,-88.8,-999.9,-88.8
1824,-7.8,41.2,48.3,37,888.8,-88.8,-999.9,-88.8
1825,-7.8,41.1,48.3,37.6,888.8,-88.8,-999.9,-88.8
1826,-7.9,41,48.2,37.3,888.8,-88.8,-999.9,-88.8
1827,-8,41,48.2,36.8,888.8,-88.8,-999.9,-88.8
1828,-8,41,48.2,36.6,888.8,-88.8,-999.9,-88.8
1829,-8.1,40.8,48.1,36.3,888.8,-88.8,-999.9,-88.8
1830,-8.1,40.7,48.1,36,888.8,-88.8,-999.9,-88.8
1831,-8.2,40.6,48.1,35.8,888.8,-88.8,-999.9,-88.8
1832,-8.3,40.6,48.1,35.8,888.8,-88.8,-999.9,-88.8
1833,-8.3,40.6,48.1,35.9,888.8,-88.8,-999.9,-88.8
1834,-8.4,40.5,48.1,36.9,888.8,-88.8,-999.9,-88.8
1835,-8.4,40.5,48.1,37.7,888.8,-88.8,-999.9,-88.8
1836,-8.5,40.4,48.1,37.6,888.8,-88.8,-999.9,-88.8
1837,-8.5,40.5,48.1,37,888.8,-88.8,-999.9,-88.8
1838,-8.6,40.4,48,36.6,888.8,-88.8,-999.9,-88.8
1839,-8.7,40.4,48,36.4,888.8,-88.8,-999.9,-88.8
1840,-8.7,40.4,48,36.2,888.8,-88.8,-999.9,-88.8
1841,-8.8,40.4,47.9,35.9,888.8,-88.8,-999.9,-88.8
1842,-8.8,40.3,47.9,35.8,888.8,-88.8,-999.9,-88.8
1843,-8.9,40.3,47.9,35.9,888.8,-88.8,-999.9,-88.8
1844,-9,40.2,47.9,36.8,888.8,-88.8,-999.9,-88.8
1845,-9,40.2,47.9,37.5,888.8,-88.8,-999.9,-88.8
1846,-9.1,40.1,47.9,37.1,888.8,-88.8,-999.9,-88.8
1847,-9.1,40.1,47.8,36.6,888.8,-88.8,-999.9,-88.8
1848,-9.2,40.1,47.8,36.4,888.8,-88.8,-999.9,-88.8
1849,-9.2,40.1,47.8,36.1,888.8,-88.8,-999.9,-88.8
1850,-9.3,40.1,47.8,35.8,888.8,-88.8,-999.9,-88.8
1851,-9.3,40.1,47.8,35.6,888.8,-88.8,-999.9,-88.8
1852,-9.4,40.1,47.7,35.6,888.8,-88.8,-999.9,-88.8
1853,-9.4,40.1,47.7,35.8,888.8,-88.8,-999.9,-88.8
1854,-9.5,40.1,47.7,36.6,888.8,-88.8,-999.9,-88.8
1855,-9.5,40.1,47.7,37.2,888.8,-88.8,-999.9,-88.8
1856,-9.6,40.1,47.7,36.7,888.8,-88.8,-999.9,-88.8
1857,-9.7,40.1,47.6,36.3,888.8,-88.8,-999.9,-88.8
1858,-9.7,40.1,47.6,36.2,888.8,-88.8,-999.9,-88.8
1859,-9.7,40,47.6,35.9,888.8,-88.8,-999.9,-88.8
1900,-9.8,39.8,47.6,35.6,888.8,-88.8,-999.9,-88.8
1901,-9.8,39.6,47.6,35.3,888.8,-88.8,-999.9,-88.8
1902,-9.8,39.4,47.6,35.2,888.8,-88.8,-999.9,-88.8
1903,-9.9,39.3,47.5,35.4,888.8,-88.8,-999.9,-88.8
1904,-9.9,39.3,47.5,36.1,888.8,-88.8,-999.9,-88.8
1905,-9.9,39.2,47.5,37.4,888.8,-88.8,-999.9,-88.8
1906,-10,39.2,47.5,37.6,888.8,-88.8,-999.9,-88.8
1907,-10,39.2,47.5,36.9,888.8,-88.8,-999.9,-88.8
1908,-10.1,39.1,47.5,36,888.8,-88.8,-999.9,-88.8
1909,-10.1,39.1,47.4,35.8,888.8,-88.8,-999.9,-88.8
1910,-10.1,39,47.4,35.5,888.8,-88.8,-999.9,-88.8
1911,-10.2,39,47.4,35.4,888.8,-88.8,-999.9,-88.8
1912,-10.2,39,47.4,35.2,888.8,-88.8,-999.9,-88.8
1913,-10.3,39,47.4,35.2,888.8,-88.8,-999.9,-88.8
1914,-10.3,39,47.4,36,888.8,-88.8,-999.9,-88.8
1915,-10.3,39,47.4,37.5,888.8,-88.8,-999.9,-88.8
1916,-10.4,39,47.4,37.9,888.8,-88.8,-999.9,-88.8
1917,-10.4,38.9,47.4,37.1,888.8,-88.8,-999.9,-88.8
1918,-10.4,38.9,47.3,36.3,888.8,-88.8,-999.9,-88.8
1919,-10.5,38.9,47.3,35.8,888.8,-88.8,-999.9,-88.8
1920,-10.5,39,47.3,35.4,888.8,-88.8,-999.9,-88.8
1921,-10.6,38.9,47.3,35.4,888.8,-88.8,-999.9,-88.8
1922,-10.6,38.9,47.2,35.2,888.8,-88.8,-999.9,-88.8
1923,-10.6,38.9,47.2,35.2,888.8,-88.8,-999.9,-88.8
1924,-10.7,39,47.2,35.9,888.8,-88.8,-999.9,-88.8
1925,-10.7,38.9,47.2,37.6,888.8,-88.8,-999.9,-88.8
1926,-10.7,38.9,47.2,38.4,888.8,-88.8,-999.9,-88.8
1927,-10.8,38.9,47.2,37.5,888.8,-88.8,-999.9,-88.8
1928,-10.8,38.9,47.2,36.7,888.8,-88.8,-999.9,-88.8
1929,-10.8,38.9,47.2,36.1,888.8,-88.8,-999.9,-88.8
1930,-10.9,38.9,47.2,35.8,888.8,-88.8,-999.9,-88.8
1931,-10.9,38.9,47.2,35.6,888.8,-88.8,-999.9,-88.8
1932,-10.9,38.9,47.2,35.5,888.8,-88.8,-999.9,-88.8
1933,-10.9,38.9,47.1,35.4,888.8,-88.8,-999.9,-88.8
1934,-11,38.9,47.1,36,888.8,-88.8,-999.9,-88.8
1935,-11,38.9,47.1,37.7,888.8,-88.8,-999.9,-88.8
1936,-11,38.9,47.1,38.2,888.8,-88.8,-999.9,-88.8
1937,-11.1,38.9,47.1,37.3,888.8,-88.8,-999.9,-88.8
1938,-11.1,39,47.1,36.5,888.8,-88.8,-999.9,-88.8
1939,-11.1,38.9,47.1,36,888.8,-88.8,-999.9,-88.8
1940,-11.1,38.9,47,35.6,888.8,-88.8,-999.9,-88.8
1941,-11.2,38.9,47,35.6,888.8,-88.8,-999.9,-88.8
1942,-11.2,38.9,47,35.4,888.8,-88.8,-999.9,-88.8
1943,-11.2,38.9,47,35.4,888.8,-88.8,-999.9,-88.8
1944,-11.2,38.9,47,36,888.8,-88.8,-999.9,-88.8
1945,-11.3,38.9,47,37.7,888.8,-88.8,-999.9,-88.8
1946,-11.3,38.9,47,38.6,888.8,-88.8,-999.9,-88.8
1947,-11.3,38.9,47,37.7,888.8,-88.8,-999.9,-88.8
1948,-11.3,38.9,47,36.9,888.8,-88.8,-999.9,-88.8
1949,-11.3,38.9,47,36.4,888.8,-88.8,-999.9,-88.8
1950,-11.4,38.9,47,36,888.8,-88.8,-999.9,-88.8
1951,-11.4,38.9,47,35.9,888.8,-88.8,-999.9,-88.8
1952,-11.4,38.9,46.9,35.8,888.8,-88.8,-999.9,-88.8
1953,-11.4,38.9,46.9,35.6,888.8,-88.8,-999.9,-88.8
1954,-11.4,38.9,46.9,36.4,888.8,-88.8,-999.9,-88.8
1955,-11.4,38.9,46.9,37.9,888.8,-88.8,-999.9,-88.8
1956,-11.5,38.9,46.9,38.1,888.8,-88.8,-999.9,-88.8
1957,-11.5,38.9,46.9,37.3,888.8,-88.8,-999.9,-88.8
1958,-11.5,38.9,46.9,36.7,888.8,-88.8,-999.9,-88.8
1959,-11.5,38.9,46.9,36.2,888.8,-88.8,-999.9,-88.8
2000,-11.6,38.9,46.8,36,888.8,-88.8,-999.9,-88.8
2001,-11.6,38.9,46.8,35.9,888.8,-88.8,-999.9,-88.8
2002,-11.6,38.9,46.8,35.8,888.8,-88.8,-999.9,-88.8
2003,-11.7,38.9,46.8,35.7,888.8,-88.8,-999.9,-88.8
2004,-11.7,38.9,46.8,36.5,888.8,-88.8,-999.9,-88.8
2005,-11.8,38.9,46.8,38.1,888.8,-88.8,-999.9,-88.8
2006,-11.8,38.9,46.8,38.2,888.8,-88.8,-999.9,-88.8
2007,-11.8,38.9,46.8,37.7,888.8,-88.8,-999.9,-88.8
2008,-11.8,38.9,46.8,37.2,888.8,-88.8,-999.9,-88.8
2009,-11.9,38.9,46.8,37,888.8,-88.8,-999.9,-88.8
2010,-11.9,38.9,46.8,36.9,888.8,-88.8,-999.9,-88.8
2011,-12,38.9,46.8,36.8,888.8,-88.8,-999.9,-88.8
2012,-12,38.9,46.7,36.7,888.8,-88.8,-999.9,-88.8
2013,-12,39,46.7,36.8,888.8,-88.8,-999.9,-88.8
2014,-12,38.9,46.7,37.9,888.8,-88.8,-999.9,-88.8
2015,-12,38.9,46.7,39.2,888.8,-88.8,-999.9,-88.8
2016,-12.1,38.9,46.7,39.2,888.8,-88.8,-999.9,-88.8
2017,-12.1,38.9,46.7,38.4,888.8,-88.8,-999.9,-88.8
2018,-12.1,38.9,46.7,37.7,888.8,-88.8,-999.9,-88.8
2019,-12.2,38.9,46.7,37.4,888.8,-88.8,-999.9,-88.8
2020,-12.2,38.9,46.6,37.2,888.8,-88.8,-999.9,-88.8
2021,-12.2,38.9,46.6,37,888.8,-88.8,-999.9,-88.8
2022,-12.2,38.9,46.6,36.9,888.8,-88.8,-999.9,-88.8
2023,-12.2,38.9,46.6,37.1,888.8,-88.8,-999.9,-88.8
2024,-12.3,38.9,46.6,38,888.8,-88.8,-999.9,-88.8
2025,-12.3,38.9,46.6,39,888.8,-88.8,-999.9,-88.8
2026,-12.4,38.9,46.6,39,888.8,-88.8,-999.9,-88.8
2027,-12.4,38.9,46.6,38.3,888.8,-88.8,-999.9,-88.8
2028,-12.4,38.9,46.6,37.7,888.8,-88.8,-999.9,-88.8
2029,-12.4,38.9,46.6,37.5,888.8,-88.8,-999.9,-88.8
2030,-12.4,38.9,46.6,37.3,888.8,-88.8,-999.9,-88.8
2031,-12.5,38.9,46.6,37,888.8,-88.8,-999.9,-88.8
2032,-12.5,38.9,46.6,36.9,888.8,-88.8,-999.9,-88.8
2033,-12.5,38.9,46.6,37,888.8,-88.8,-999.9,-88.8
2034,-12.6,38.9,46.6,37.9,888.8,-88.8,-999.9,-88.8
2035,-12.6,38.9,46.5,39,888.8,-88.8,-999.9,-88.8
2036,-12.6,38.9,46.5,39,888.8,-88.8,-999.9,-88.8
2037,-12.7,38.9,46.5,38.3,888.8,-88.8,-999.9,-88.8
2038,-12.7,38.9,46.5,37.7,888.8,-88.8,-999.9,-88.8
2039,-12.7,38.9,46.5,37.4,888.8,-88.8,-999.9,-88.8
2040,-12.8,38.9,46.5,37.2,888.8,-88.8,-999.9,-88.8
2041,-12.8,38.9,46.5,37,888.8,-88.8,-999.9,-88.8
2042,-12.8,38.9,46.4,36.9,888.8,-88.8,-999.9,-88.8
2043,-12.9,38.9,46.4,37,888.8,-88.8,-999.9,-88.8
2044,-12.9,38.9,46.5,37.8,888.8,-88.8,-999.9,-88.8
2045,-12.9,38.9,46.4,38.9,888.8,-88.8,-999.9,-88.8
2046,-12.9,38.9,46.4,39.1,888.8,-88.8,-999.9,-88.8
2047,-12.9,38.9,46.4,38.3,888.8,-88.8,-999.9,-88.8
2048,-13,38.8,46.4,37.8,888.8,-88.8,-999.9,-88.8
2049,-13,38.9,46.4,37.4,888.8,-88.8,-999.9,-88.8
2050,-13,38.8,46.4,37.2,888.8,-88.8,-999.9,-88.8
2051,-13,38.8,46.4,38.1,888.8,-88.8,-999.9,-88.8
2052,-13,38.8,46.4,38.5,888.8,-88.8,-999.9,-88.8
2053,-13,38.9,46.4,38.5,888.8,-88.8,-999.9,-88.8
2054,-13.1,38.8,46.4,39.6,888.8,-88.8,-999.9,-88.8
2055,-13.1,38.8,46.4,41.1,888.8,-88.8,-999.9,-88.8
2056,-13.1,38.8,46.4,41.4,888.8,-88.8,-999.9,-88.8
2057,-13.1,38.8,46.3,40.5,888.8,-88.8,-999.9,-88.8
2058,-13.1,38.8,46.3,39.9,888.8,-88.8,-999.9,-88.8
2059,-13.1,38.9,46.3,39.6,888.8,-88.8,-999.9,-88.8
2100,-13.1,38.8,46.4,39.5,888.8,-88.8,-999.9,-88.8
2101,-13.1,38.8,46.3,39.4,888.8,-88.8,-999.9,-88.8
2102,-13.1,38.8,46.3,39.3,888.8,-88.8,-999.9,-88.8
2103,-13.2,38.8,46.3,39.2,888.8,-88.8,-999.9,-88.8
2104,-13.2,38.8,46.3,39,888.8,-88.8,-999.9,-88.8
2105,-13.2,38.8,46.3,38.9,888.8,-88.8,-999.9,-88.8
2106,-13.2,38.8,46.2,38.8,888.8,-88.8,-999.9,-88.8
2107,-13.2,38.8,46.2,38.6,888.8,-88.8,-999.9,-88.8
2108,-13.2,38.9,46.2,38.6,888.8,-88.8,-999.9,-88.8
2109,-13.2,38.8,46.2,38.4,888.8,-88.8,-999.9,-88.8
2110,-13.2,38.8,46.2,38.2,888.8,-88.8,-999.9,-88.8
2111,-13.2,38.8,46.2,38.1,888.8,-88.8,-999.9,-88.8
2112,-13.3,38.8,46.2,38,888.8,-88.8,-999.9,-88.8
2113,-13.2,38.8,46.2,37.9,888.8,-88.8,-999.9,-88.8
2114,-13.2,38.8,46.1,37.9,888.8,-88.8,-999.9,-88.8
2115,-13.3,38.8,46.1,37.8,888.8,-88.8,-999.9,-88.8
2116,-13.3,38.8,46.1,37.8,888.8,-88.8,-999.9,-88.8
2117,-13.3,38.8,46,37.7,888.8,-88.8,-999.9,-88.8
2118,-13.3,38.8,46,37.6,888.8,-88.8,-999.9,-88.8
2119,-13.3,38.8,46,37.5,888.8,-88.8,-999.9,-88.8
2120,-13.3,38.8,46,37.5,888.8,-88.8,-999.9,-88.8
2121,-13.3,38.8,45.9,37.4,888.8,-88.8,-999.9,-88.8
2122,-13.3,38.8,46,37.4,888.8,-88.8,-999.9,-88.8
2123,-13.3,38.8,45.9,37.3,888.8,-88.8,-999.9,-88.8
2124,-13.3,38.8,45.9,37.2,888.8,-88.8,-999.9,-88.8
2125,-13.3,38.8,45.9,37.2,888.8,-88.8,-999.9,-88.8
2126,-13.3,38.8,45.9,37.2,888.8,-88.8,-999.9,-88.8
2127,-13.3,38.8,45.8,37.2,888.8,-88.8,-999.9,-88.8
2128,-13.3,38.8,45.8,37.2,888.8,-88.8,-999.9,-88.8
2129,-13.4,38.8,45.8,35.9,888.8,-88.8,-999.9,-88.8
2130,-13.4,38.8,45.8,34.8,888.8,-88.8,-999.9,-88.8
2131,-13.4,38.8,45.7,34.7,888.8,-88.8,-999.9,-88.8
2132,-13.4,38.8,45.8,34.7,888.8,-88.8,-999.9,-88.8
2133,-13.4,38.8,45.7,34.6,888.8,-88.8,-999.9,-88.8
2134,-13.4,38.8,45.7,34.2,888.8,-88.8,-999.9,-88.8
2135,-13.4,38.8,45.6,33.9,888.8,-88.8,-999.9,-88.8
2136,-13.4,38.8,45.6,33.5,888.8,-88.8,-999.9,-88.8
2137,-13.4,38.8,45.6,33.2,888.8,-88.8,-999.9,-88.8
2138,-13.4,38.8,45.6,33,888.8,-88.8,-999.9,-88.8
2139,-13.4,38.8,45.5,32.9,888.8,-88.8,-999.9,-88.8
2140,-13.4,38.8,45.5,32.8,888.8,-88.8,-999.9,-88.8
2141,-13.4,38.8,45.4,32.7,888.8,-88.8,-999.9,-88.8
2142,-13.4,38.8,45.4,32.5,888.8,-88.8,-999.9,-88.8
2143,-13.4,38.8,45.4,32.4,888.8,-88.8,-999.9,-88.8
2144,-13.4,38.8,45.4,32.3,888.8,-88.8,-999.9,-88.8
2145,-13.5,38.8,45.3,32.3,888.8,-88.8,-999.9,-88.8
2146,-13.5,38.8,45.2,32.2,888.8,-88.8,-999.9,-88.8
2147,-13.5,38.8,45.2,32.2,888.8,-88.8,-999.9,-88.8
2148,-13.5,38.8,45.2,32.1,888.8,-88.8,-999.9,-88.8
2149,-13.5,38.8,45.2,32.1,888.8,-88.8,-999.9,-88.8
2150,-13.5,38.8,45.1,32.2,888.8,-88.8,-999.9,-88.8
2151,-13.5,38.8,45.1,32.1,888.8,-88.8,-999.9,-88.8
2152,-13.5,38.8,45,32.2,888.8,-88.8,-999.9,-88.8
2153,-13.5,38.8,45,32.2,888.8,-88.8,-999.9,-88.8
2154,-13.5,38.8,45,32.2,888.8,-88.8,-999.9,-88.8
2155,-13.5,38.8,44.9,32.3,888.8,-88.8,-999.9,-88.8
2156,-13.5,38.8,44.9,32.3,888.8,-88.8,-999.9,-88.8
2157,-13.5,38.8,44.9,32.4,888.8,-88.8,-999.9,-88.8
2158,-13.5,38.9,44.8,32.5,888.8,-88.8,-999.9,-88.8
2159,-13.5,38.8,44.8,32.5,888.8,-88.8,-999.9,-88.8
2200,-13.5,38.8,44.8,32.5,888.8,-88.8,-999.9,-88.8
2201,-13.5,38.8,44.8,32.5,888.8,-88.8,-999.9,-88.8
2202,-13.6,38.9,44.7,32.2,888.8,-88.8,-999.9,-88.8
2203,-13.6,38.8,44.7,32,888.8,-88.8,-999.9,-88.8
2204,-13.6,38.8,44.6,31.5,888.8,-88.8,-999.9,-88.8
2205,-13.6,38.8,44.6,31.2,888.8,-88.8,-999.9,-88.8
2206,-13.5,38.8,44.6,30.5,888.8,-88.8,-999.9,-88.8
2207,-13.6,38.8,44.6,29,888.8,-88.8,-999.9,-88.8
2208,-13.6,38.8,44.6,27.9,888.8,-88.8,-999.9,-88.8
2209,-13.6,38.8,44.5,27.3,888.8,-88.8,-999.9,-88.8
2210,-13.6,38.8,44.5,27.1,888.8,-88.8,-999.9,-88.8
2211,-13.6,38.8,44.5,26.9,888.8,-88.8,-999.9,-88.8
2212,-13.6,38.8,44.5,26.7,888.8,-88.8,-999.9,-88.8
2213,-13.6,38.8,44.4,26.2,888.8,-88.8,-999.9,-88.8
2214,-13.6,38.8,44.4,25.8,888.8,-88.8,-999.9,-88.8
2215,-13.6,38.9,44.4,25.6,888.8,-88.8,-999.9,-88.8
2216,-13.7,38.8,44.4,25.5,888.8,-88.8,-999.9,-88.8
2217,-13.6,38.8,44.4,25.3,888.8,-88.8,-999.9,-88.8
2218,-13.7,38.8,44.4,25.2,888.8,-88.8,-999.9,-88.8
2219,-13.7,38.8,44.4,25.1,888.8,-88.8,-999.9,-88.8
2220,-13.7,38.8,44.4,25,888.8,-88.8,-999.9,-88.8
2221,-13.7,38.8,44.4,24.8,888.8,-88.8,-999.9,-88.8
2222,-13.7,38.8,44.4,24.7,888.8,-88.8,-999.9,-88.8
2223,-13.7,38.8,44.4,24.6,888.8,-88.8,-999.9,-88.8
2224,-13.7,38.9,44.4,24.6,888.8,-88.8,-999.9,-88.8
2225,-13.7,38.9,44.4,24.5,888.8,-88.8,-999.9,-88.8
2226,-13.7,38.8,44.4,24.5,888.8,-88.8,-999.9,-88.8
2227,-13.7,38.8,44.4,24.3,888.8,-88.8,-999.9,-88.8
2228,-13.7,38.8,44.4,24.3,888.8,-88.8,-999.9,-88.8
2229,-13.7,38.8,44.4,24.3,888.8,-88.8,-999.9,-88.8
2230,-13.7,38.8,44.4,24.1,888.8,-88.8,-999.9,-88.8
2231,-13.7,38.8,44.4,23.9,888.8,-88.8,-999.9,-88.8
2232,-13.7,38.8,44.3,23.6,888.8,-88.8,-999.9,-88.8
2233,-13.7,38.8,44.4,23.3,888.8,-88.8,-999.9,-88.8
2234,-13.7,38.8,44.4,22.9,888.8,-88.8,-999.9,-88.8
2235,-13.7,38.8,44.4,22.4,888.8,-88.8,-999.9,-88.8
2236,-13.7,38.8,44.3,21.9,888.8,-88.8,-999.9,-88.8
2237,-13.8,38.8,44.4,21.3,888.8,-88.8,-999.9,-88.8
2238,-13.8,38.8,44.3,20.8,888.8,-88.8,-999.9,-88.8
2239,-13.7,38.8,44.3,20.3,888.8,-88.8,-999.9,-88.8
2240,-13.8,38.8,44.3,19.8,888.8,-88.8,-999.9,-88.8
2241,-13.8,38.8,44.3,19.4,888.8,-88.8,-999.9,-88.8
2242,-13.7,38.8,44.3,19,888.8,-88.8,-999.9,-88.8
2243,-13.8,38.8,44.3,18.7,888.8,-88.8,-999.9,-88.8
2244,-13.8,38.8,44.3,18.5,888.8,-88.8,-999.9,-88.8
2245,-13.8,38.8,44.3,18.3,888.8,-88.8,-999.9,-88.8
2246,-13.8,38.8,44.3,18.1,888.8,-88.8,-999.9,-88.8
2247,-13.8,38.8,44.3,18,888.8,-88.8,-999.9,-88.8
2248,-13.8,38.8,44.3,17.9,888.8,-88.8,-999.9,-88.8
2249,-13.8,38.8,44.3,17.7,888.8,-88.8,-999.9,-88.8
2250,-13.8,38.8,44.3,17.6,888.8,-88.8,-999.9,-88.8
2251,-13.8,38.8,44.2,17.6,888.8,-88.8,-999.9,-88.8
2252,-13.8,38.8,44.3,17.5,888.8,-88.8,-999.9,-88.8
2253,-13.8,38.8,44.2,17.4,888.8,-88.8,-999.9,-88.8
2254,-13.8,38.8,44.2,17.3,888.8,-88.8,-999.9,-88.8
2255,-13.8,38.8,44.2,17.3,888.8,-88.8,-999.9,-88.8
2256,-13.8,38.8,44.2,17.2,888.8,-88.8,-999.9,-88.8
2257,-13.8,38.8,44.2,17.1,888.8,-88.8,-999.9,-88.8
2258,-13.8,38.8,44.2,17.1,888.8,-88.8,-999.9,-88.8
2259,-13.8,38.8,44.2,17.1,888.8,-88.8,-999.9,-88.8
2300,-13.8,38.8,44.2,16.7,888.8,-88.8,-999.9,-88.8
2301,-13.8,38.7,44.2,18.4,888.8,-88.8,-999.9,-88.8
2302,-13.8,38.8,44.2,22.3,888.8,-88.8,-999.9,-88.8
2303,-13.8,38.8,44.2,23.1,888.8,-88.8,-999.9,-88.8
2304,-13.8,38.8,44.2,23,888.8,-88.8,-999.9,-88.8
2305,-13.8,38.8,44.2,22.5,888.8,-88.8,-999.9,-88.8
2306,-13.8,38.7,44.2,22.4,888.8,-88.8,-999.9,-88.8
2307,-13.8,38.8,44.2,22.6,888.8,-88.8,-999.9,-88.8
2308,-13.8,38.8,44.1,22.9,888.8,-88.8,-999.9,-88.8
2309,-13.8,38.8,44.1,23.4,888.8,-88.8,-999.9,-88.8
2310,-13.8,38.8,44,24.2,888.8,-88.8,-999.9,-88.8
2311,-13.8,38.8,44,25.4,888.8,-88.8,-999.9,-88.8
2312,-13.9,38.8,43.9,26.7,888.8,-88.8,-999.9,-88.8
2313,-13.9,38.8,43.9,27.7,888.8,-88.8,-999.9,-88.8
2314,-13.9,38.8,43.9,28.5,888.8,-88.8,-999.9,-88.8
2315,-13.9,38.8,43.8,29.1,888.8,-88.8,-999.9,-88.8
2316,-13.9,38.8,43.8,29.5,888.8,-88.8,-999.9,-88.8
2317,-13.9,38.8,43.7,29.8,888.8,-88.8,-999.9,-88.8
2318,-13.9,38.8,43.7,29.9,888.8,-88.8,-999.9,-88.8
2319,-13.9,38.8,43.7,30,888.8,-88.8,-999.9,-88.8
2320,-13.9,38.8,43.7,30,888.8,-88.8,-999.9,-88.8
2321,-13.9,38.8,43.6,30,888.8,-88.8,-999.9,-88.8
2322,-13.9,38.8,43.6,30,888.8,-88.8,-999.9,-88.8
2323,-13.9,38.8,43.5,30.1,888.8,-88.8,-999.9,-88.8
2324,-13.9,38.8,43.5,30.2,888.8,-88.8,-999.9,-88.8
2325,-13.9,38.8,43.5,30.2,888.8,-88.8,-999.9,-88.8
2326,-13.9,38.8,43.5,30.3,888.8,-88.8,-999.9,-88.8
2327,-13.9,38.8,43.5,30.3,888.8,-88.8,-999.9,-88.8
2328,-13.9,38.8,43.5,30.4,888.8,-88.8,-999.9,-88.8
2329,-13.9,38.8,43.5,30.5,888.8,-88.8,-999.9,-88.8
2330,-14,38.8,43.4,30.7,888.8,-88.8,-999.9,-88.8
2331,-14,38.8,43.4,30.7,888.8,-88.8,-999.9,-88.8
2332,-14,38.8,43.4,30.8,888.8,-88.8,-999.9,-88.8
2333,-14,38.8,43.4,31.1,888.8,-88.8,-999.9,-88.8
2334,-14,38.8,43.3,31.2,888.8,-88.8,-999.9,-88.8
2335,-14,38.8,43.3,30.8,888.8,-88.8,-999.9,-88.8
2336,-14,38.8,43.3,30.2,888.8,-88.8,-999.9,-88.8
2337,-14,38.8,43.3,29.4,888.8,-88.8,-999.9,-88.8
2338,-14,38.8,43.3,28.7,888.8,-88.8,-999.9,-88.8
2339,-14,38.8,43.3,28.7,888.8,-88.8,-999.9,-88.8
2340,-14.1,38.8,43.2,28.7,888.8,-88.8,-999.9,-88.8
2341,-14.1,38.8,43.2,28.5,888.8,-88.8,-999.9,-88.8
2342,-14.1,38.8,43.2,28.1,888.8,-88.8,-999.9,-88.8
2343,-14.1,38.8,43.2,27.8,888.8,-88.8,-999.9,-88.8
2344,-14.1,38.8,43.2,27.4,888.8,-88.8,-999.9,-88.8
2345,-14.1,38.8,43.2,27.2,888.8,-88.8,-999.9,-88.8
2346,-14.1,38.8,43.1,27,888.8,-88.8,-999.9,-88.8
2347,-14.1,38.8,43.1,26.9,888.8,-88.8,-999.9,-88.8
2348,-14.1,38.8,43.1,26.8,888.8,-88.8,-999.9,-88.8
2349,-14.2,38.8,43.1,26.7,888.8,-88.8,-999.9,-88.8
2350,-14.2,38.8,43.1,26.6,888.8,-88.8,-999.9,-88.8
2351,-14.2,38.8,43.1,26.5,888.8,-88.8,-999.9,-88.8
2352,-14.2,38.8,43.1,26.3,888.8,-88.8,-999.9,-88.8
2353,-14.2,38.8,43.1,26.1,888.8,-88.8,-999.9,-88.8
2354,-14.3,38.8,43.1,25.7,888.8,-88.8,-999.9,-88.8
2355,-14.3,38.8,43.1,24.7,888.8,-88.8,-999.9,-88.8
2356,-14.3,38.8,43.1,23.8,888.8,-88.8,-999.9,-88.8
2357,-14.3,38.8,43.1,22.9,888.8,-88.8,-999.9,-88.8
2358,-14.4,38.8,43.1,22.3,888.8,-88.8,-999.9,-88.8
2359,-14.4,38.8,43,21.8,888.8,-88.8,-999.9,-88.8