0,-0.9,20.9,29.2,22.1,888.8,-88.8,-999.9,-88.8
1,-0.9,20.9,29.2,22.1,888.8,-88.8,-999.9,-88.8
2,-0.9,20.9,29.2,22,888.8,-88.8,-999.9,-88.8
3,-0.9,20.9,29.3,21.9,888.8,-88.8,-999.9,-88.8
4,-0.9,21,29.3,21.9,888.8,-88.8,-999.9,-88.8
5,-0.9,21,29.3,21.9,888.8,-88.8,-999.9,-88.8
6,-0.9,21,29.3,21.8,888.8,-88.8,-999.9,-88.8
7,-0.9,21,29.3,21.8,888.8,-88.8,-999.9,-88.8
8,-0.9,21,29.3,21.8,888.8,-88.8,-999.9,-88.8
9,-0.9,21,29.3,21.7,888.8,-88.8,-999.9,-88.8
10,-0.9,21,29.3,21.7,888.8,-88.8,-999.9,-88.8
11,-0.9,21,29.3,21.6,888.8,-88.8,-999.9,-88.8
12,-0.9,21,29.3,21.6,888.8,-88.8,-999.9,-88.8
13,-0.9,21,29.4,21.5,888.8,-88.8,-999.9,-88.8
14,-0.9,21,29.3,21.6,888.8,-88.8,-999.9,-88.8
15,-0.9,21,29.3,21.5,888.8,-88.8,-999.9,-88.8
16,-0.9,21,29.3,21.5,888.8,-88.8,-999.9,-88.8
17,-0.9,21,29.3,21.4,888.8,-88.8,-999.9,-88.8
18,-0.9,21,29.3,21.4,888.8,-88.8,-999.9,-88.8
19,-0.9,21,29.3,21.3,888.8,-88.8,-999.9,-88.8
20,-0.9,21,29.3,21.3,888.8,-88.8,-999.9,-88.8
21,-0.9,21,29.4,21.3,888.8,-88.8,-999.9,-88.8
22,-0.9,21,29.3,21.2,888.8,-88.8,-999.9,-88.8
23,-0.9,21.1,29.3,21.2,888.8,-88.8,-999.9,-88.8
24,-0.9,21,29.4,21.2,888.8,-88.8,-999.9,-88.8
25,-0.9,21,29.4,21.1,888.8,-88.8,-999.9,-88.8
26,-0.9,21,29.4,21.1,888.8,-88.8,-999.9,-88.8
27,-0.9,21,29.4,21,888.8,-88.8,-999.9,-88.8
28,-0.9,21,29.4,21,888.8,-88.8,-999.9,-88.8
29,-0.9,21.1,29.4,21,888.8,-88.8,-999.9,-88.8
30,-0.9,21,29.4,21,888.8,-88.8,-999.9,-88.8
31,-0.9,21.1,29.4,20.9,888.8,-88.8,-999.9,-88.8
32,-0.9,21.1,29.4,20.9,888.8,-88.8,-999.9,-88.8
33,-0.9,21.1,29.3,20.9,888.8,-88.8,-999.9,-88.8
34,-0.9,21.1,29.3,20.8,888.8,-88.8,-999.9,-88.8
35,-0.9,21.1,29.4,20.8,888.8,-88.8,-999.9,-88.8
36,-0.9,21.1,29.4,20.8,888.8,-88.8,-999.9,-88.8
37,-0.9,21.1,29.4,20.7,888.8,-88.8,-999.9,-88.8
38,-0.9,21.1,29.4,20.7,888.8,-88.8,-999.9,-88.8
39,-0.9,21.1,29.4,20.7,888.8,-88.8,-999.9,-88.8
40,-0.9,21.1,29.4,20.7,888.8,-88.8,-999.9,-88.8
41,-0.9,21.1,29.4,20.6,888.8,-88.8,-999.9,-88.8
42,-0.9,21.1,29.4,20.6,888.8,-88.8,-999.9,-88.8
43,-0.9,21.1,29.4,20.6,888.8,-88.8,-999.9,-88.8
44,-0.9,21.1,29.4,20.6,888.8,-88.8,-999.9,-88.8
45,-0.9,21.1,29.4,20.5,888.8,-88.8,-999.9,-88.8
46,-0.9,21.2,29.4,20.5,888.8,-88.8,-999.9,-88.8
47,-0.9,21.1,29.4,20.5,888.8,-88.8,-999.9,-88.8
48,-0.9,21.2,29.4,20.5,888.8,-88.8,-999.9,-88.8
49,-0.9,21.2,29.4,20.4,888.8,-88.8,-999.9,-88.8
50,-0.9,21.2,29.4,20.4,888.8,-88.8,-999.9,-88.8
51,-0.9,21.2,29.4,20.4,888.8,-88.8,-999.9,-88.8
52,-0.9,21.2,29.4,20.3,888.8,-88.8,-999.9,-88.8
53,-0.9,21.2,29.4,20.3,888.8,-88.8,-999.9,-88.8
54,-0.9,21.2,29.4,20.3,888.8,-88.8,-999.9,-88.8
55,-0.9,21.2,29.4,20.3,888.8,-88.8,-999.9,-88.8
56,-0.9,21.2,29.4,20.2,888.8,-88.8,-999.9,-88.8
57,-0.9,21.2,29.4,20.2,888.8,-88.8,-999.9,-88.8
58,-0.9,21.2,29.4,20.2,888.8,-88.8,-999.9,-88.8
59,-0.9,21.2,29.4,20.2,888.8,-88.8,-999.9,-88.8
100,-0.9,21.2,29.4,20.2,888.8,-88.8,-999.9,-88.8
101,-0.9,21.2,29.4,20.1,888.8,-88.8,-999.9,-88.8
102,-0.9,21.2,29.4,20.1,888.8,-88.8,-999.9,-88.8
103,-0.9,21.2,29.4,20.1,888.8,-88.8,-999.9,-88.8
104,-0.9,21.2,29.5,20,888.8,-88.8,-999.9,-88.8
105,-0.9,21.2,29.4,20,888.8,-88.8,-999.9,-88.8
106,-0.9,21.2,29.4,20,888.8,-88.8,-999.9,-88.8
107,-0.9,21.2,29.4,20,888.8,-88.8,-999.9,-88.8
108,-0.9,21.3,29.4,20,888.8,-88.8,-999.9,-88.8
109,-0.9,21.3,29.4,20,888.8,-88.8,-999.9,-88.8
110,-0.9,21.3,29.4,19.9,888.8,-88.8,-999.9,-88.8
111,-0.9,21.3,29.4,19.9,888.8,-88.8,-999.9,-88.8
112,-0.9,21.3,29.4,19.9,888.8,-88.8,-999.9,-88.8
113,-0.9,21.3,29.4,19.9,888.8,-88.8,-999.9,-88.8
114,-0.9,21.3,29.4,19.9,888.8,-88.8,-999.9,-88.8
115,-0.9,21.3,29.4,19.8,888.8,-88.8,-999.9,-88.8
116,-0.9,21.3,29.4,19.8,888.8,-88.8,-999.9,-88.8
117,-0.9,21.3,29.5,19.8,888.8,-88.8,-999.9,-88.8
118,-0.9,21.3,29.5,19.7,888.8,-88.8,-999.9,-88.8
119,-0.9,21.3,29.5,19.7,888.8,-88.8,-999.9,-88.8
120,-0.9,21.3,29.4,19.7,888.8,-88.8,-999.9,-88.8
121,-0.9,21.3,29.4,19.7,888.8,-88.8,-999.9,-88.8
122,-0.9,21.3,29.5,19.7,888.8,-88.8,-999.9,-88.8
123,-0.9,21.3,29.5,19.7,888.8,-88.8,-999.9,-88.8
124,-0.9,21.3,29.5,19.6,888.8,-88.8,-999.9,-88.8
125,-0.9,21.3,29.5,19.6,888.8,-88.8,-999.9,-88.8
126,-0.9,21.3,29.5,19.6,888.8,-88.8,-999.9,-88.8
127,-0.9,21.3,29.5,19.6,888.8,-88.8,-999.9,-88.8
128,-0.9,21.3,29.4,19.6,888.8,-88.8,-999.9,-88.8
129,-0.9,21.3,29.5,19.6,888.8,-88.8,-999.9,-88.8
130,-0.9,21.4,29.5,19.6,888.8,-88.8,-999.9,-88.8
131,-0.9,21.3,29.4,19.5,888.8,-88.8,-999.9,-88.8
132,-0.9,21.3,29.5,19.5,888.8,-88.8,-999.9,-88.8
133,-0.9,21.4,29.5,19.5,888.8,-88.8,-999.9,-88.8
134,-0.9,21.3,29.5,19.5,888.8,-88.8,-999.9,-88.8
135,-0.9,21.4,29.5,19.5,888.8,-88.8,-999.9,-88.8
136,-0.9,21.4,29.5,19.4,888.8,-88.8,-999.9,-88.8
137,-0.9,21.4,29.5,19.4,888.8,-88.8,-999.9,-88.8
138,-0.9,21.4,29.5,19.4,888.8,-88.8,-999.9,-88.8
139,-0.9,21.4,29.5,19.4,888.8,-88.8,-999.9,-88.8
140,-0.9,21.4,29.5,19.3,888.8,-88.8,-999.9,-88.8
141,-0.9,21.4,29.5,19.3,888.8,-88.8,-999.9,-88.8
142,-0.9,21.4,29.5,19.3,888.8,-88.8,-999.9,-88.8
143,-0.9,21.4,29.5,19.3,888.8,-88.8,-999.9,-88.8
144,-0.9,21.4,29.5,19.3,888.8,-88.8,-999.9,-88.8
145,-0.9,21.4,29.5,19.3,888.8,-88.8,-999.9,-88.8
146,-0.9,21.4,29.5,19.3,888.8,-88.8,-999.9,-88.8
147,-0.9,21.4,29.4,19.3,888.8,-88.8,-999.9,-88.8
148,-0.9,21.4,29.5,19.3,888.8,-88.8,-999.9,-88.8
149,-0.9,21.4,29.5,19.3,888.8,-88.8,-999.9,-88.8
150,-0.9,21.5,29.5,19.3,888.8,-88.8,-999.9,-88.8
151,-0.9,21.5,29.5,19.2,888.8,-88.8,-999.9,-88.8
152,-0.9,21.5,29.5,19.2,888.8,-88.8,-999.9,-88.8
153,-0.9,21.5,29.5,19.2,888.8,-88.8,-999.9,-88.8
154,-0.9,21.5,29.5,19.2,888.8,-88.8,-999.9,-88.8
155,-0.9,21.5,29.5,19.1,888.8,-88.8,-999.9,-88.8
156,-0.9,21.5,29.5,19.1,888.8,-88.8,-999.9,-88.8
157,-0.9,21.5,29.5,19.1,888.8,-88.8,-999.9,-88.8
158,-0.9,21.5,29.5,19.1,888.8,-88.8,-999.9,-88.8
159,-0.9,21.5,29.5,19.1,888.8,-88.8,-999.9,-88.8
200,-0.9,21.5,29.5,19.1,888.8,-88.8,-999.9,-88.8
201,-0.9,21.5,29.5,19.1,888.8,-88.8,-999.9,-88.8
202,-0.9,21.5,29.5,19.1,888.8,-88.8,-999.9,-88.8
203,-0.9,21.5,29.5,19,888.8,-88.8,-999.9,-88.8
204,-0.9,21.5,29.5,19,888.8,-88.8,-999.9,-88.8
205,-0.9,21.5,29.5,19,888.8,-88.8,-999.9,-88.8
206,-0.9,21.5,29.5,19,888.8,-88.8,-999.9,-88.8
207,-0.9,21.5,29.5,19,888.8,-88.8,-999.9,-88.8
208,-0.9,21.5,29.5,19,888.8,-88.8,-999.9,-88.8
209,-0.9,21.5,29.5,19,888.8,-88.8,-999.9,-88.8
210,-0.9,21.5,29.5,19,888.8,-88.8,-999.9,-88.8
211,-0.9,21.5,29.5,18.9,888.8,-88.8,-999.9,-88.8
212,-0.9,21.5,29.5,18.9,888.8,-88.8,-999.9,-88.8
213,-0.9,21.5,29.5,18.9,888.8,-88.8,-999.9,-88.8
214,-0.9,21.5,29.5,18.9,888.8,-88.8,-999.9,-88.8
215,-0.9,21.6,29.5,18.9,888.8,-88.8,-999.9,-88.8
216,-0.9,21.5,29.5,18.9,888.8,-88.8,-999.9,-88.8
217,-0.9,21.5,29.5,18.9,888.8,-88.8,-999.9,-88.8
218,-0.9,21.6,29.5,18.9,888.8,-88.8,-999.9,-88.8
219,-0.9,21.6,29.5,18.9,888.8,-88.8,-999.9,-88.8
220,-0.9,21.5,29.5,18.9,888.8,-88.8,-999.9,-88.8
221,-0.9,21.6,29.5,18.8,888.8,-88.8,-999.9,-88.8
222,-0.9,21.6,29.5,18.8,888.8,-88.8,-999.9,-88.8
223,-0.9,21.6,29.5,18.8,888.8,-88.8,-999.9,-88.8
224,-0.8,21.6,29.5,18.9,888.8,-88.8,-999.9,-88.8
225,-0.9,21.6,29.5,18.8,888.8,-88.8,-999.9,-88.8
226,-0.9,21.6,29.5,18.8,888.8,-88.8,-999.9,-88.8
227,-0.9,21.6,29.5,18.8,888.8,-88.8,-999.9,-88.8
228,-0.8,21.6,29.5,18.8,888.8,-88.8,-999.9,-88.8
229,-0.8,21.6,29.5,18.7,888.8,-88.8,-999.9,-88.8
230,-0.8,21.6,29.5,18.7,888.8,-88.8,-999.9,-88.8
231,-0.9,21.6,29.5,18.7,888.8,-88.8,-999.9,-88.8
232,-0.8,21.6,29.6,18.7,888.8,-88.8,-999.9,-88.8
233,-0.8,21.6,29.5,18.7,888.8,-88.8,-999.9,-88.8
234,-0.9,21.6,29.5,18.7,888.8,-88.8,-999.9,-88.8
235,-0.8,21.6,29.5,18.7,888.8,-88.8,-999.9,-88.8
236,-0.8,21.6,29.5,18.7,888.8,-88.8,-999.9,-88.8
237,-0.8,21.6,29.5,18.7,888.8,-88.8,-999.9,-88.8
238,-0.8,21.6,29.5,18.7,888.8,-88.8,-999.9,-88.8
239,-0.8,21.6,29.5,18.7,888.8,-88.8,-999.9,-88.8
240,-0.8,21.6,29.5,18.7,888.8,-88.8,-999.9,-88.8
241,-0.8,21.6,29.5,18.6,888.8,-88.8,-999.9,-88.8
242,-0.8,21.6,29.5,18.6,888.8,-88.8,-999.9,-88.8
243,-0.8,21.6,29.5,18.6,888.8,-88.8,-999.9,-88.8
244,-0.8,21.7,29.5,18.6,888.8,-88.8,-999.9,-88.8
245,-0.8,21.7,29.5,18.6,888.8,-88.8,-999.9,-88.8
246,-0.8,21.6,29.5,18.6,888.8,-88.8,-999.9,-88.8
247,-0.8,21.6,29.5,18.6,888.8,-88.8,-999.9,-88.8
248,-0.8,21.6,29.5,18.6,888.8,-88.8,-999.9,-88.8
249,-0.8,21.7,29.5,18.6,888.8,-88.8,-999.9,-88.8
250,-0.8,21.7,29.5,18.6,888.8,-88.8,-999.9,-88.8
251,-0.8,21.7,29.5,18.6,888.8,-88.8,-999.9,-88.8
252,-0.8,21.7,29.5,18.6,888.8,-88.8,-999.9,-88.8
253,-0.8,21.7,29.5,18.5,888.8,-88.8,-999.9,-88.8
254,-0.8,21.7,29.5,18.5,888.8,-88.8,-999.9,-88.8
255,-0.8,21.7,29.5,18.5,888.8,-88.8,-999.9,-88.8
256,-0.8,21.7,29.5,18.5,888.8,-88.8,-999.9,-88.8
257,-0.8,21.7,29.6,18.5,888.8,-88.8,-999.9,-88.8
258,-0.8,21.7,29.6,18.5,888.8,-88.8,-999.9,-88.8
259,-0.8,21.7,29.5,18.6,888.8,-88.8,-999.9,-88.8
300,-0.8,21.7,29.5,18.5,888.8,-88.8,-999.9,-88.8
301,-0.8,21.7,29.5,18.5,888.8,-88.8,-999.9,-88.8
302,-0.8,21.7,29.5,18.4,888.8,-88.8,-999.9,-88.8
303,-0.7,21.7,29.5,18.4,888.8,-88.8,-999.9,-88.8
304,-0.8,21.7,29.5,18.4,888.8,-88.8,-999.9,-88.8
305,-0.7,21.7,29.5,18.4,888.8,-88.8,-999.9,-88.8
306,-0.8,21.7,29.5,18.4,888.8,-88.8,-999.9,-88.8
307,-0.7,21.8,29.5,18.4,888.8,-88.8,-999.9,-88.8
308,-0.7,21.7,29.6,18.4,888.8,-88.8,-999.9,-88.8
309,-0.7,21.8,29.5,18.4,888.8,-88.8,-999.9,-88.8
310,-0.7,21.8,29.6,18.4,888.8,-88.8,-999.9,-88.8
311,-0.7,21.8,29.5,18.4,888.8,-88.8,-999.9,-88.8
312,-0.7,21.8,29.5,18.4,888.8,-88.8,-999.9,-88.8
313,-0.7,21.8,29.5,18.4,888.8,-88.8,-999.9,-88.8
314,-0.7,21.8,29.5,18.4,888.8,-88.8,-999.9,-88.8
315,-0.7,21.8,29.5,18.4,888.8,-88.8,-999.9,-88.8
316,-0.7,21.8,29.5,18.3,888.8,-88.8,-999.9,-88.8
317,-0.7,21.8,29.5,18.4,888.8,-88.8,-999.9,-88.8
318,-0.7,21.8,29.5,18.3,888.8,-88.8,-999.9,-88.8
319,-0.7,21.8,29.5,18.3,888.8,-88.8,-999.9,-88.8
320,-0.7,21.8,29.6,18.3,888.8,-88.8,-999.9,-88.8
321,-0.7,21.8,29.5,18.3,888.8,-88.8,-999.9,-88.8
322,-0.7,21.8,29.6,18.3,888.8,-88.8,-999.9,-88.8
323,-0.7,21.8,29.6,18.3,888.8,-88.8,-999.9,-88.8
324,-0.7,21.8,29.5,18.3,888.8,-88.8,-999.9,-88.8
325,-0.7,21.8,29.6,18.3,888.8,-88.8,-999.9,-88.8
326,-0.7,21.8,29.6,18.3,888.8,-88.8,-999.9,-88.8
327,-0.7,21.8,29.5,18.3,888.8,-88.8,-999.9,-88.8
328,-0.7,21.8,29.5,18.3,888.8,-88.8,-999.9,-88.8
329,-0.7,21.8,29.5,18.3,888.8,-88.8,-999.9,-88.8
330,-0.7,21.8,29.5,18.2,888.8,-88.8,-999.9,-88.8
331,-0.7,21.8,29.6,18.3,888.8,-88.8,-999.9,-88.8
332,-0.7,21.8,29.6,18.3,888.8,-88.8,-999.9,-88.8
333,-0.7,21.8,29.6,18.3,888.8,-88.8,-999.9,-88.8
334,-0.7,21.8,29.5,18.3,888.8,-88.8,-999.9,-88.8
335,-0.7,21.8,29.6,18.2,888.8,-88.8,-999.9,-88.8
336,-0.7,21.9,29.5,18.2,888.8,-88.8,-999.9,-88.8
337,-0.7,21.8,29.6,18.2,888.8,-88.8,-999.9,-88.8
338,-0.6,21.8,29.5,18.2,888.8,-88.8,-999.9,-88.8
339,-0.7,21.8,29.6,18.2,888.8,-88.8,-999.9,-88.8
340,-0.6,21.8,29.5,18.1,888.8,-88.8,-999.9,-88.8
341,-0.6,21.8,29.6,18.2,888.8,-88.8,-999.9,-88.8
342,-0.6,21.8,29.5,18.2,888.8,-88.8,-999.9,-88.8
343,-0.6,21.8,29.6,18.2,888.8,-88.8,-999.9,-88.8
344,-0.7,21.8,29.5,18.2,888.8,-88.8,-999.9,-88.8
345,-0.7,21.9,29.5,18.2,888.8,-88.8,-999.9,-88.8
346,-0.7,21.9,29.6,18.1,888.8,-88.8,-999.9,-88.8
347,-0.7,21.9,29.6,18.1,888.8,-88.8,-999.9,-88.8
348,-0.7,21.9,29.6,18.1,888.8,-88.8,-999.9,-88.8
349,-0.7,21.9,29.6,18.1,888.8,-88.8,-999.9,-88.8
350,-0.7,21.9,29.6,18.1,888.8,-88.8,-999.9,-88.8
351,-0.6,21.9,29.6,18.2,888.8,-88.8,-999.9,-88.8
352,-0.6,21.9,29.6,18.1,888.8,-88.8,-999.9,-88.8
353,-0.6,21.9,29.6,18.1,888.8,-88.8,-999.9,-88.8
354,-0.6,21.9,29.6,18.1,888.8,-88.8,-999.9,-88.8
355,-0.6,21.9,29.6,18.1,888.8,-88.8,-999.9,-88.8
356,-0.7,21.9,29.6,18.1,888.8,-88.8,-999.9,-88.8
357,-0.6,21.9,29.6,18.1,888.8,-88.8,-999.9,-88.8
358,-0.6,21.9,29.6,18.1,888.8,-88.8,-999.9,-88.8
359,-0.6,21.9,29.6,18.1,888.8,-88.8,-999.9,-88.8
400,-0.6,21.9,29.6,18.1,888.8,-88.8,-999.9,-88.8
401,-0.6,21.9,29.5,18.1,888.8,-88.8,-999.9,-88.8
402,-0.6,21.9,29.5,18.1,888.8,-88.8,-999.9,-88.8
403,-0.6,21.9,29.6,18.1,888.8,-88.8,-999.9,-88.8
404,-0.6,21.9,29.6,18.1,888.8,-88.8,-999.9,-88.8
405,-0.6,21.9,29.6,18.1,888.8,-88.8,-999.9,-88.8
406,-0.6,21.9,29.6,18.1,888.8,-88.8,-999.9,-88.8
407,-0.6,21.9,29.6,18.1,888.8,-88.8,-999.9,-88.8
408,-0.6,21.9,29.5,18.1,888.8,-88.8,-999.9,-88.8
409,-0.6,21.9,29.6,18.1,888.8,-88.8,-999.9,-88.8
410,-0.6,21.9,29.6,18,888.8,-88.8,-999.9,-88.8
411,-0.6,21.9,29.5,18,888.8,-88.8,-999.9,-88.8
412,-0.6,21.9,29.6,18,888.8,-88.8,-999.9,-88.8
413,-0.6,21.9,29.6,18,888.8,-88.8,-999.9,-88.8
414,-0.6,22,29.6,18,888.8,-88.8,-999.9,-88.8
415,-0.6,22,29.6,18,888.8,-88.8,-999.9,-88.8
416,-0.6,22,29.6,18,888.8,-88.8,-999.9,-88.8
417,-0.6,22,29.5,18,888.8,-88.8,-999.9,-88.8
418,-0.6,22,29.6,18,888.8,-88.8,-999.9,-88.8
419,-0.6,22,29.5,18,888.8,-88.8,-999.9,-88.8
420,-0.6,22,29.5,18,888.8,-88.8,-999.9,-88.8
421,-0.6,22,29.5,18,888.8,-88.8,-999.9,-88.8
422,-0.6,22,29.6,18,888.8,-88.8,-999.9,-88.8
423,-0.6,22,29.5,18,888.8,-88.8,-999.9,-88.8
424,-0.6,22,29.6,18,888.8,-88.8,-999.9,-88.8
425,-0.6,22,29.6,18,888.8,-88.8,-999.9,-88.8
426,-0.6,22,29.6,18,888.8,-88.8,-999.9,-88.8
427,-0.6,21.9,29.6,18,888.8,-88.8,-999.9,-88.8
428,-0.6,22,29.6,18,888.8,-88.8,-999.9,-88.8
429,-0.6,22,29.6,18,888.8,-88.8,-999.9,-88.8
430,-0.6,22,29.6,18,888.8,-88.8,-999.9,-88.8
431,-0.6,22,29.6,18,888.8,-88.8,-999.9,-88.8
432,-0.6,22,29.6,17.9,888.8,-88.8,-999.9,-88.8
433,-0.6,22,29.5,18,888.8,-88.8,-999.9,-88.8
434,-0.6,22,29.6,17.9,888.8,-88.8,-999.9,-88.8
435,-0.6,22,29.6,17.9,888.8,-88.8,-999.9,-88.8
436,-0.5,22,29.6,17.9,888.8,-88.8,-999.9,-88.8
437,-0.6,22,29.6,17.9,888.8,-88.8,-999.9,-88.8
438,-0.6,22,29.6,17.9,888.8,-88.8,-999.9,-88.8
439,-0.6,22,29.5,17.9,888.8,-88.8,-999.9,-88.8
440,-0.6,22.1,29.6,17.9,888.8,-88.8,-999.9,-88.8
441,-0.5,22.1,29.6,17.9,888.8,-88.8,-999.9,-88.8
442,-0.5,22.1,29.5,17.9,888.8,-88.8,-999.9,-88.8
443,-0.5,22.1,29.5,17.9,888.8,-88.8,-999.9,-88.8
444,-0.5,22.1,29.5,17.9,888.8,-88.8,-999.9,-88.8
445,-0.5,22.1,29.5,17.9,888.8,-88.8,-999.9,-88.8
446,-0.5,22.1,29.5,17.9,888.8,-88.8,-999.9,-88.8
447,-0.5,22.1,29.5,17.9,888.8,-88.8,-999.9,-88.8
448,-0.5,22.1,29.6,17.9,888.8,-88.8,-999.9,-88.8
449,-0.5,22.1,29.5,17.9,888.8,-88.8,-999.9,-88.8
450,-0.5,22.1,29.6,17.9,888.8,-88.8,-999.9,-88.8
451,-0.5,22.1,29.5,17.9,888.8,-88.8,-999.9,-88.8
452,-0.5,22.1,29.5,17.9,888.8,-88.8,-999.9,-88.8
453,-0.5,22.1,29.6,17.9,888.8,-88.8,-999.9,-88.8
454,-0.5,22.1,29.6,17.9,888.8,-88.8,-999.9,-88.8
455,-0.5,22.1,29.5,17.9,888.8,-88.8,-999.9,-88.8
456,-0.5,22.1,29.5,17.9,888.8,-88.8,-999.9,-88.8
457,-0.5,22.1,29.5,17.8,888.8,-88.8,-999.9,-88.8
458,-0.5,22.1,29.6,17.8,888.8,-88.8,-999.9,-88.8
459,-0.5,22.1,29.5,17.9,888.8,-88.8,-999.9,-88.8
500,-0.5,22.1,29.6,17.9,888.8,-88.8,-999.9,-88.8
501,-0.5,22.1,29.6,17.9,888.8,-88.8,-999.9,-88.8
502,-0.5,22.1,29.5,17.9,888.8,-88.8,-999.9,-88.8
503,-0.5,22.1,29.6,17.8,888.8,-88.8,-999.9,-88.8
504,-0.5,22.1,29.5,17.8,888.8,-88.8,-999.9,-88.8
505,-0.5,22.1,29.6,17.8,888.8,-88.8,-999.9,-88.8
506,-0.5,22.1,29.6,17.8,888.8,-88.8,-999.9,-88.8
507,-0.5,22.1,29.6,17.8,888.8,-88.8,-999.9,-88.8
508,-0.5,22.1,29.5,17.8,888.8,-88.8,-999.9,-88.8
509,-0.5,22.1,29.6,17.8,888.8,-88.8,-999.9,-88.8
510,-0.5,22.1,29.5,17.8,888.8,-88.8,-999.9,-88.8
511,-0.5,22.1,29.5,17.8,888.8,-88.8,-999.9,-88.8
512,-0.5,22.1,29.5,17.8,888.8,-88.8,-999.9,-88.8
513,-0.5,22.2,29.6,17.8,888.8,-88.8,-999.9,-88.8
514,-0.5,22.2,29.5,17.8,888.8,-88.8,-999.9,-88.8
515,-0.5,22.2,29.5,17.8,888.8,-88.8,-999.9,-88.8
516,-0.5,22.2,29.6,17.8,888.8,-88.8,-999.9,-88.8
517,-0.5,22.2,29.5,17.8,888.8,-88.8,-999.9,-88.8
518,-0.5,22.1,29.6,17.8,888.8,-88.8,-999.9,-88.8
519,-0.5,22.2,29.5,17.8,888.8,-88.8,-999.9,-88.8
520,-0.5,22.1,29.5,17.8,888.8,-88.8,-999.9,-88.8
521,-0.5,22.2,29.5,17.8,888.8,-88.8,-999.9,-88.8
522,-0.5,22.2,29.5,17.7,888.8,-88.8,-999.9,-88.8
523,-0.5,22.2,29.5,17.8,888.8,-88.8,-999.9,-88.8
524,-0.5,22.2,29.5,17.7,888.8,-88.8,-999.9,-88.8
525,-0.5,22.2,29.5,17.7,888.8,-88.8,-999.9,-88.8
526,-0.4,22.2,29.5,17.7,888.8,-88.8,-999.9,-88.8
527,-0.5,22.2,29.5,17.7,888.8,-88.8,-999.9,-88.8
528,-0.5,22.2,29.5,17.7,888.8,-88.8,-999.9,-88.8
529,-0.5,22.2,29.5,17.7,888.8,-88.8,-999.9,-88.8
530,-0.5,22.2,29.5,17.7,888.8,-88.8,-999.9,-88.8
531,-0.5,22.2,29.5,17.7,888.8,-88.8,-999.9,-88.8
532,-0.5,22.2,29.5,17.7,888.8,-88.8,-999.9,-88.8
533,-0.5,22.2,29.5,17.7,888.8,-88.8,-999.9,-88.8
534,-0.5,22.2,29.5,17.7,888.8,-88.8,-999.9,-88.8
535,-0.5,22.2,29.5,17.7,888.8,-88.8,-999.9,-88.8
536,-0.4,22.2,29.5,17.7,888.8,-88.8,-999.9,-88.8
537,-0.5,22.2,29.5,19.1,888.8,-88.8,-999.9,-88.8
538,-0.5,22.2,29.5,17.4,888.8,-88.8,-999.9,-88.8
539,-0.5,22.2,29.5,17.5,888.8,-88.8,-999.9,-88.8
540,-0.4,22.2,29.5,19,888.8,-88.8,-999.9,-88.8
541,-0.4,22.2,29.5,20.1,888.8,-88.8,-999.9,-88.8
542,-0.4,22.2,29.5,21.3,888.8,-88.8,-999.9,-88.8
543,-0.4,22.2,29.5,22.7,888.8,-88.8,-999.9,-88.8
544,-0.4,22.2,29.5,24.2,888.8,-88.8,-999.9,-88.8
545,-0.5,22.2,29.5,26,888.8,-88.8,-999.9,-88.8
546,-0.4,22.2,29.5,27.9,888.8,-88.8,-999.9,-88.8
547,-0.4,22.3,29.5,29.7,888.8,-88.8,-999.9,-88.8
548,-0.4,22.2,29.5,31.3,888.8,-88.8,-999.9,-88.8
549,-0.4,22.3,29.6,33,888.8,-88.8,-999.9,-88.8
550,-0.4,22.2,29.5,34.1,888.8,-88.8,-999.9,-88.8
551,-0.4,22.3,29.5,35.1,888.8,-88.8,-999.9,-88.8
552,-0.4,22.3,29.5,35.9,888.8,-88.8,-999.9,-88.8
553,-0.4,22.3,29.6,36.6,888.8,-88.8,-999.9,-88.8
554,-0.4,22.3,29.6,37.7,888.8,-88.8,-999.9,-88.8
555,-0.4,22.3,29.6,38.7,888.8,-88.8,-999.9,-88.8
556,-0.4,22.3,29.6,39.4,888.8,-88.8,-999.9,-88.8
557,-0.4,22.3,29.5,40.2,888.8,-88.8,-999.9,-88.8
558,-0.4,22.2,29.5,40.9,888.8,-88.8,-999.9,-88.8
559,-0.4,22.2,29.5,41.6,888.8,-88.8,-999.9,-88.8
600,-0.4,22.2,29.5,42.2,888.8,-88.8,-999.9,-88.8
601,-0.4,22.2,29.5,42.9,888.8,-88.8,-999.9,-88.8
602,-0.4,22.2,29.5,43.5,888.8,-88.8,-999.9,-88.8
603,-0.4,22.1,29.4,44,888.8,-88.8,-999.9,-88.8
604,-0.4,22.1,29.4,44.4,888.8,-88.8,-999.9,-88.8
605,-0.4,22,29.3,44.6,888.8,-88.8,-999.9,-88.8
606,-0.4,21.9,29.2,45.1,888.8,-88.8,-999.9,-88.8
607,-0.4,21.8,29.2,45.3,888.8,-88.8,-999.9,-88.8
608,-0.4,21.8,29.2,45.6,888.8,-88.8,-999.9,-88.8
609,-0.4,21.7,29.1,45.8,888.8,-88.8,-999.9,-88.8
610,-0.4,21.7,29.2,46,888.8,-88.8,-999.9,-88.8
611,-0.4,21.6,29.1,46.3,888.8,-88.8,-999.9,-88.8
612,-0.4,21.6,29.2,45.8,888.8,-88.8,-999.9,-88.8
613,-0.4,21.6,29.1,45.4,888.8,-88.8,-999.9,-88.8
614,-0.4,21.6,29.1,43.7,888.8,-88.8,-999.9,-88.8
615,-0.4,21.6,29.1,43.5,888.8,-88.8,-999.9,-88.8
616,-0.4,21.6,29.1,43.7,888.8,-88.8,-999.9,-88.8
617,-0.4,21.5,29.1,43.7,888.8,-88.8,-999.9,-88.8
618,-0.4,21.6,29.1,43.6,888.8,-88.8,-999.9,-88.8
619,-0.4,21.5,29.1,42.9,888.8,-88.8,-999.9,-88.8
620,-0.4,21.5,29.1,40.6,888.8,-88.8,-999.9,-88.8
621,-0.4,21.6,29.1,38.5,888.8,-88.8,-999.9,-88.8
622,-0.4,21.6,29.1,36.8,888.8,-88.8,-999.9,-88.8
623,-0.4,21.5,29.1,36.9,888.8,-88.8,-999.9,-88.8
624,-0.4,21.6,29.1,37.6,888.8,-88.8,-999.9,-88.8
625,-0.4,21.6,29.1,38.1,888.8,-88.8,-999.9,-88.8
626,-0.4,21.6,29.1,38.4,888.8,-88.8,-999.9,-88.8
627,-0.4,21.6,29.1,38.4,888.8,-88.8,-999.9,-88.8
628,-0.4,21.6,29.1,38.4,888.8,-88.8,-999.9,-88.8
629,-0.4,21.6,29.1,38.3,888.8,-88.8,-999.9,-88.8
630,-0.4,21.6,29.1,38.1,888.8,-88.8,-999.9,-88.8
631,-0.4,21.6,29.1,37.9,888.8,-88.8,-999.9,-88.8
632,-0.4,21.6,29.1,37.8,888.8,-88.8,-999.9,-88.8
633,-0.4,21.6,29.1,38.1,888.8,-88.8,-999.9,-88.8
634,-0.4,21.6,29.1,38.7,888.8,-88.8,-999.9,-88.8
635,-0.4,21.6,29.1,39.4,888.8,-88.8,-999.9,-88.8
636,-0.4,21.6,29.1,39.7,888.8,-88.8,-999.9,-88.8
637,-0.4,21.6,29.1,39.8,888.8,-88.8,-999.9,-88.8
638,-0.4,21.6,29.1,39.9,888.8,-88.8,-999.9,-88.8
639,-0.4,21.6,29.1,39.9,888.8,-88.8,-999.9,-88.8
640,-0.4,21.6,29.1,39.8,888.8,-88.8,-999.9,-88.8
641,-0.4,21.6,29.2,39.6,888.8,-88.8,-999.9,-88.8
642,-0.4,21.6,29.2,39.4,888.8,-88.8,-999.9,-88.8
643,-0.4,21.6,29.1,39.1,888.8,-88.8,-999.9,-88.8
644,-0.4,21.6,29.2,38.8,888.8,-88.8,-999.9,-88.8
645,-0.4,21.6,29.1,38.5,888.8,-88.8,-999.9,-88.8
646,-0.4,21.6,29.2,38.2,888.8,-88.8,-999.9,-88.8
647,-0.4,21.6,29.1,38.1,888.8,-88.8,-999.9,-88.8
648,-0.4,21.6,29.2,37.9,888.8,-88.8,-999.9,-88.8
649,-0.4,21.6,29.2,37.9,888.8,-88.8,-999.9,-88.8
650,-0.4,21.6,29.2,37.8,888.8,-88.8,-999.9,-88.8
651,-0.4,21.6,29.2,37.7,888.8,-88.8,-999.9,-88.8
652,-0.4,21.6,29.2,37.7,888.8,-88.8,-999.9,-88.8
653,-0.4,21.6,29.2,37.7,888.8,-88.8,-999.9,-88.8
654,-0.4,21.6,29.2,37.6,888.8,-88.8,-999.9,-88.8
655,-0.4,21.6,29.2,37.5,888.8,-88.8,-999.9,-88.8
656,-0.4,21.6,29.2,37.5,888.8,-88.8,-999.9,-88.8
657,-0.4,21.6,29.2,37.5,888.8,-88.8,-999.9,-88.8
658,-0.4,21.6,29.2,37.5,888.8,-88.8,-999.9,-88.8
659,-0.4,21.6,29.1,37.3,888.8,-88.8,-999.9,-88.8
700,-0.4,21.6,29.1,37.3,888.8,-88.8,-999.9,-88.8
701,-0.4,21.6,29.1,37.2,888.8,-88.8,-999.9,-88.8
702,-0.4,21.5,29.1,37.2,888.8,-88.8,-999.9,-88.8
703,-0.4,21.5,29.1,37.2,888.8,-88.8,-999.9,-88.8
704,-0.3,21.5,29.1,37.1,888.8,-88.8,-999.9,-88.8
705,-0.4,21.5,29.1,36.7,888.8,-88.8,-999.9,-88.8
706,-0.3,21.5,29.1,37,888.8,-88.8,-999.9,-88.8
707,-0.3,21.5,29.1,37.4,888.8,-88.8,-999.9,-88.8
708,-0.3,21.5,29.1,37.8,888.8,-88.8,-999.9,-88.8
709,-0.3,21.4,29.1,38,888.8,-88.8,-999.9,-88.8
710,-0.3,21.4,29.1,38.1,888.8,-88.8,-999.9,-88.8
711,-0.3,21.4,29.1,38.1,888.8,-88.8,-999.9,-88.8
712,-0.3,21.4,29.1,38.2,888.8,-88.8,-999.9,-88.8
713,-0.3,21.4,29.1,38.3,888.8,-88.8,-999.9,-88.8
714,-0.3,21.4,29.1,38.5,888.8,-88.8,-999.9,-88.8
715,-0.3,21.3,29.1,38.4,888.8,-88.8,-999.9,-88.8
716,-0.3,21.3,29.1,38.2,888.8,-88.8,-999.9,-88.8
717,-0.3,21.4,29.1,38.1,888.8,-88.8,-999.9,-88.8
718,-0.3,21.4,29.1,36.6,888.8,-88.8,-999.9,-88.8
719,-0.3,21.3,29,36,888.8,-88.8,-999.9,-88.8
720,-0.2,21.3,29,35.8,888.8,-88.8,-999.9,-88.8
721,-0.2,21.3,29,35.2,888.8,-88.8,-999.9,-88.8
722,-0.2,21.3,29,34.1,888.8,-88.8,-999.9,-88.8
723,-0.2,21.2,28.9,32.7,888.8,-88.8,-999.9,-88.8
724,-0.2,21.1,28.9,31.8,888.8,-88.8,-999.9,-88.8
725,-0.2,21,28.8,31.3,888.8,-88.8,-999.9,-88.8
726,-0.2,20.9,28.7,31,888.8,-88.8,-999.9,-88.8
727,-0.2,20.8,28.7,30.3,888.8,-88.8,-999.9,-88.8
728,-0.2,20.7,28.7,29.9,888.8,-88.8,-999.9,-88.8
729,-0.2,20.7,28.6,29,888.8,-88.8,-999.9,-88.8
730,-0.2,20.7,28.6,28.3,888.8,-88.8,-999.9,-88.8
731,-0.2,20.6,28.6,27.2,888.8,-88.8,-999.9,-88.8
732,-0.2,20.6,28.6,25.6,888.8,-88.8,-999.9,-88.8
733,-0.2,20.6,28.6,24.8,888.8,-88.8,-999.9,-88.8
734,-0.2,20.5,28.6,24.5,888.8,-88.8,-999.9,-88.8
735,-0.2,20.5,28.5,24.3,888.8,-88.8,-999.9,-88.8
736,-0.2,20.5,28.6,24.1,888.8,-88.8,-999.9,-88.8
737,-0.2,20.5,28.5,24,888.8,-88.8,-999.9,-88.8
738,-0.2,20.5,28.5,24,888.8,-88.8,-999.9,-88.8
739,-0.2,20.5,28.5,23.9,888.8,-88.8,-999.9,-88.8
740,-0.1,20.5,28.5,23.9,888.8,-88.8,-999.9,-88.8
741,-0.1,20.5,28.5,23.9,888.8,-88.8,-999.9,-88.8
742,-0.1,20.5,28.6,23.8,888.8,-88.8,-999.9,-88.8
743,-0.1,20.5,28.6,23.8,888.8,-88.8,-999.9,-88.8
744,-0.1,20.5,28.6,23.8,888.8,-88.8,-999.9,-88.8
745,-0.1,20.5,28.6,23.7,888.8,-88.8,-999.9,-88.8
746,-0.1,20.5,28.6,23.7,888.8,-88.8,-999.9,-88.8
747,-0.1,20.5,28.6,23.6,888.8,-88.8,-999.9,-88.8
748,-0.1,20.5,28.6,23.6,888.8,-88.8,-999.9,-88.8
749,-0.1,20.5,28.6,23.6,888.8,-88.8,-999.9,-88.8
750,-0.1,20.5,28.6,23.6,888.8,-88.8,-999.9,-88.8
751,-0.1,20.4,28.6,23.5,888.8,-88.8,-999.9,-88.8
752,-0.1,20.5,28.6,23.5,888.8,-88.8,-999.9,-88.8
753,-0.1,20.5,28.6,23.4,888.8,-88.8,-999.9,-88.8
754,-0.1,20.5,28.6,23.4,888.8,-88.8,-999.9,-88.8
755,-0.1,20.5,28.6,23.4,888.8,-88.8,-999.9,-88.8
756,-0.1,20.5,28.6,23.3,888.8,-88.8,-999.9,-88.8
757,-0.1,20.5,28.6,23.3,888.8,-88.8,-999.9,-88.8
758,-0.1,20.5,28.6,23.3,888.8,-88.8,-999.9,-88.8
759,-0.1,20.5,28.6,23.2,888.8,-88.8,-999.9,-88.8
800,-0.1,20.5,28.6,23.1,888.8,-88.8,-999.9,-88.8
801,-0.1,20.5,28.6,23.2,888.8,-88.8,-999.9,-88.8
802,-0.1,20.5,28.6,23.1,888.8,-88.8,-999.9,-88.8
803,-0.1,20.5,28.6,23.1,888.8,-88.8,-999.9,-88.8
804,-0.1,20.5,28.6,23.1,888.8,-88.8,-999.9,-88.8
805,-0.1,20.5,28.6,23,888.8,-88.8,-999.9,-88.8
806,-0.1,20.5,28.6,22.9,888.8,-88.8,-999.9,-88.8
807,-0.1,20.5,28.7,22.8,888.8,-88.8,-999.9,-88.8
808,-0.1,20.5,28.6,22.8,888.8,-88.8,-999.9,-88.8
809,-0.1,20.5,28.7,22.8,888.8,-88.8,-999.9,-88.8
810,-0.2,20.5,28.7,22.8,888.8,-88.8,-999.9,-88.8
811,-0.1,20.5,28.6,22.7,888.8,-88.8,-999.9,-88.8
812,-0.1,20.5,28.7,22.7,888.8,-88.8,-999.9,-88.8
813,-0.1,20.5,28.7,22.6,888.8,-88.8,-999.9,-88.8
814,-0.1,20.5,28.6,22.6,888.8,-88.8,-999.9,-88.8
815,-0.1,20.5,28.7,22.5,888.8,-88.8,-999.9,-88.8
816,-0.1,20.5,28.7,22.5,888.8,-88.8,-999.9,-88.8
817,-0.1,20.5,28.7,22.4,888.8,-88.8,-999.9,-88.8
818,-0.2,20.5,28.7,22.4,888.8,-88.8,-999.9,-88.8
819,-0.2,20.5,28.7,22.3,888.8,-88.8,-999.9,-88.8
820,-0.1,20.5,28.7,22.3,888.8,-88.8,-999.9,-88.8
821,-0.1,20.5,28.7,22.2,888.8,-88.8,-999.9,-88.8
822,-0.2,20.5,28.7,22.2,888.8,-88.8,-999.9,-88.8
823,-0.1,20.5,28.7,22.2,888.8,-88.8,-999.9,-88.8
824,-0.2,20.5,28.7,22.1,888.8,-88.8,-999.9,-88.8
825,-0.2,20.5,28.7,22.1,888.8,-88.8,-999.9,-88.8
826,-0.2,20.5,28.7,22.1,888.8,-88.8,-999.9,-88.8
827,-0.2,20.5,28.7,22,888.8,-88.8,-999.9,-88.8
828,-0.2,20.5,28.7,21.9,888.8,-88.8,-999.9,-88.8
829,-0.2,20.6,28.7,21.9,888.8,-88.8,-999.9,-88.8
830,-0.2,20.5,28.7,21.9,888.8,-88.8,-999.9,-88.8
831,-0.2,20.6,28.8,21.8,888.8,-88.8,-999.9,-88.8
832,-0.2,20.6,28.8,21.8,888.8,-88.8,-999.9,-88.8
833,-0.2,20.6,28.7,21.8,888.8,-88.8,-999.9,-88.8
834,-0.2,20.6,28.8,21.7,888.8,-88.8,-999.9,-88.8
835,-0.1,20.6,28.8,21.6,888.8,-88.8,-999.9,-88.8
836,-0.1,20.5,28.8,21.6,888.8,-88.8,-999.9,-88.8
837,-0.2,20.6,28.8,21.6,888.8,-88.8,-999.9,-88.8
838,-0.1,20.6,28.8,21.5,888.8,-88.8,-999.9,-88.8
839,-0.1,20.6,28.8,21.5,888.8,-88.8,-999.9,-88.8
840,-0.1,20.6,28.8,21.5,888.8,-88.8,-999.9,-88.8
841,-0.1,20.6,28.8,21.5,888.8,-88.8,-999.9,-88.8
842,-0.1,20.6,28.8,21.4,888.8,-88.8,-999.9,-88.8
843,-0.1,20.6,28.8,21.3,888.8,-88.8,-999.9,-88.8
844,-0.1,20.6,28.8,21.3,888.8,-88.8,-999.9,-88.8
845,-0.1,20.6,28.8,21.3,888.8,-88.8,-999.9,-88.8
846,-0.1,20.6,28.8,21.2,888.8,-88.8,-999.9,-88.8
847,-0.1,20.6,28.8,21.2,888.8,-88.8,-999.9,-88.8
848,-0.1,20.7,28.8,21.2,888.8,-88.8,-999.9,-88.8
849,-0.1,20.6,28.8,21.1,888.8,-88.8,-999.9,-88.8
850,-0.1,20.6,28.9,21.1,888.8,-88.8,-999.9,-88.8
851,-0.1,20.6,28.9,21,888.8,-88.8,-999.9,-88.8
852,-0.1,20.6,28.8,21,888.8,-88.8,-999.9,-88.8
853,-0.1,20.6,28.9,21,888.8,-88.8,-999.9,-88.8
854,-0.1,20.6,28.9,20.9,888.8,-88.8,-999.9,-88.8
855,-0.1,20.6,28.9,20.9,888.8,-88.8,-999.9,-88.8
856,0,20.6,28.9,20.9,888.8,-88.8,-999.9,-88.8
857,0,20.7,28.9,20.9,888.8,-88.8,-999.9,-88.8
858,0,20.7,28.9,20.8,888.8,-88.8,-999.9,-88.8
859,0,20.6,28.9,20.8,888.8,-88.8,-999.9,-88.8
900,0,20.7,28.9,20.7,888.8,-88.8,-999.9,-88.8
901,0,20.6,28.9,20.7,888.8,-88.8,-999.9,-88.8
902,0,20.7,28.9,20.7,888.8,-88.8,-999.9,-88.8
903,0,20.7,28.9,20.6,888.8,-88.8,-999.9,-88.8
904,0,20.7,28.9,20.6,888.8,-88.8,-999.9,-88.8
905,0,20.7,28.9,20.6,888.8,-88.8,-999.9,-88.8
906,0,20.7,28.9,20.6,888.8,-88.8,-999.9,-88.8
907,0,20.7,28.9,20.5,888.8,-88.8,-999.9,-88.8
908,0,20.6,28.9,20.5,888.8,-88.8,-999.9,-88.8
909,0,20.7,28.9,20.5,888.8,-88.8,-999.9,-88.8
910,0,20.6,28.9,20.5,888.8,-88.8,-999.9,-88.8
911,0,20.7,29,20.4,888.8,-88.8,-999.9,-88.8
912,0,20.7,28.9,20.4,888.8,-88.8,-999.9,-88.8
913,0,20.7,28.9,20.3,888.8,-88.8,-999.9,-88.8
914,0,20.7,28.9,20.3,888.8,-88.8,-999.9,-88.8
915,0,20.7,28.9,20.3,888.8,-88.8,-999.9,-88.8
916,0,20.7,28.9,20.3,888.8,-88.8,-999.9,-88.8
917,0.1,20.7,28.9,20.2,888.8,-88.8,-999.9,-88.8
918,0,20.7,28.9,20.2,888.8,-88.8,-999.9,-88.8
919,0.1,20.7,28.9,20.2,888.8,-88.8,-999.9,-88.8
920,0.1,20.7,28.9,20.2,888.8,-88.8,-999.9,-88.8
921,0.1,20.7,28.9,20.2,888.8,-88.8,-999.9,-88.8
922,0.1,20.7,28.9,20.1,888.8,-88.8,-999.9,-88.8
923,0.1,20.7,28.9,20.1,888.8,-88.8,-999.9,-88.8
924,0.1,20.7,28.9,20,888.8,-88.8,-999.9,-88.8
925,0.2,20.7,29,20,888.8,-88.8,-999.9,-88.8
926,0.1,20.7,28.9,20,888.8,-88.8,-999.9,-88.8
927,0.2,20.7,29,20,888.8,-88.8,-999.9,-88.8
928,0.2,20.7,29,19.9,888.8,-88.8,-999.9,-88.8
929,0.2,20.7,29,19.9,888.8,-88.8,-999.9,-88.8
930,0.2,20.7,29,19.9,888.8,-88.8,-999.9,-88.8
931,0.2,20.7,29,19.9,888.8,-88.8,-999.9,-88.8
932,0.3,20.7,29,19.8,888.8,-88.8,-999.9,-88.8
933,0.3,20.8,29,19.8,888.8,-88.8,-999.9,-88.8
934,0.3,20.7,29,19.8,888.8,-88.8,-999.9,-88.8
935,0.3,20.8,29,19.7,888.8,-88.8,-999.9,-88.8
936,0.3,20.8,29,19.7,888.8,-88.8,-999.9,-88.8
937,0.3,20.8,29,19.7,888.8,-88.8,-999.9,-88.8
938,0.3,20.8,29,19.7,888.8,-88.8,-999.9,-88.8
939,0.3,20.7,29,19.7,888.8,-88.8,-999.9,-88.8
940,0.3,20.8,29,19.7,888.8,-88.8,-999.9,-88.8
941,0.4,20.8,29,19.6,888.8,-88.8,-999.9,-88.8
942,0.4,20.8,29,19.6,888.8,-88.8,-999.9,-88.8
943,0.4,20.8,29,19.6,888.8,-88.8,-999.9,-88.8
944,0.4,20.8,29,19.6,888.8,-88.8,-999.9,-88.8
945,0.4,20.8,29,19.6,888.8,-88.8,-999.9,-88.8
946,0.4,20.8,29,19.6,888.8,-88.8,-999.9,-88.8
947,0.4,20.8,29,19.5,888.8,-88.8,-999.9,-88.8
948,0.4,20.8,29,19.5,888.8,-88.8,-999.9,-88.8
949,0.5,20.8,29,19.5,888.8,-88.8,-999.9,-88.8
950,0.5,20.8,29,19.4,888.8,-88.8,-999.9,-88.8
951,0.5,20.8,29,19.4,888.8,-88.8,-999.9,-88.8
952,0.5,20.8,29,19.4,888.8,-88.8,-999.9,-88.8
953,0.5,20.9,29,19.4,888.8,-88.8,-999.9,-88.8
954,0.6,20.9,29,19.4,888.8,-88.8,-999.9,-88.8
955,0.6,20.9,29,19.3,888.8,-88.8,-999.9,-88.8
956,0.6,20.9,29.1,19.3,888.8,-88.8,-999.9,-88.8
957,0.6,20.9,29,19.3,888.8,-88.8,-999.9,-88.8
958,0.6,20.9,29,19.3,888.8,-88.8,-999.9,-88.8
959,0.6,20.9,29,19.3,888.8,-88.8,-999.9,-88.8
1000,0.6,20.9,29,19.2,888.8,-88.8,-999.9,-88.8
1001,0.7,20.9,29,19.2,888.8,-88.8,-999.9,-88.8
1002,0.7,20.8,29,19.2,888.8,-88.8,-999.9,-88.8
1003,0.7,20.9,29,19.2,888.8,-88.8,-999.9,-88.8
1004,0.7,20.9,29,19.2,888.8,-88.8,-999.9,-88.8
1005,0.8,20.9,29.1,19.1,888.8,-88.8,-999.9,-88.8
1006,0.8,20.9,29,19.1,888.8,-88.8,-999.9,-88.8
1007,0.9,20.9,29,19.1,888.8,-88.8,-999.9,-88.8
1008,0.9,20.9,29.1,19.1,888.8,-88.8,-999.9,-88.8
1009,1,20.9,29.1,19.1,888.8,-88.8,-999.9,-88.8
1010,1,20.9,29.1,19.1,888.8,-88.8,-999.9,-88.8
1011,1.1,20.9,29,19,888.8,-88.8,-999.9,-88.8
1012,1.1,20.9,29.1,19,888.8,-88.8,-999.9,-88.8
1013,1.2,20.9,29.1,19,888.8,-88.8,-999.9,-88.8
1014,1.2,20.9,29.1,19,888.8,-88.8,-999.9,-88.8
1015,1.3,20.9,29.1,19,888.8,-88.8,-999.9,-88.8
1016,1.3,21,29.1,19,888.8,-88.8,-999.9,-88.8
1017,1.4,20.9,29.1,19,888.8,-88.8,-999.9,-88.8
1018,1.5,20.9,29,18.9,888.8,-88.8,-999.9,-88.8
1019,1.5,20.9,29.1,18.9,888.8,-88.8,-999.9,-88.8
1020,1.6,20.9,29.1,18.9,888.8,-88.8,-999.9,-88.8
1021,1.7,21,29.1,18.9,888.8,-88.8,-999.9,-88.8
1022,1.7,20.9,29.1,18.9,888.8,-88.8,-999.9,-88.8
1023,1.8,20.9,29.1,18.8,888.8,-88.8,-999.9,-88.8
1024,1.9,21,29.1,18.8,888.8,-88.8,-999.9,-88.8
1025,1.9,21,29.1,18.9,888.8,-88.8,-999.9,-88.8
1026,2,21,29.1,18.8,888.8,-88.8,-999.9,-88.8
1027,2.1,21,29.1,18.8,888.8,-88.8,-999.9,-88.8
1028,2.2,21,29.1,18.8,888.8,-88.8,-999.9,-88.8
1029,2.2,21,29.1,18.7,888.8,-88.8,-999.9,-88.8
1030,2.3,21,29.2,18.7,888.8,-88.8,-999.9,-88.8
1031,2.4,20.9,29.1,18.7,888.8,-88.8,-999.9,-88.8
1032,2.5,21,29.1,18.7,888.8,-88.8,-999.9,-88.8
1033,2.7,21,29.1,18.7,888.8,-88.8,-999.9,-88.8
1034,2.8,21,29.1,18.7,888.8,-88.8,-999.9,-88.8
1035,2.9,21,29.1,18.7,888.8,-88.8,-999.9,-88.8
1036,3,21,29.1,18.7,888.8,-88.8,-999.9,-88.8
1037,3.1,21,29.1,18.6,888.8,-88.8,-999.9,-88.8
1038,3.3,21,29.1,18.6,888.8,-88.8,-999.9,-88.8
1039,3.4,21,29.1,18.6,888.8,-88.8,-999.9,-88.8
1040,3.5,21,29.1,18.6,888.8,-88.8,-999.9,-88.8
1041,3.6,21,29.1,18.6,888.8,-88.8,-999.9,-88.8
1042,3.7,21,29.1,18.6,888.8,-88.8,-999.9,-88.8
1043,3.8,21,29.1,18.6,888.8,-88.8,-999.9,-88.8
1044,3.9,21,29.1,18.6,888.8,-88.8,-999.9,-88.8
1045,4,21,29.1,18.6,888.8,-88.8,-999.9,-88.8
1046,4.1,21,29.1,18.6,888.8,-88.8,-999.9,-88.8
1047,4.2,21,29.1,18.5,888.8,-88.8,-999.9,-88.8
1048,4.4,21,29.1,18.5,888.8,-88.8,-999.9,-88.8
1049,4.5,21,29.1,18.5,888.8,-88.8,-999.9,-88.8
1050,4.6,21,29.1,18.5,888.8,-88.8,-999.9,-88.8
1051,4.7,21,29.1,18.5,888.8,-88.8,-999.9,-88.8
1052,4.9,21,29.1,18.5,888.8,-88.8,-999.9,-88.8
1053,5,21,29.1,18.4,888.8,-88.8,-999.9,-88.8
1054,5.2,21,29.1,18.4,888.8,-88.8,-999.9,-88.8
1055,5.3,21,29.2,18.4,888.8,-88.8,-999.9,-88.8
1056,5.4,21.1,29.2,18.4,888.8,-88.8,-999.9,-88.8
1057,5.6,21,29.1,18.4,888.8,-88.8,-999.9,-88.8
1058,5.7,21.1,29.1,18.4,888.8,-88.8,-999.9,-88.8
1059,5.9,21.1,29.1,18.4,888.8,-88.8,-999.9,-88.8
1100,5.9,21.1,29.1,18.4,888.8,-88.8,-999.9,-88.8
1101,6.1,21.1,29.2,18.4,888.8,-88.8,-999.9,-88.8
1102,6.2,21.1,29.2,18.4,888.8,-88.8,-999.9,-88.8
1103,6.4,21.1,29.2,18.3,888.8,-88.8,-999.9,-88.8
1104,6.5,21.1,29.1,18.3,888.8,-88.8,-999.9,-88.8
1105,6.6,21.1,29.2,18.4,888.8,-88.8,-999.9,-88.8
1106,6.7,21.1,29.2,18.3,888.8,-88.8,-999.9,-88.8
1107,6.9,21.1,29.2,18.3,888.8,-88.8,-999.9,-88.8
1108,7,21.1,29.2,18.3,888.8,-88.8,-999.9,-88.8
1109,7.1,21.1,29.1,18.3,888.8,-88.8,-999.9,-88.8
1110,7.3,21.1,29.2,18.3,888.8,-88.8,-999.9,-88.8
1111,7.4,21.1,29.2,18.3,888.8,-88.8,-999.9,-88.8
1112,7.5,21.1,29.2,18.3,888.8,-88.8,-999.9,-88.8
1113,7.7,21.2,29.2,18.3,888.8,-88.8,-999.9,-88.8
1114,7.9,21.1,29.2,18.2,888.8,-88.8,-999.9,-88.8
1115,8,21.1,29.2,18.2,888.8,-88.8,-999.9,-88.8
1116,8.2,21.1,29.1,18.2,888.8,-88.8,-999.9,-88.8
1117,8.4,21.2,29.1,18.2,888.8,-88.8,-999.9,-88.8
1118,8.5,21.2,29.2,18.2,888.8,-88.8,-999.9,-88.8
1119,8.7,21.1,29.2,18.2,888.8,-88.8,-999.9,-88.8
1120,8.9,21.2,29.2,18.2,888.8,-88.8,-999.9,-88.8
1121,9.1,21.2,29.2,18.1,888.8,-88.8,-999.9,-88.8
1122,9.3,21.2,29.2,18.2,888.8,-88.8,-999.9,-88.8
1123,9.5,21.2,29.2,18.1,888.8,-88.8,-999.9,-88.8
1124,9.7,21.2,29.2,18.1,888.8,-88.8,-999.9,-88.8
1125,9.9,21.2,29.2,18.1,888.8,-88.8,-999.9,-88.8
1126,10.1,21.2,29.2,18.2,888.8,-88.8,-999.9,-88.8
1127,10.3,21.2,29.2,18.1,888.8,-88.8,-999.9,-88.8
1128,10.4,21.2,29.2,18.1,888.8,-88.8,-999.9,-88.8
1129,10.6,21.2,29.2,18.1,888.8,-88.8,-999.9,-88.8
1130,10.8,21.2,29.2,18.1,888.8,-88.8,-999.9,-88.8
1131,11.1,21.2,29.2,18.1,888.8,-88.8,-999.9,-88.8
1132,11.2,21.2,29.2,18.1,888.8,-88.8,-999.9,-88.8
1133,11.3,21.2,29.2,18.1,888.8,-88.8,-999.9,-88.8
1134,11.5,21.2,29.2,18.1,888.8,-88.8,-999.9,-88.8
1135,11.7,21.2,29.2,18.1,888.8,-88.8,-999.9,-88.8
1136,11.9,21.2,29.2,18,888.8,-88.8,-999.9,-88.8
1137,12.1,21.2,29.2,18.1,888.8,-88.8,-999.9,-88.8
1138,12.2,21.2,29.2,18.1,888.8,-88.8,-999.9,-88.8
1139,12.4,21.2,29.2,18,888.8,-88.8,-999.9,-88.8
1140,12.6,21.2,29.2,18,888.8,-88.8,-999.9,-88.8
1141,12.7,21.2,29.2,18,888.8,-88.8,-999.9,-88.8
1142,12.9,21.2,29.2,18,888.8,-88.8,-999.9,-88.8
1143,13,21.2,29.2,18,888.8,-88.8,-999.9,-88.8
1144,13,21.2,29.2,18,888.8,-88.8,-999.9,-88.8
1145,13.3,21.2,29.2,18,888.8,-88.8,-999.9,-88.8
1146,13.3,21.3,29.2,18,888.8,-88.8,-999.9,-88.8
1147,13.4,21.3,29.2,18,888.8,-88.8,-999.9,-88.8
1148,13.6,21.2,29.2,18,888.8,-88.8,-999.9,-88.8
1149,13.7,21.2,29.2,18,888.8,-88.8,-999.9,-88.8
1150,13.7,21.2,29.2,18,888.8,-88.8,-999.9,-88.8
1151,13.9,21.2,29.2,17.9,888.8,-88.8,-999.9,-88.8
1152,14.1,21.3,29.2,17.9,888.8,-88.8,-999.9,-88.8
1153,14.2,21.3,29.2,17.9,888.8,-88.8,-999.9,-88.8
1154,14.4,21.3,29.2,17.9,888.8,-88.8,-999.9,-88.8
1155,14.5,21.3,29.2,17.9,888.8,-88.8,-999.9,-88.8
1156,14.7,21.2,29.2,17.9,888.8,-88.8,-999.9,-88.8
1157,14.8,21.3,29.2,17.9,888.8,-88.8,-999.9,-88.8
1158,14.9,21.3,29.2,17.9,888.8,-88.8,-999.9,-88.8
1159,15.1,21.3,29.2,17.9,888.8,-88.8,-999.9,-88.8
1200,15.2,21.3,29.2,17.9,888.8,-88.8,-999.9,-88.8
1201,15.4,21.3,29.2,17.9,888.8,-88.8,-999.9,-88.8
1202,15.5,21.3,29.2,17.9,888.8,-88.8,-999.9,-88.8
1203,15.6,21.3,29.2,17.9,888.8,-88.8,-999.9,-88.8
1204,15.7,21.3,29.2,17.9,888.8,-88.8,-999.9,-88.8
1205,15.8,21.3,29.2,17.9,888.8,-88.8,-999.9,-88.8
1206,15.9,21.3,29.2,17.9,888.8,-88.8,-999.9,-88.8
1207,16,21.3,29.2,17.9,888.8,-88.8,-999.9,-88.8
1208,16.1,21.3,29.2,17.9,888.8,-88.8,-999.9,-88.8
1209,16.1,21.3,29.2,17.9,888.8,-88.8,-999.9,-88.8
1210,16.2,21.3,29.2,17.8,888.8,-88.8,-999.9,-88.8
1211,16.2,21.3,29.2,17.9,888.8,-88.8,-999.9,-88.8
1212,16.2,21.3,29.2,17.8,888.8,-88.8,-999.9,-88.8
1213,16.2,21.3,29.2,17.8,888.8,-88.8,-999.9,-88.8
1214,16.3,21.3,29.2,17.8,888.8,-88.8,-999.9,-88.8
1215,16.2,21.3,29.2,17.8,888.8,-88.8,-999.9,-88.8
1216,16.3,21.3,29.2,17.8,888.8,-88.8,-999.9,-88.8
1217,16.3,21.3,29.2,17.8,888.8,-88.8,-999.9,-88.8
1218,16.3,21.3,29.2,17.8,888.8,-88.8,-999.9,-88.8
1219,16.4,21.3,29.2,17.8,888.8,-88.8,-999.9,-88.8
1220,16.3,21.3,29.2,17.7,888.8,-88.8,-999.9,-88.8
1221,16.4,21.3,29.1,17.7,888.8,-88.8,-999.9,-88.8
1222,16.4,21.3,29.2,17.8,888.8,-88.8,-999.9,-88.8
1223,16.4,21.3,29.2,17.8,888.8,-88.8,-999.9,-88.8
1224,16.4,21.3,29.2,17.8,888.8,-88.8,-999.9,-88.8
1225,16.5,21.3,29.2,17.8,888.8,-88.8,-999.9,-88.8
1226,16.5,21.4,29.2,17.7,888.8,-88.8,-999.9,-88.8
1227,16.6,21.4,29.2,17.7,888.8,-88.8,-999.9,-88.8
1228,16.6,21.4,29.2,17.7,888.8,-88.8,-999.9,-88.8
1229,16.6,21.3,29.2,17.7,888.8,-88.8,-999.9,-88.8
1230,16.6,21.4,29.2,17.7,888.8,-88.8,-999.9,-88.8
1231,16.7,21.3,29.2,17.7,888.8,-88.8,-999.9,-88.8
1232,16.7,21.4,29.2,17.7,888.8,-88.8,-999.9,-88.8
1233,16.7,21.4,29.2,17.7,888.8,-88.8,-999.9,-88.8
1234,16.7,21.4,29.2,17.7,888.8,-88.8,-999.9,-88.8
1235,16.7,21.4,29.2,17.7,888.8,-88.8,-999.9,-88.8
1236,16.7,21.4,29.1,17.7,888.8,-88.8,-999.9,-88.8
1237,16.7,21.4,29.2,17.7,888.8,-88.8,-999.9,-88.8
1238,16.7,21.4,29.2,17.7,888.8,-88.8,-999.9,-88.8
1239,16.7,21.4,29.2,17.7,888.8,-88.8,-999.9,-88.8
1240,16.7,21.4,29.2,17.6,888.8,-88.8,-999.9,-88.8
1241,16.7,21.4,29.2,17.7,888.8,-88.8,-999.9,-88.8
1242,16.7,21.4,29.2,17.6,888.8,-88.8,-999.9,-88.8
1243,16.7,21.4,29.2,17.7,888.8,-88.8,-999.9,-88.8
1244,16.7,21.4,29.2,17.6,888.8,-88.8,-999.9,-88.8
1245,16.7,21.4,29.2,17.7,888.8,-88.8,-999.9,-88.8
1246,16.7,21.4,29.2,17.6,888.8,-88.8,-999.9,-88.8
1247,16.7,21.5,29.2,17.6,888.8,-88.8,-999.9,-88.8
1248,16.7,21.4,29.2,17.6,888.8,-88.8,-999.9,-88.8
1249,16.7,21.4,29.2,17.6,888.8,-88.8,-999.9,-88.8
1250,16.6,21.4,29.2,17.6,888.8,-88.8,-999.9,-88.8
1251,16.6,21.5,29.2,17.6,888.8,-88.8,-999.9,-88.8
1252,16.6,21.5,29.2,17.6,888.8,-88.8,-999.9,-88.8
1253,16.6,21.5,29.2,17.6,888.8,-88.8,-999.9,-88.8
1254,16.6,21.5,29.2,17.6,888.8,-88.8,-999.9,-88.8
1255,16.5,21.5,29.2,17.6,888.8,-88.8,-999.9,-88.8
1256,16.5,21.5,29.2,17.6,888.8,-88.8,-999.9,-88.8
1257,16.4,21.5,29.2,17.6,888.8,-88.8,-999.9,-88.8
1258,16.4,21.5,29.1,17.6,888.8,-88.8,-999.9,-88.8
1259,16.4,21.5,29.2,17.6,888.8,-88.8,-999.9,-88.8
1300,16.3,21.5,29.2,17.6,888.8,-88.8,-999.9,-88.8
1301,16.3,21.5,29.1,17.5,888.8,-88.8,-999.9,-88.8
1302,16.3,21.4,29.2,17.6,888.8,-88.8,-999.9,-88.8
1303,16.3,21.5,29.2,17.6,888.8,-88.8,-999.9,-88.8
1304,16.3,21.5,29.2,17.6,888.8,-88.8,-999.9,-88.8
1305,16.3,21.5,29.2,17.6,888.8,-88.8,-999.9,-88.8
1306,16.2,21.5,29.2,17.6,888.8,-88.8,-999.9,-88.8
1307,16.2,21.5,29.2,18.9,888.8,-88.8,-999.9,-88.8
1308,16.2,21.5,29.2,17,888.8,-88.8,-999.9,-88.8
1309,16.1,21.5,29.1,17.1,888.8,-88.8,-999.9,-88.8
1310,16.1,21.5,29.1,18.3,888.8,-88.8,-999.9,-88.8
1311,16.1,21.5,29.2,19.4,888.8,-88.8,-999.9,-88.8
1312,16,21.5,29.1,20.5,888.8,-88.8,-999.9,-88.8
1313,16,21.5,29.2,21.8,888.8,-88.8,-999.9,-88.8
1314,16,21.5,29.2,23.3,888.8,-88.8,-999.9,-88.8
1315,15.9,21.5,29.1,25.1,888.8,-88.8,-999.9,-88.8
1316,15.9,21.5,29.1,27,888.8,-88.8,-999.9,-88.8
1317,15.9,21.5,29.2,28.8,888.8,-88.8,-999.9,-88.8
1318,15.9,21.5,29.1,30.3,888.8,-88.8,-999.9,-88.8
1319,15.9,21.5,29.1,31.7,888.8,-88.8,-999.9,-88.8
1320,15.9,21.5,29.2,32.8,888.8,-88.8,-999.9,-88.8
1321,15.9,21.5,29.1,34,888.8,-88.8,-999.9,-88.8
1322,15.9,21.5,29.2,34.9,888.8,-88.8,-999.9,-88.8
1323,15.9,21.5,29.2,35.7,888.8,-88.8,-999.9,-88.8
1324,15.9,21.5,29.2,36.7,888.8,-88.8,-999.9,-88.8
1325,15.9,21.5,29.2,37.4,888.8,-88.8,-999.9,-88.8
1326,15.9,21.5,29.1,38.2,888.8,-88.8,-999.9,-88.8
1327,15.9,21.5,29.2,38.9,888.8,-88.8,-999.9,-88.8
1328,15.9,21.5,29.2,39.6,888.8,-88.8,-999.9,-88.8
1329,15.9,21.5,29.2,40.3,888.8,-88.8,-999.9,-88.8
1330,16,21.5,29.2,40.8,888.8,-88.8,-999.9,-88.8
1331,16,21.5,29.2,41.4,888.8,-88.8,-999.9,-88.8
1332,16.1,21.5,29.2,41.9,888.8,-88.8,-999.9,-88.8
1333,16.2,21.6,29.2,42.3,888.8,-88.8,-999.9,-88.8
1334,16.2,21.6,29.2,42.9,888.8,-88.8,-999.9,-88.8
1335,16.3,21.6,29.2,43.3,888.8,-88.8,-999.9,-88.8
1336,16.5,21.6,29.2,43.8,888.8,-88.8,-999.9,-88.8
1337,16.6,21.6,29.1,44.1,888.8,-88.8,-999.9,-88.8
1338,16.8,21.6,29.1,44.5,888.8,-88.8,-999.9,-88.8
1339,17,21.6,29.1,44.8,888.8,-88.8,-999.9,-88.8
1340,17.1,21.6,29.1,45.2,888.8,-88.8,-999.9,-88.8
1341,17.2,21.6,29.1,45.4,888.8,-88.8,-999.9,-88.8
1342,17.4,21.6,29.1,45.7,888.8,-88.8,-999.9,-88.8
1343,17.5,21.6,29.1,45.9,888.8,-88.8,-999.9,-88.8
1344,17.6,21.6,29.1,46,888.8,-88.8,-999.9,-88.8
1345,17.7,21.6,29.1,46.2,888.8,-88.8,-999.9,-88.8
1346,17.8,21.6,29.1,46.4,888.8,-88.8,-999.9,-88.8
1347,17.9,21.6,29.1,46.5,888.8,-88.8,-999.9,-88.8
1348,17.9,21.6,29.1,46.6,888.8,-88.8,-999.9,-88.8
1349,17.9,21.6,29.1,46.8,888.8,-88.8,-999.9,-88.8
1350,17.8,21.6,29.1,46.8,888.8,-88.8,-999.9,-88.8
1351,17.8,21.6,29.1,46.9,888.8,-88.8,-999.9,-88.8
1352,17.7,21.6,29.1,47,888.8,-88.8,-999.9,-88.8
1353,17.8,21.6,29.1,47,888.8,-88.8,-999.9,-88.8
1354,17.8,21.6,29.1,47,888.8,-88.8,-999.9,-88.8
1355,17.9,21.6,29.1,46.5,888.8,-88.8,-999.9,-88.8
1356,18.1,21.6,29.1,45.4,888.8,-88.8,-999.9,-88.8
1357,18.3,21.6,29.1,44.6,888.8,-88.8,-999.9,-88.8
1358,18.6,21.6,29.1,43.9,888.8,-88.8,-999.9,-88.8
1359,18.8,21.6,29.1,43.3,888.8,-88.8,-999.9,-88.8
1400,19.1,21.6,29.1,42.8,888.8,-88.8,-999.9,-88.8
1401,19.4,21.6,29.1,42.4,888.8,-88.8,-999.9,-88.8
1402,19.6,21.6,29.1,42,888.8,-88.8,-999.9,-88.8
1403,19.9,21.7,29.1,41.7,888.8,-88.8,-999.9,-88.8
1404,20.1,21.7,29.1,41.3,888.8,-88.8,-999.9,-88.8
1405,20.3,21.7,29.1,40.9,888.8,-88.8,-999.9,-88.8
1406,20.5,21.6,29.1,40.5,888.8,-88.8,-999.9,-88.8
1407,20.7,21.7,29.1,40.1,888.8,-88.8,-999.9,-88.8
1408,20.9,21.7,29.1,39.7,888.8,-88.8,-999.9,-88.8
1409,21,21.7,29.1,39.3,888.8,-88.8,-999.9,-88.8
1410,21.2,21.7,29.1,39,888.8,-88.8,-999.9,-88.8
1411,21.2,21.7,29.1,38.6,888.8,-88.8,-999.9,-88.8
1412,21.3,21.7,29.1,38.2,888.8,-88.8,-999.9,-88.8
1413,21.3,21.7,29.1,38,888.8,-88.8,-999.9,-88.8
1414,21.4,21.7,29.1,37.7,888.8,-88.8,-999.9,-88.8
1415,21.5,21.7,29.1,37.5,888.8,-88.8,-999.9,-88.8
1416,21.5,21.7,29.1,37.3,888.8,-88.8,-999.9,-88.8
1417,21.5,21.7,29.1,37,888.8,-88.8,-999.9,-88.8
1418,21.5,21.7,29.1,37.2,888.8,-88.8,-999.9,-88.8
1419,21.5,21.7,29.1,37.6,888.8,-88.8,-999.9,-88.8
1420,21.5,21.7,29.1,38.1,888.8,-88.8,-999.9,-88.8
1421,21.5,21.7,29.1,38.6,888.8,-88.8,-999.9,-88.8
1422,21.5,21.7,29.1,38.9,888.8,-88.8,-999.9,-88.8
1423,21.5,21.7,29.1,39.5,888.8,-88.8,-999.9,-88.8
1424,21.6,21.7,29.1,40,888.8,-88.8,-999.9,-88.8
1425,21.8,21.7,29.1,40.3,888.8,-88.8,-999.9,-88.8
1426,22.1,21.8,29.1,40.8,888.8,-88.8,-999.9,-88.8
1427,22.4,21.7,29.1,41.3,888.8,-88.8,-999.9,-88.8
1428,22.8,21.8,29.2,41.7,888.8,-88.8,-999.9,-88.8
1429,23.1,21.7,29.1,42,888.8,-88.8,-999.9,-88.8
1430,23.3,21.8,29.1,42.3,888.8,-88.8,-999.9,-88.8
1431,23.4,21.8,29.2,42.7,888.8,-88.8,-999.9,-88.8
1432,23.5,21.8,29.1,43,888.8,-88.8,-999.9,-88.8
1433,23.6,21.8,29.2,43.3,888.8,-88.8,-999.9,-88.8
1434,23.6,21.8,29.2,43.5,888.8,-88.8,-999.9,-88.8
1435,23.6,21.8,29.2,43.7,888.8,-88.8,-999.9,-88.8
1436,23.5,21.8,29.1,43.9,888.8,-88.8,-999.9,-88.8
1437,23.4,21.8,29.2,44.2,888.8,-88.8,-999.9,-88.8
1438,23.2,21.8,29.2,44.4,888.8,-88.8,-999.9,-88.8
1439,23,21.8,29.2,44.6,888.8,-88.8,-999.9,-88.8
1440,22.8,21.8,29.2,44.8,888.8,-88.8,-999.9,-88.8
1441,22.5,21.8,29.2,44.9,888.8,-88.8,-999.9,-88.8
1442,22.3,21.8,29.2,45.1,888.8,-88.8,-999.9,-88.8
1443,22.1,21.8,29.2,45.3,888.8,-88.8,-999.9,-88.8
1444,21.8,21.8,29.2,45.3,888.8,-88.8,-999.9,-88.8
1445,21.6,21.8,29.2,45.4,888.8,-88.8,-999.9,-88.8
1446,21.3,21.8,29.2,45.6,888.8,-88.8,-999.9,-88.8
1447,21,21.8,29.2,45.8,888.8,-88.8,-999.9,-88.8
1448,20.7,21.8,29.2,45.9,888.8,-88.8,-999.9,-88.8
1449,20.5,21.8,29.2,46,888.8,-88.8,-999.9,-88.8
1450,20.3,21.8,29.2,46.1,888.8,-88.8,-999.9,-88.8
1451,20,21.8,29.2,46.2,888.8,-88.8,-999.9,-88.8
1452,19.7,21.8,29.2,45.8,888.8,-88.8,-999.9,-88.8
1453,19.5,21.8,29.2,45.9,888.8,-88.8,-999.9,-88.8
1454,19.3,21.8,29.2,46,888.8,-88.8,-999.9,-88.8
1455,19,21.8,29.2,46.1,888.8,-88.8,-999.9,-88.8
1456,18.9,21.9,29.2,46.2,888.8,-88.8,-999.9,-88.8
1457,18.6,21.8,29.2,46.2,888.8,-88.8,-999.9,-88.8
1458,18.4,21.9,29.2,46,888.8,-88.8,-999.9,-88.8
1459,18.1,21.8,29.2,46.1,888.8,-88.8,-999.9,-88.8
1500,17.9,21.9,29.2,46.2,888.8,-88.8,-999.9,-88.8
1501,17.7,21.9,29.2,46.3,888.8,-88.8,-999.9,-88.8
1502,17.5,21.9,29.2,46.4,888.8,-88.8,-999.9,-88.8
1503,17.3,21.9,29.2,46.4,888.8,-88.8,-999.9,-88.8
1504,17.1,21.9,29.2,46.5,888.8,-88.8,-999.9,-88.8
1505,16.9,21.9,29.2,46.5,888.8,-88.8,-999.9,-88.8
1506,16.7,21.9,29.2,46.6,888.8,-88.8,-999.9,-88.8
1507,16.4,21.9,29.2,46.2,888.8,-88.8,-999.9,-88.8
1508,16.2,21.9,29.2,46,888.8,-88.8,-999.9,-88.8
1509,16,21.9,29.2,46,888.8,-88.8,-999.9,-88.8
1510,15.9,21.9,29.2,46.1,888.8,-88.8,-999.9,-88.8
1511,15.7,21.9,29.2,46.1,888.8,-88.8,-999.9,-88.8
1512,15.5,21.9,29.2,46.2,888.8,-88.8,-999.9,-88.8
1513,15.4,21.9,29.2,46.3,888.8,-88.8,-999.9,-88.8
1514,15.3,21.9,29.2,46.3,888.8,-88.8,-999.9,-88.8
1515,15.1,21.9,29.2,46.2,888.8,-88.8,-999.9,-88.8
1516,14.9,21.9,29.3,45.9,888.8,-88.8,-999.9,-88.8
1517,14.8,21.9,29.2,45.9,888.8,-88.8,-999.9,-88.8
1518,14.6,21.9,29.2,45.9,888.8,-88.8,-999.9,-88.8
1519,14.5,21.9,29.2,46,888.8,-88.8,-999.9,-88.8
1520,14.4,21.9,29.2,46.2,888.8,-88.8,-999.9,-88.8
1521,14.3,21.9,29.2,46.3,888.8,-88.8,-999.9,-88.8
1522,14.2,21.9,29.3,46.4,888.8,-88.8,-999.9,-88.8
1523,14.1,21.9,29.2,46.5,888.8,-88.8,-999.9,-88.8
1524,14,21.9,29.2,46.5,888.8,-88.8,-999.9,-88.8
1525,13.9,21.9,29.3,46.6,888.8,-88.8,-999.9,-88.8
1526,13.9,22,29.2,46.6,888.8,-88.8,-999.9,-88.8
1527,13.8,21.9,29.2,46.7,888.8,-88.8,-999.9,-88.8
1528,13.8,22,29.3,46.7,888.8,-88.8,-999.9,-88.8
1529,13.8,22,29.3,46.7,888.8,-88.8,-999.9,-88.8
1530,13.8,22,29.3,46.8,888.8,-88.8,-999.9,-88.8
1531,13.8,22,29.2,46.8,888.8,-88.8,-999.9,-88.8
1532,13.8,22,29.3,46.8,888.8,-88.8,-999.9,-88.8
1533,13.7,22,29.3,46.9,888.8,-88.8,-999.9,-88.8
1534,13.7,22,29.3,47,888.8,-88.8,-999.9,-88.8
1535,13.7,22.1,29.3,47,888.8,-88.8,-999.9,-88.8
1536,13.6,22,29.3,47,888.8,-88.8,-999.9,-88.8
1537,13.6,22,29.3,47,888.8,-88.8,-999.9,-88.8
1538,13.5,22,29.3,47.1,888.8,-88.8,-999.9,-88.8
1539,13.4,22,29.3,47.2,888.8,-88.8,-999.9,-88.8
1540,13.4,22,29.3,47.2,888.8,-88.8,-999.9,-88.8
1541,13.3,22.1,29.3,47.3,888.8,-88.8,-999.9,-88.8
1542,13.2,22.1,29.3,47.4,888.8,-88.8,-999.9,-88.8
1543,13.2,22,29.3,47.4,888.8,-88.8,-999.9,-88.8
1544,13.1,22,29.3,47.5,888.8,-88.8,-999.9,-88.8
1545,13,22.1,29.3,47.6,888.8,-88.8,-999.9,-88.8
1546,12.9,22.1,29.3,47.7,888.8,-88.8,-999.9,-88.8
1547,12.8,22.1,29.3,47.8,888.8,-88.8,-999.9,-88.8
1548,12.7,22.1,29.3,47.8,888.8,-88.8,-999.9,-88.8
1549,12.6,22.1,29.3,47.9,888.8,-88.8,-999.9,-88.8
1550,12.5,22.1,29.3,48,888.8,-88.8,-999.9,-88.8
1551,12.4,22.1,29.3,48,888.8,-88.8,-999.9,-88.8
1552,12.3,22.1,29.3,48.2,888.8,-88.8,-999.9,-88.8
1553,12.2,22.1,29.3,47.9,888.8,-88.8,-999.9,-88.8
1554,12,22.1,29.3,47.7,888.8,-88.8,-999.9,-88.8
1555,11.9,22.1,29.3,47.4,888.8,-88.8,-999.9,-88.8
1556,11.7,22.1,29.3,47,888.8,-88.8,-999.9,-88.8
1557,11.7,22.1,29.3,46.6,888.8,-88.8,-999.9,-88.8
1558,11.5,22.1,29.3,46.1,888.8,-88.8,-999.9,-88.8
1559,11.4,22.1,29.3,45.6,888.8,-88.8,-999.9,-88.8
1600,11.3,22.1,29.3,44.7,888.8,-88.8,-999.9,-88.8
1601,11.2,22.1,29.3,44.1,888.8,-88.8,-999.9,-88.8
1602,11.1,22.1,29.3,43.9,888.8,-88.8,-999.9,-88.8
1603,10.9,22.1,29.3,43.9,888.8,-88.8,-999.9,-88.8
1604,10.9,22.1,29.3,44.2,888.8,-88.8,-999.9,-88.8
1605,10.7,22.1,29.3,44.6,888.8,-88.8,-999.9,-88.8
1606,10.6,22.1,29.4,45.2,888.8,-88.8,-999.9,-88.8
1607,10.5,22.1,29.3,45.6,888.8,-88.8,-999.9,-88.8
1608,10.4,22.1,29.3,45.8,888.8,-88.8,-999.9,-88.8
1609,10.2,22.1,29.4,46.3,888.8,-88.8,-999.9,-88.8
1610,10.1,22.1,29.3,46.8,888.8,-88.8,-999.9,-88.8
1611,10,22.1,29.3,47.4,888.8,-88.8,-999.9,-88.8
1612,9.9,22.1,29.3,47.8,888.8,-88.8,-999.9,-88.8
1613,9.8,22.1,29.4,48.2,888.8,-88.8,-999.9,-88.8
1614,9.6,22.1,29.4,48.6,888.8,-88.8,-999.9,-88.8
1615,9.5,22.1,29.4,48.7,888.8,-88.8,-999.9,-88.8
1616,9.3,22.1,29.4,48.4,888.8,-88.8,-999.9,-88.8
1617,9.2,22.1,29.4,48.3,888.8,-88.8,-999.9,-88.8
1618,9.1,22.1,29.4,47.8,888.8,-88.8,-999.9,-88.8
1619,9,22.2,29.4,47.3,888.8,-88.8,-999.9,-88.8
1620,8.8,22.2,29.4,46.7,888.8,-88.8,-999.9,-88.8
1621,8.8,22.2,29.4,46.2,888.8,-88.8,-999.9,-88.8
1622,8.6,22.2,29.4,45.7,888.8,-88.8,-999.9,-88.8
1623,8.5,22.2,29.4,45.2,888.8,-88.8,-999.9,-88.8
1624,8.4,22.2,29.4,44.4,888.8,-88.8,-999.9,-88.8
1625,8.3,22.2,29.4,43.9,888.8,-88.8,-999.9,-88.8
1626,8.2,22.2,29.4,43.9,888.8,-88.8,-999.9,-88.8
1627,8.1,22.2,29.4,44.2,888.8,-88.8,-999.9,-88.8
1628,8,22.2,29.4,44.8,888.8,-88.8,-999.9,-88.8
1629,7.9,22.2,29.4,42.9,888.8,-88.8,-999.9,-88.8
1630,7.8,22.2,29.4,42.3,888.8,-88.8,-999.9,-88.8
1631,7.6,22.2,29.4,42.5,888.8,-88.8,-999.9,-88.8
1632,7.5,22.2,29.4,43.3,888.8,-88.8,-999.9,-88.8
1633,7.4,22.2,29.4,44.6,888.8,-88.8,-999.9,-88.8
1634,7.3,22.2,29.4,45.8,888.8,-88.8,-999.9,-88.8
1635,7.2,22.2,29.4,46.7,888.8,-88.8,-999.9,-88.8
1636,7.1,22.2,29.4,47.2,888.8,-88.8,-999.9,-88.8
1637,7,22.2,29.4,47.4,888.8,-88.8,-999.9,-88.8
1638,6.9,22.2,29.4,47.6,888.8,-88.8,-999.9,-88.8
1639,6.8,22.2,29.4,47.7,888.8,-88.8,-999.9,-88.8
1640,6.7,22.2,29.4,47.9,888.8,-88.8,-999.9,-88.8
1641,6.6,22.2,29.4,48.1,888.8,-88.8,-999.9,-88.8
1642,6.5,22.2,29.5,48.2,888.8,-88.8,-999.9,-88.8
1643,6.4,22.2,29.4,48.4,888.8,-88.8,-999.9,-88.8
1644,6.3,22.2,29.5,48.6,888.8,-88.8,-999.9,-88.8
1645,6.2,22.3,29.4,48.8,888.8,-88.8,-999.9,-88.8
1646,6.1,22.3,29.5,49.1,888.8,-88.8,-999.9,-88.8
1647,6,22.3,29.4,48.5,888.8,-88.8,-999.9,-88.8
1648,5.9,22.3,29.5,48.2,888.8,-88.8,-999.9,-88.8
1649,5.8,22.3,29.5,47.6,888.8,-88.8,-999.9,-88.8
1650,5.8,22.3,29.5,47,888.8,-88.8,-999.9,-88.8
1651,5.7,22.3,29.5,46.5,888.8,-88.8,-999.9,-88.8
1652,5.6,22.3,29.5,46,888.8,-88.8,-999.9,-88.8
1653,5.5,22.3,29.5,45.5,888.8,-88.8,-999.9,-88.8
1654,5.4,22.3,29.5,44.8,888.8,-88.8,-999.9,-88.8
1655,5.4,22.3,29.5,44.3,888.8,-88.8,-999.9,-88.8
1656,5.2,22.3,29.5,44.4,888.8,-88.8,-999.9,-88.8
1657,5.2,22.4,29.5,44.7,888.8,-88.8,-999.9,-88.8
1658,5.1,22.3,29.5,44.9,888.8,-88.8,-999.9,-88.8
1659,5,22.3,29.5,45.2,888.8,-88.8,-999.9,-88.8
1700,5,22.4,29.5,45.2,888.8,-88.8,-999.9,-88.8
1701,4.9,22.3,29.5,45.6,888.8,-88.8,-999.9,-88.8
1702,4.8,22.4,29.5,46,888.8,-88.8,-999.9,-88.8
1703,4.7,22.3,29.6,46.4,888.8,-88.8,-999.9,-88.8
1704,4.6,22.3,29.6,46.7,888.8,-88.8,-999.9,-88.8
1705,4.6,22.3,29.5,47,888.8,-88.8,-999.9,-88.8
1706,4.5,22.4,29.5,47.5,888.8,-88.8,-999.9,-88.8
1707,4.4,22.4,29.5,47.8,888.8,-88.8,-999.9,-88.8
1708,4.4,22.4,29.5,48.2,888.8,-88.8,-999.9,-88.8
1709,4.3,22.4,29.5,48,888.8,-88.8,-999.9,-88.8
1710,4.2,22.4,29.5,47.8,888.8,-88.8,-999.9,-88.8
1711,4.1,22.4,29.5,47.5,888.8,-88.8,-999.9,-88.8
1712,4.1,22.4,29.6,47,888.8,-88.8,-999.9,-88.8
1713,4,22.3,29.6,46.4,888.8,-88.8,-999.9,-88.8
1714,4,22.4,29.6,45.8,888.8,-88.8,-999.9,-88.8
1715,3.9,22.4,29.6,45.3,888.8,-88.8,-999.9,-88.8
1716,3.8,22.4,29.6,44.7,888.8,-88.8,-999.9,-88.8
1717,3.8,22.4,29.6,43.9,888.8,-88.8,-999.9,-88.8
1718,3.7,22.4,29.6,43.6,888.8,-88.8,-999.9,-88.8
1719,3.7,22.4,29.6,43.7,888.8,-88.8,-999.9,-88.8
1720,3.6,22.4,29.6,44,888.8,-88.8,-999.9,-88.8
1721,3.5,22.4,29.6,44.5,888.8,-88.8,-999.9,-88.8
1722,3.5,22.4,29.6,45.1,888.8,-88.8,-999.9,-88.8
1723,3.4,22.5,29.6,45.7,888.8,-88.8,-999.9,-88.8
1724,3.4,22.4,29.6,46.2,888.8,-88.8,-999.9,-88.8
1725,3.3,22.4,29.6,46.6,888.8,-88.8,-999.9,-88.8
1726,3.3,22.4,29.6,47,888.8,-88.8,-999.9,-88.8
1727,3.2,22.4,29.6,47.2,888.8,-88.8,-999.9,-88.8
1728,3.2,22.4,29.6,47.5,888.8,-88.8,-999.9,-88.8
1729,3.1,22.4,29.6,47.7,888.8,-88.8,-999.9,-88.8
1730,3,22.4,29.7,48.1,888.8,-88.8,-999.9,-88.8
1731,3,22.4,29.7,48.2,888.8,-88.8,-999.9,-88.8
1732,3,22.5,29.7,48,888.8,-88.8,-999.9,-88.8
1733,2.9,22.5,29.7,47.8,888.8,-88.8,-999.9,-88.8
1734,2.9,22.4,29.7,47.4,888.8,-88.8,-999.9,-88.8
1735,2.9,22.5,29.7,46.9,888.8,-88.8,-999.9,-88.8
1736,2.8,22.5,29.7,46.3,888.8,-88.8,-999.9,-88.8
1737,2.8,22.5,29.7,45.8,888.8,-88.8,-999.9,-88.8
1738,2.7,22.5,29.7,45.3,888.8,-88.8,-999.9,-88.8
1739,2.7,22.4,29.7,44.6,888.8,-88.8,-999.9,-88.8
1740,2.7,22.4,29.6,44,888.8,-88.8,-999.9,-88.8
1741,2.6,22.3,29.5,43.9,888.8,-88.8,-999.9,-88.8
1742,2.5,22.3,29.5,44.1,888.8,-88.8,-999.9,-88.8
1743,2.5,22.1,29.5,44.5,888.8,-88.8,-999.9,-88.8
1744,2.5,22.2,29.4,45,888.8,-88.8,-999.9,-88.8
1745,2.4,22.1,29.4,45.7,888.8,-88.8,-999.9,-88.8
1746,2.4,22.1,29.4,46.3,888.8,-88.8,-999.9,-88.8
1747,2.4,22.1,29.4,46.8,888.8,-88.8,-999.9,-88.8
1748,2.3,22.1,29.4,47.2,888.8,-88.8,-999.9,-88.8
1749,2.3,22,29.4,47.9,888.8,-88.8,-999.9,-88.8
1750,2.3,22.1,29.4,42.6,888.8,-88.8,-999.9,-88.8
1751,2.3,22,29.4,44.4,888.8,-88.8,-999.9,-88.8
1752,2.2,22,29.4,47.8,888.8,-88.8,-999.9,-88.8
1753,2.2,22,29.4,48.9,888.8,-88.8,-999.9,-88.8
1754,2.2,22,29.4,49.3,888.8,-88.8,-999.9,-88.8
1755,2.1,22,29.4,49.6,888.8,-88.8,-999.9,-88.8
1756,2.1,22,29.4,49.8,888.8,-88.8,-999.9,-88.8
1757,2.1,22,29.4,50,888.8,-88.8,-999.9,-88.8
1758,2.1,22,29.4,50.1,888.8,-88.8,-999.9,-88.8
1759,2,22,29.4,49.4,888.8,-88.8,-999.9,-88.8
1800,2,22,29.4,48.7,888.8,-88.8,-999.9,-88.8
1801,2,22,29.4,48.1,888.8,-88.8,-999.9,-88.8
1802,1.9,22,29.5,47.4,888.8,-88.8,-999.9,-88.8
1803,1.9,22,29.4,46.9,888.8,-88.8,-999.9,-88.8
1804,1.9,22.1,29.5,46.5,888.8,-88.8,-999.9,-88.8
1805,1.9,22.1,29.5,46.2,888.8,-88.8,-999.9,-88.8
1806,1.9,22.1,29.5,46.7,888.8,-88.8,-999.9,-88.8
1807,1.8,22,29.5,47,888.8,-88.8,-999.9,-88.8
1808,1.8,22.1,29.5,47.2,888.8,-88.8,-999.9,-88.8
1809,1.8,22.1,29.5,47.4,888.8,-88.8,-999.9,-88.8
1810,1.8,22.1,29.5,47.6,888.8,-88.8,-999.9,-88.8
1811,1.7,22.1,29.5,47.7,888.8,-88.8,-999.9,-88.8
1812,1.7,22.1,29.5,48.1,888.8,-88.8,-999.9,-88.8
1813,1.7,22.1,29.5,48.3,888.8,-88.8,-999.9,-88.8
1814,1.7,22.1,29.5,48.5,888.8,-88.8,-999.9,-88.8
1815,1.7,22.1,29.5,48.7,888.8,-88.8,-999.9,-88.8
1816,1.7,22.1,29.5,48.9,888.8,-88.8,-999.9,-88.8
1817,1.6,22.1,29.5,49.2,888.8,-88.8,-999.9,-88.8
1818,1.6,22.1,29.5,49.4,888.8,-88.8,-999.9,-88.8
1819,1.6,22.1,29.5,49.6,888.8,-88.8,-999.9,-88.8
1820,1.6,22,29.5,49.8,888.8,-88.8,-999.9,-88.8
1821,1.6,22.1,29.5,49.6,888.8,-88.8,-999.9,-88.8
1822,1.5,22.1,29.5,48.9,888.8,-88.8,-999.9,-88.8
1823,1.5,22.1,29.5,48.4,888.8,-88.8,-999.9,-88.8
1824,1.5,22.1,29.5,47.9,888.8,-88.8,-999.9,-88.8
1825,1.5,22.1,29.5,47.5,888.8,-88.8,-999.9,-88.8
1826,1.5,22,29.5,47,888.8,-88.8,-999.9,-88.8
1827,1.5,22,29.5,46.7,888.8,-88.8,-999.9,-88.8
1828,1.5,22,29.5,46.6,888.8,-88.8,-999.9,-88.8
1829,1.4,22,29.5,46.8,888.8,-88.8,-999.9,-88.8
1830,1.4,22,29.5,47.2,888.8,-88.8,-999.9,-88.8
1831,1.4,22,29.5,47.4,888.8,-88.8,-999.9,-88.8
1832,1.4,22,29.5,47.5,888.8,-88.8,-999.9,-88.8
1833,1.4,22,29.5,47.8,888.8,-88.8,-999.9,-88.8
1834,1.4,22,29.5,47.9,888.8,-88.8,-999.9,-88.8
1835,1.4,22,29.5,48.1,888.8,-88.8,-999.9,-88.8
1836,1.3,22,29.5,48.5,888.8,-88.8,-999.9,-88.8
1837,1.3,22,29.5,48.7,888.8,-88.8,-999.9,-88.8
1838,1.3,22,29.5,48.8,888.8,-88.8,-999.9,-88.8
1839,1.3,22.1,29.5,49.1,888.8,-88.8,-999.9,-88.8
1840,1.3,22,29.5,49.3,888.8,-88.8,-999.9,-88.8
1841,1.3,21.9,29.4,49.6,888.8,-88.8,-999.9,-88.8
1842,1.3,21.9,29.4,49.8,888.8,-88.8,-999.9,-88.8
1843,1.3,21.9,29.4,50,888.8,-88.8,-999.9,-88.8
1844,1.3,21.8,29.4,50.2,888.8,-88.8,-999.9,-88.8
1845,1.3,21.9,29.4,49.6,888.8,-88.8,-999.9,-88.8
1846,1.3,21.8,29.4,49,888.8,-88.8,-999.9,-88.8
1847,1.2,21.8,29.4,48.5,888.8,-88.8,-999.9,-88.8
1848,1.2,21.8,29.4,48.1,888.8,-88.8,-999.9,-88.8
1849,1.3,21.8,29.4,47.6,888.8,-88.8,-999.9,-88.8
1850,1.2,21.8,29.4,47.2,888.8,-88.8,-999.9,-88.8
1851,1.2,21.8,29.4,46.9,888.8,-88.8,-999.9,-88.8
1852,1.2,21.7,29.4,46.7,888.8,-88.8,-999.9,-88.8
1853,1.2,21.7,29.4,46.8,888.8,-88.8,-999.9,-88.8
1854,1.2,21.7,29.4,47.2,888.8,-88.8,-999.9,-88.8
1855,1.2,21.6,29.3,47.2,888.8,-88.8,-999.9,-88.8
1856,1.2,21.6,29.4,47.4,888.8,-88.8,-999.9,-88.8
1857,1.2,21.6,29.4,47.5,888.8,-88.8,-999.9,-88.8
1858,1.2,21.6,29.3,47.8,888.8,-88.8,-999.9,-88.8
1859,1.2,21.6,29.3,48,888.8,-88.8,-999.9,-88.8
1900,1.2,21.6,29.3,48.3,888.8,-88.8,-999.9,-88.8
1901,1.1,21.6,29.3,48.5,888.8,-88.8,-999.9,-88.8
1902,1.1,21.5,29.3,48.8,888.8,-88.8,-999.9,-88.8
1903,1.1,21.5,29.3,49,888.8,-88.8,-999.9,-88.8
1904,1.1,21.5,29.2,49.2,888.8,-88.8,-999.9,-88.8
1905,1.1,21.4,29.2,49.5,888.8,-88.8,-999.9,-88.8
1906,1.1,21.5,29.2,49.7,888.8,-88.8,-999.9,-88.8
1907,1.1,21.4,29.2,49.9,888.8,-88.8,-999.9,-88.8
1908,1.1,21.4,29.2,50.1,888.8,-88.8,-999.9,-88.8
1909,1.1,21.4,29.2,50.3,888.8,-88.8,-999.9,-88.8
1910,1.1,21.3,29.2,49.7,888.8,-88.8,-999.9,-88.8
1911,1.1,21.3,29.2,49.1,888.8,-88.8,-999.9,-88.8
1912,1,21.3,29.2,48.6,888.8,-88.8,-999.9,-88.8
1913,1.1,21.3,29.2,48.2,888.8,-88.8,-999.9,-88.8
1914,1,21.3,29.3,47.7,888.8,-88.8,-999.9,-88.8
1915,1,21.4,29.2,47.3,888.8,-88.8,-999.9,-88.8
1916,1,21.3,29.2,47,888.8,-88.8,-999.9,-88.8
1917,1,21.4,29.2,46.7,888.8,-88.8,-999.9,-88.8
1918,1,21.4,29.2,46.6,888.8,-88.8,-999.9,-88.8
1919,1,21.4,29.3,47,888.8,-88.8,-999.9,-88.8
1920,1,21.3,29.3,47.1,888.8,-88.8,-999.9,-88.8
1921,1,21.4,29.3,47.2,888.8,-88.8,-999.9,-88.8
1922,1,21.3,29.3,47.4,888.8,-88.8,-999.9,-88.8
1923,1,21.4,29.3,47.6,888.8,-88.8,-999.9,-88.8
1924,1,21.4,29.3,47.8,888.8,-88.8,-999.9,-88.8
1925,1,21.4,29.3,48.1,888.8,-88.8,-999.9,-88.8
1926,0.9,21.4,29.3,48.4,888.8,-88.8,-999.9,-88.8
1927,1,21.4,29.3,48.7,888.8,-88.8,-999.9,-88.8
1928,1,21.4,29.3,48.9,888.8,-88.8,-999.9,-88.8
1929,0.9,21.5,29.3,49.1,888.8,-88.8,-999.9,-88.8
1930,0.9,21.4,29.3,49.4,888.8,-88.8,-999.9,-88.8
1931,0.9,21.5,29.3,49.6,888.8,-88.8,-999.9,-88.8
1932,0.9,21.4,29.3,49.8,888.8,-88.8,-999.9,-88.8
1933,0.9,21.5,29.4,49.2,888.8,-88.8,-999.9,-88.8
1934,0.9,21.5,29.4,48.7,888.8,-88.8,-999.9,-88.8
1935,0.9,21.5,29.4,48.2,888.8,-88.8,-999.9,-88.8
1936,0.9,21.5,29.4,47.8,888.8,-88.8,-999.9,-88.8
1937,0.9,21.5,29.4,47.4,888.8,-88.8,-999.9,-88.8
1938,0.9,21.5,29.4,47,888.8,-88.8,-999.9,-88.8
1939,0.9,21.5,29.4,46.7,888.8,-88.8,-999.9,-88.8
1940,0.9,21.5,29.4,46.4,888.8,-88.8,-999.9,-88.8
1941,0.9,21.5,29.4,46.7,888.8,-88.8,-999.9,-88.8
1942,0.9,21.5,29.4,47,888.8,-88.8,-999.9,-88.8
1943,0.9,21.5,29.4,47.1,888.8,-88.8,-999.9,-88.8
1944,0.9,21.5,29.4,47.2,888.8,-88.8,-999.9,-88.8
1945,0.9,21.5,29.5,47.4,888.8,-88.8,-999.9,-88.8
1946,0.9,21.5,29.4,47.6,888.8,-88.8,-999.9,-88.8
1947,0.9,21.5,29.4,47.8,888.8,-88.8,-999.9,-88.8
1948,0.9,21.5,29.4,48.1,888.8,-88.8,-999.9,-88.8
1949,0.9,21.6,29.4,48.4,888.8,-88.8,-999.9,-88.8
1950,0.9,21.5,29.4,48.7,888.8,-88.8,-999.9,-88.8
1951,0.9,21.6,29.5,48.9,888.8,-88.8,-999.9,-88.8
1952,0.9,21.6,29.5,49.1,888.8,-88.8,-999.9,-88.8
1953,0.9,21.6,29.5,49.4,888.8,-88.8,-999.9,-88.8
1954,0.9,21.6,29.5,49.6,888.8,-88.8,-999.9,-88.8
1955,0.9,21.6,29.5,49.7,888.8,-88.8,-999.9,-88.8
1956,0.9,21.6,29.5,48.9,888.8,-88.8,-999.9,-88.8
1957,0.9,21.6,29.5,48.5,888.8,-88.8,-999.9,-88.8
1958,0.9,21.6,29.5,48.1,888.8,-88.8,-999.9,-88.8
1959,0.9,21.6,29.5,47.7,888.8,-88.8,-999.9,-88.8
2000,0.9,21.6,29.5,47.3,888.8,-88.8,-999.9,-88.8
2001,0.9,21.6,29.5,46.9,888.8,-88.8,-999.9,-88.8
2002,0.9,21.7,29.5,46.6,888.8,-88.8,-999.9,-88.8
2003,0.9,21.7,29.5,46.6,888.8,-88.8,-999.9,-88.8
2004,0.9,21.7,29.5,46.9,888.8,-88.8,-999.9,-88.8
2005,0.9,21.6,29.5,46.9,888.8,-88.8,-999.9,-88.8
2006,0.9,21.7,29.5,48.5,888.8,-88.8,-999.9,-88.8
2007,0.9,21.7,29.5,49,888.8,-88.8,-999.9,-88.8
2008,1,21.7,29.5,49.3,888.8,-88.8,-999.9,-88.8
2009,1,21.7,29.6,49.7,888.8,-88.8,-999.9,-88.8
2010,1,21.7,29.6,50,888.8,-88.8,-999.9,-88.8
2011,1,21.7,29.6,48.9,888.8,-88.8,-999.9,-88.8
2012,1,21.7,29.6,48.5,888.8,-88.8,-999.9,-88.8
2013,1,21.7,29.6,48.1,888.8,-88.8,-999.9,-88.8
2014,1,21.8,29.6,47.6,888.8,-88.8,-999.9,-88.8
2015,1,21.7,29.6,47.2,888.8,-88.8,-999.9,-88.8
2016,1,21.7,29.6,46.8,888.8,-88.8,-999.9,-88.8
2017,1,21.8,29.6,46.6,888.8,-88.8,-999.9,-88.8
2018,1,21.8,29.5,46.6,888.8,-88.8,-999.9,-88.8
2019,1,21.8,29.6,47.5,888.8,-88.8,-999.9,-88.8
2020,1,21.8,29.7,48.1,888.8,-88.8,-999.9,-88.8
2021,1,21.8,29.6,48.5,888.8,-88.8,-999.9,-88.8
2022,1,21.8,29.7,49,888.8,-88.8,-999.9,-88.8
2023,1,21.8,29.7,49.5,888.8,-88.8,-999.9,-88.8
2024,1,21.8,29.7,49.9,888.8,-88.8,-999.9,-88.8
2025,1,21.8,29.7,49.8,888.8,-88.8,-999.9,-88.8
2026,1,21.8,29.7,48.9,888.8,-88.8,-999.9,-88.8
2027,1,21.8,29.7,48.5,888.8,-88.8,-999.9,-88.8
2028,1,21.8,29.7,48.1,888.8,-88.8,-999.9,-88.8
2029,1.1,21.8,29.7,47.6,888.8,-88.8,-999.9,-88.8
2030,1.1,21.8,29.7,47.2,888.8,-88.8,-999.9,-88.8
2031,1.1,21.8,29.7,46.8,888.8,-88.8,-999.9,-88.8
2032,1.1,21.8,29.7,46.5,888.8,-88.8,-999.9,-88.8
2033,1.1,21.8,29.7,46.6,888.8,-88.8,-999.9,-88.8
2034,1.1,21.9,29.7,47.4,888.8,-88.8,-999.9,-88.8
2035,1.1,21.8,29.7,48,888.8,-88.8,-999.9,-88.8
2036,1.1,21.9,29.7,48.5,888.8,-88.8,-999.9,-88.8
2037,1.1,21.8,29.7,49,888.8,-88.8,-999.9,-88.8
2038,1.1,21.9,29.8,49.5,888.8,-88.8,-999.9,-88.8
2039,1.1,21.9,29.8,49.9,888.8,-88.8,-999.9,-88.8
2040,1.1,21.9,29.7,50.3,888.8,-88.8,-999.9,-88.8
2041,1.1,21.9,29.8,49.2,888.8,-88.8,-999.9,-88.8
2042,1.1,21.9,29.8,48.7,888.8,-88.8,-999.9,-88.8
2043,1.2,21.9,29.8,48.3,888.8,-88.8,-999.9,-88.8
2044,1.1,21.9,29.8,47.9,888.8,-88.8,-999.9,-88.8
2045,1.2,21.9,29.8,47.4,888.8,-88.8,-999.9,-88.8
2046,1.2,21.9,29.8,47,888.8,-88.8,-999.9,-88.8
2047,1.2,22,29.8,46.7,888.8,-88.8,-999.9,-88.8
2048,1.2,21.9,29.8,46.6,888.8,-88.8,-999.9,-88.8
2049,1.2,21.9,29.8,47.4,888.8,-88.8,-999.9,-88.8
2050,1.2,21.9,29.8,48,888.8,-88.8,-999.9,-88.8
2051,1.2,22,29.9,48.5,888.8,-88.8,-999.9,-88.8
2052,1.2,21.9,29.8,48.9,888.8,-88.8,-999.9,-88.8
2053,1.2,22,29.9,49.3,888.8,-88.8,-999.9,-88.8
2054,1.2,22,29.9,49.9,888.8,-88.8,-999.9,-88.8
2055,1.2,22,29.9,50.3,888.8,-88.8,-999.9,-88.8
2056,1.2,22,29.9,50,888.8,-88.8,-999.9,-88.8
2057,1.2,22,29.9,49.1,888.8,-88.8,-999.9,-88.8
2058,1.2,22,29.9,48.7,888.8,-88.8,-999.9,-88.8
2059,1.3,22,29.9,48.2,888.8,-88.8,-999.9,-88.8
2100,1.3,22,29.9,47.7,888.8,-88.8,-999.9,-88.8
2101,1.3,22,29.9,47.2,888.8,-88.8,-999.9,-88.8
2102,1.3,22,29.9,46.9,888.8,-88.8,-999.9,-88.8
2103,1.3,22,29.9,46.6,888.8,-88.8,-999.9,-88.8
2104,1.3,22.1,29.9,46.8,888.8,-88.8,-999.9,-88.8
2105,1.3,22.1,29.9,44.6,888.8,-88.8,-999.9,-88.8
2106,1.3,22.1,29.9,43.7,888.8,-88.8,-999.9,-88.8
2107,1.3,22.1,29.9,43.9,888.8,-88.8,-999.9,-88.8
2108,1.3,22.1,30,44.2,888.8,-88.8,-999.9,-88.8
2109,1.3,22.1,29.9,45.1,888.8,-88.8,-999.9,-88.8
2110,1.3,22.1,30,45.2,888.8,-88.8,-999.9,-88.8
2111,1.3,22.1,30,45,888.8,-88.8,-999.9,-88.8
2112,1.3,22.1,30,44.8,888.8,-88.8,-999.9,-88.8
2113,1.3,22.1,30,44.4,888.8,-88.8,-999.9,-88.8
2114,1.3,22.1,30,44.1,888.8,-88.8,-999.9,-88.8
2115,1.3,22.1,30,43.8,888.8,-88.8,-999.9,-88.8
2116,1.4,22.1,30,44.1,888.8,-88.8,-999.9,-88.8
2117,1.4,22.1,30,43.9,888.8,-88.8,-999.9,-88.8
2118,1.4,22.1,30,43.6,888.8,-88.8,-999.9,-88.8
2119,1.4,22.1,30,43.3,888.8,-88.8,-999.9,-88.8
2120,1.4,22.1,30,43.1,888.8,-88.8,-999.9,-88.8
2121,1.4,22.1,30,42.9,888.8,-88.8,-999.9,-88.8
2122,1.4,22.2,30,42.7,888.8,-88.8,-999.9,-88.8
2123,1.5,22.1,30,42.5,888.8,-88.8,-999.9,-88.8
2124,1.4,22.2,30,42.1,888.8,-88.8,-999.9,-88.8
2125,1.4,22.2,30,41.4,888.8,-88.8,-999.9,-88.8
2126,1.4,22.2,30,41.4,888.8,-88.8,-999.9,-88.8
2127,1.4,22.2,30,42.6,888.8,-88.8,-999.9,-88.8
2128,1.5,22.2,30.1,43.5,888.8,-88.8,-999.9,-88.8
2129,1.5,22.2,30.1,43.5,888.8,-88.8,-999.9,-88.8
2130,1.5,22.2,30.1,43.5,888.8,-88.8,-999.9,-88.8
2131,1.5,22.2,30.1,43.2,888.8,-88.8,-999.9,-88.8
2132,1.5,22.2,30.1,42.9,888.8,-88.8,-999.9,-88.8
2133,1.5,22.2,30.1,42.7,888.8,-88.8,-999.9,-88.8
2134,1.5,22.2,30.1,42.5,888.8,-88.8,-999.9,-88.8
2135,1.5,22.2,30.1,41.8,888.8,-88.8,-999.9,-88.8
2136,1.5,22.2,30.1,41.7,888.8,-88.8,-999.9,-88.8
2137,1.5,22.2,30.2,42.4,888.8,-88.8,-999.9,-88.8
2138,1.5,22.2,30.1,43.3,888.8,-88.8,-999.9,-88.8
2139,1.5,22.1,30.1,44.4,888.8,-88.8,-999.9,-88.8
2140,1.5,22.1,30,45.5,888.8,-88.8,-999.9,-88.8
2141,1.6,22.1,29.9,46.1,888.8,-88.8,-999.9,-88.8
2142,1.6,22,29.9,47.2,888.8,-88.8,-999.9,-88.8
2143,1.6,21.9,29.8,47.3,888.8,-88.8,-999.9,-88.8
2144,1.6,21.8,29.7,47,888.8,-88.8,-999.9,-88.8
2145,1.6,21.7,29.7,47.1,888.8,-88.8,-999.9,-88.8
2146,1.6,21.6,29.7,46.8,888.8,-88.8,-999.9,-88.8
2147,1.6,21.5,29.6,46.5,888.8,-88.8,-999.9,-88.8
2148,1.6,21.4,29.5,46.2,888.8,-88.8,-999.9,-88.8
2149,1.6,21.3,29.5,45.4,888.8,-88.8,-999.9,-88.8
2150,1.6,21.3,29.5,45,888.8,-88.8,-999.9,-88.8
2151,1.6,21.2,29.4,44.4,888.8,-88.8,-999.9,-88.8
2152,1.6,21.2,29.4,43.9,888.8,-88.8,-999.9,-88.8
2153,1.6,21.1,29.4,43.4,888.8,-88.8,-999.9,-88.8
2154,1.6,21.1,29.4,42.9,888.8,-88.8,-999.9,-88.8
2155,1.6,21,29.4,41.9,888.8,-88.8,-999.9,-88.8
2156,1.6,21.1,29.4,41.8,888.8,-88.8,-999.9,-88.8
2157,1.6,21,29.3,42.2,888.8,-88.8,-999.9,-88.8
2158,1.7,20.9,29.3,43,888.8,-88.8,-999.9,-88.8
2159,1.7,20.9,29.3,44.1,888.8,-88.8,-999.9,-88.8
2200,1.7,20.9,29.3,45.1,888.8,-88.8,-999.9,-88.8
2201,1.7,20.9,29.3,46.1,888.8,-88.8,-999.9,-88.8
2202,1.7,20.9,29.3,46.6,888.8,-88.8,-999.9,-88.8
2203,1.7,20.9,29.3,47,888.8,-88.8,-999.9,-88.8
2204,1.7,20.9,29.3,46.9,888.8,-88.8,-999.9,-88.8
2205,1.7,20.9,29.3,46.3,888.8,-88.8,-999.9,-88.8
2206,1.7,20.9,29.3,42,888.8,-88.8,-999.9,-88.8
2207,1.7,20.9,29.4,41.4,888.8,-88.8,-999.9,-88.8
2208,1.7,20.9,29.4,42,888.8,-88.8,-999.9,-88.8
2209,1.7,20.9,29.4,42.3,888.8,-88.8,-999.9,-88.8
2210,1.7,20.9,29.4,42.4,888.8,-88.8,-999.9,-88.8
2211,1.7,20.9,29.4,42.3,888.8,-88.8,-999.9,-88.8
2212,1.8,20.9,29.4,40.6,888.8,-88.8,-999.9,-88.8
2213,1.7,20.9,29.4,39,888.8,-88.8,-999.9,-88.8
2214,1.8,21,29.4,37.7,888.8,-88.8,-999.9,-88.8
2215,1.8,20.9,29.4,36.6,888.8,-88.8,-999.9,-88.8
2216,1.8,20.9,29.4,35.6,888.8,-88.8,-999.9,-88.8
2217,1.8,20.9,29.4,34.7,888.8,-88.8,-999.9,-88.8
2218,1.8,20.9,29.4,34,888.8,-88.8,-999.9,-88.8
2219,1.8,20.9,29.4,33.3,888.8,-88.8,-999.9,-88.8
2220,1.8,20.9,29.4,32.8,888.8,-88.8,-999.9,-88.8
2221,1.8,20.9,29.5,32.5,888.8,-88.8,-999.9,-88.8
2222,1.8,20.9,29.5,32,888.8,-88.8,-999.9,-88.8
2223,1.8,20.9,29.5,31.5,888.8,-88.8,-999.9,-88.8
2224,1.8,20.9,29.5,31.2,888.8,-88.8,-999.9,-88.8
2225,1.8,20.9,29.5,30.8,888.8,-88.8,-999.9,-88.8
2226,1.9,20.9,29.5,30.6,888.8,-88.8,-999.9,-88.8
2227,1.9,20.9,29.5,30.3,888.8,-88.8,-999.9,-88.8
2228,1.9,20.9,29.5,30,888.8,-88.8,-999.9,-88.8
2229,1.9,20.9,29.5,29.7,888.8,-88.8,-999.9,-88.8
2230,1.9,20.9,29.5,29.7,888.8,-88.8,-999.9,-88.8
2231,1.9,20.9,29.5,29.5,888.8,-88.8,-999.9,-88.8
2232,1.9,21,29.5,29.2,888.8,-88.8,-999.9,-88.8
2233,1.9,21,29.5,29,888.8,-88.8,-999.9,-88.8
2234,1.9,21,29.5,28.9,888.8,-88.8,-999.9,-88.8
2235,1.9,21,29.5,28.7,888.8,-88.8,-999.9,-88.8
2236,1.9,21,29.5,28.6,888.8,-88.8,-999.9,-88.8
2237,1.9,20.9,29.6,28.4,888.8,-88.8,-999.9,-88.8
2238,1.9,21,29.5,28.3,888.8,-88.8,-999.9,-88.8
2239,2,21,29.6,28.2,888.8,-88.8,-999.9,-88.8
2240,2,21,29.6,28,888.8,-88.8,-999.9,-88.8
2241,2,21,29.6,27.9,888.8,-88.8,-999.9,-88.8
2242,2,21,29.6,27.8,888.8,-88.8,-999.9,-88.8
2243,2,21,29.6,27.7,888.8,-88.8,-999.9,-88.8
2244,2,21,29.6,27.6,888.8,-88.8,-999.9,-88.8
2245,2.1,21,29.6,27.5,888.8,-88.8,-999.9,-88.8
2246,2,21,29.6,27.4,888.8,-88.8,-999.9,-88.8
2247,2,21,29.6,27.3,888.8,-88.8,-999.9,-88.8
2248,2,21,29.6,27.2,888.8,-88.8,-999.9,-88.8
2249,2.1,21,29.6,27,888.8,-88.8,-999.9,-88.8
2250,2.1,21,29.6,26.9,888.8,-88.8,-999.9,-88.8
2251,2.1,21,29.7,26.8,888.8,-88.8,-999.9,-88.8
2252,2.1,21,29.7,26.7,888.8,-88.8,-999.9,-88.8
2253,2.1,21,29.7,26.6,888.8,-88.8,-999.9,-88.8
2254,2.1,21.1,29.6,26.5,888.8,-88.8,-999.9,-88.8
2255,2.1,21,29.7,26.4,888.8,-88.8,-999.9,-88.8
2256,2.1,21,29.7,26.3,888.8,-88.8,-999.9,-88.8
2257,2.1,21,29.7,26.2,888.8,-88.8,-999.9,-88.8
2258,2.1,21.1,29.7,26.1,888.8,-88.8,-999.9,-88.8
2259,2.1,21.1,29.7,26.1,888.8,-88.8,-999.9,-88.8
2300,2.1,21.1,29.7,26,888.8,-88.8,-999.9,-88.8
2301,2.1,21.1,29.7,25.9,888.8,-88.8,-999.9,-88.8
2302,2.1,21.1,29.7,25.8,888.8,-88.8,-999.9,-88.8
2303,2.1,21.1,29.7,25.7,888.8,-88.8,-999.9,-88.8
2304,2.1,21.1,29.7,25.6,888.8,-88.8,-999.9,-88.8
2305,2.2,21.1,29.7,25.6,888.8,-88.8,-999.9,-88.8
2306,2.2,21.1,29.7,25.5,888.8,-88.8,-999.9,-88.8
2307,2.2,21.1,29.7,25.4,888.8,-88.8,-999.9,-88.8
2308,2.2,21.1,29.7,25.3,888.8,-88.8,-999.9,-88.8
2309,2.2,21.1,29.7,25.3,888.8,-88.8,-999.9,-88.8
2310,2.2,21.1,29.7,25.2,888.8,-88.8,-999.9,-88.8
2311,2.2,21.1,29.7,25.1,888.8,-88.8,-999.9,-88.8
2312,2.2,21.1,29.7,25,888.8,-88.8,-999.9,-88.8
2313,2.2,21.1,29.7,25,888.8,-88.8,-999.9,-88.8
2314,2.2,21.1,29.7,24.9,888.8,-88.8,-999.9,-88.8
2315,2.2,21.1,29.8,24.8,888.8,-88.8,-999.9,-88.8
2316,2.2,21.1,29.8,24.7,888.8,-88.8,-999.9,-88.8
2317,2.3,21.1,29.7,24.7,888.8,-88.8,-999.9,-88.8
2318,2.2,21.2,29.7,24.6,888.8,-88.8,-999.9,-88.8
2319,2.2,21.1,29.7,24.5,888.8,-88.8,-999.9,-88.8
2320,2.3,21.2,29.8,24.5,888.8,-88.8,-999.9,-88.8
2321,2.2,21.2,29.8,24.4,888.8,-88.8,-999.9,-88.8
2322,2.3,21.2,29.8,24.3,888.8,-88.8,-999.9,-88.8
2323,2.3,21.2,29.8,24.2,888.8,-88.8,-999.9,-88.8
2324,2.3,21.2,29.8,24.2,888.8,-88.8,-999.9,-88.8
2325,2.3,21.2,29.8,24.1,888.8,-88.8,-999.9,-88.8
2326,2.3,21.2,29.8,24,888.8,-88.8,-999.9,-88.8
2327,2.3,21.2,29.8,24,888.8,-88.8,-999.9,-88.8
2328,2.3,21.2,29.8,24,888.8,-88.8,-999.9,-88.8
2329,2.3,21.2,29.8,23.9,888.8,-88.8,-999.9,-88.8
2330,2.3,21.2,29.8,23.8,888.8,-88.8,-999.9,-88.8
2331,2.3,21.2,29.9,23.7,888.8,-88.8,-999.9,-88.8
2332,2.3,21.2,29.9,23.7,888.8,-88.8,-999.9,-88.8
2333,2.3,21.2,29.9,23.6,888.8,-88.8,-999.9,-88.8
2334,2.4,21.2,29.9,23.6,888.8,-88.8,-999.9,-88.8
2335,2.3,21.2,29.9,23.5,888.8,-88.8,-999.9,-88.8
2336,2.3,21.2,29.9,23.4,888.8,-88.8,-999.9,-88.8
2337,2.3,21.2,29.9,23.4,888.8,-88.8,-999.9,-88.8
2338,2.4,21.2,29.9,23.3,888.8,-88.8,-999.9,-88.8
2339,2.4,21.2,29.9,23.3,888.8,-88.8,-999.9,-88.8
2340,2.4,21.2,29.9,23.2,888.8,-88.8,-999.9,-88.8
2341,2.4,21.3,29.9,23.1,888.8,-88.8,-999.9,-88.8
2342,2.4,21.3,29.9,23.1,888.8,-88.8,-999.9,-88.8
2343,2.4,21.2,29.9,23.1,888.8,-88.8,-999.9,-88.8
2344,2.4,21.2,29.9,23,888.8,-88.8,-999.9,-88.8
2345,2.4,21.3,29.9,22.9,888.8,-88.8,-999.9,-88.8
2346,2.4,21.3,29.9,22.9,888.8,-88.8,-999.9,-88.8
2347,2.4,21.3,29.9,22.8,888.8,-88.8,-999.9,-88.8
2348,2.4,21.3,29.9,22.8,888.8,-88.8,-999.9,-88.8
2349,2.4,21.3,29.9,22.7,888.8,-88.8,-999.9,-88.8
2350,2.4,21.3,29.9,22.7,888.8,-88.8,-999.9,-88.8
2351,2.4,21.3,29.9,22.7,888.8,-88.8,-999.9,-88.8
2352,2.4,21.3,29.9,22.6,888.8,-88.8,-999.9,-88.8
2353,2.4,21.3,29.9,22.5,888.8,-88.8,-999.9,-88.8
2354,2.4,21.3,29.9,22.5,888.8,-88.8,-999.9,-88.8
2355,2.5,21.3,29.9,22.4,888.8,-88.8,-999.9,-88.8
2356,2.5,21.3,29.9,22.4,888.8,-88.8,-999.9,-88.8
2357,2.5,21.3,29.9,22.4,888.8,-88.8,-999.9,-88.8
2358,2.5,21.3,29.9,22.3,888.8,-88.8,-999.9,-88.8
2359,2.5,21.3,30,22.3,888.8,-88.8,-999.9,-88.8