0,-4.7,36.3,48.3,24.6,888.8,-88.8,-999.9,-88.8
1,-4.7,36.3,48.2,24.6,888.8,-88.8,-999.9,-88.8
2,-4.7,36.3,48.1,24.7,888.8,-88.8,-999.9,-88.8
3,-4.7,36.2,48.1,24.7,888.8,-88.8,-999.9,-88.8
4,-4.8,36.2,48.1,24.7,888.8,-88.8,-999.9,-88.8
5,-4.8,36.3,48.1,24.8,888.8,-88.8,-999.9,-88.8
6,-4.8,36.2,48,24.8,888.8,-88.8,-999.9,-88.8
7,-4.8,36.2,48,24.9,888.8,-88.8,-999.9,-88.8
8,-4.8,36.2,47.9,24.9,888.8,-88.8,-999.9,-88.8
9,-4.8,36.2,47.9,25,888.8,-88.8,-999.9,-88.8
10,-4.9,36.2,47.8,25.4,888.8,-88.8,-999.9,-88.8
11,-4.8,36.2,47.8,25.6,888.8,-88.8,-999.9,-88.8
12,-4.9,36.2,47.8,25.7,888.8,-88.8,-999.9,-88.8
13,-4.9,36.2,47.8,25.7,888.8,-88.8,-999.9,-88.8
14,-4.9,36.1,47.7,25.8,888.8,-88.8,-999.9,-88.8
15,-4.9,36.2,47.7,25.8,888.8,-88.8,-999.9,-88.8
16,-4.9,36.1,47.6,25.9,888.8,-88.8,-999.9,-88.8
17,-4.9,36.1,47.6,25.9,888.8,-88.8,-999.9,-88.8
18,-4.9,36.1,47.6,25.9,888.8,-88.8,-999.9,-88.8
19,-4.9,36.1,47.5,26,888.8,-88.8,-999.9,-88.8
20,-4.9,36.1,47.6,26,888.8,-88.8,-999.9,-88.8
21,-4.9,36.1,47.6,26.1,888.8,-88.8,-999.9,-88.8
22,-4.9,36.1,47.5,26.1,888.8,-88.8,-999.9,-88.8
23,-4.9,36.1,47.5,26.2,888.8,-88.8,-999.9,-88.8
24,-4.9,36.1,47.4,26.2,888.8,-88.8,-999.9,-88.8
25,-4.9,36.1,47.4,26.2,888.8,-88.8,-999.9,-88.8
26,-4.9,36.1,47.4,26.3,888.8,-88.8,-999.9,-88.8
27,-4.9,36.1,47.3,26.3,888.8,-88.8,-999.9,-88.8
28,-4.9,36.1,47.3,26.3,888.8,-88.8,-999.9,-88.8
29,-4.9,36.1,47.3,26.3,888.8,-88.8,-999.9,-88.8
30,-4.9,36.1,47.3,26.4,888.8,-88.8,-999.9,-88.8
31,-4.9,36.1,47.2,26.4,888.8,-88.8,-999.9,-88.8
32,-4.9,36.1,47.2,26.4,888.8,-88.8,-999.9,-88.8
33,-4.9,36.1,47.2,26.3,888.8,-88.8,-999.9,-88.8
34,-4.9,36.1,47.2,26.3,888.8,-88.8,-999.9,-88.8
35,-4.8,36.1,47.1,26.3,888.8,-88.8,-999.9,-88.8
36,-4.8,36.1,47.1,26.3,888.8,-88.8,-999.9,-88.8
37,-4.8,36.1,47.1,26.3,888.8,-88.8,-999.9,-88.8
38,-4.8,36.1,47.1,26.3,888.8,-88.8,-999.9,-88.8
39,-4.8,36.1,47,26.3,888.8,-88.8,-999.9,-88.8
40,-4.8,36.1,47,26.3,888.8,-88.8,-999.9,-88.8
41,-4.8,36.1,47,26.3,888.8,-88.8,-999.9,-88.8
42,-4.8,36.2,47,26.3,888.8,-88.8,-999.9,-88.8
43,-4.8,36.1,46.9,26.3,888.8,-88.8,-999.9,-88.8
44,-4.8,36.2,46.9,26.3,888.8,-88.8,-999.9,-88.8
45,-4.8,36.1,46.9,26.2,888.8,-88.8,-999.9,-88.8
46,-4.8,36.1,46.8,26.4,888.8,-88.8,-999.9,-88.8
47,-4.8,36.1,46.8,26.3,888.8,-88.8,-999.9,-88.8
48,-4.8,36.1,46.8,26.3,888.8,-88.8,-999.9,-88.8
49,-4.8,36.1,46.8,26.3,888.8,-88.8,-999.9,-88.8
50,-4.8,36.1,46.8,26.3,888.8,-88.8,-999.9,-88.8
51,-4.7,36.1,46.7,26.3,888.8,-88.8,-999.9,-88.8
52,-4.7,36.1,46.7,26.2,888.8,-88.8,-999.9,-88.8
53,-4.7,36.1,46.6,26.3,888.8,-88.8,-999.9,-88.8
54,-4.7,36.1,46.6,26.3,888.8,-88.8,-999.9,-88.8
55,-4.7,36.1,46.6,26.3,888.8,-88.8,-999.9,-88.8
56,-4.7,36.1,46.6,26.3,888.8,-88.8,-999.9,-88.8
57,-4.7,36.1,46.6,26.3,888.8,-88.8,-999.9,-88.8
58,-4.7,36.1,46.6,26.3,888.8,-88.8,-999.9,-88.8
59,-4.7,36.1,46.5,26.3,888.8,-88.8,-999.9,-88.8
100,-4.7,36.1,46.5,26.3,888.8,-88.8,-999.9,-88.8
101,-4.7,36.1,46.4,26.3,888.8,-88.8,-999.9,-88.8
102,-4.7,36.1,46.4,26.3,888.8,-88.8,-999.9,-88.8
103,-4.7,36.1,46.4,26.3,888.8,-88.8,-999.9,-88.8
104,-4.6,36.1,46.4,26.3,888.8,-88.8,-999.9,-88.8
105,-4.6,36.1,46.4,26.3,888.8,-88.8,-999.9,-88.8
106,-4.6,36.1,46.4,26.3,888.8,-88.8,-999.9,-88.8
107,-4.6,36.1,46.3,26.3,888.8,-88.8,-999.9,-88.8
108,-4.6,36.1,46.3,26.3,888.8,-88.8,-999.9,-88.8
109,-4.6,36.1,46.2,26.3,888.8,-88.8,-999.9,-88.8
110,-4.6,36.1,46.2,26.3,888.8,-88.8,-999.9,-88.8
111,-4.6,36.1,46.2,26.3,888.8,-88.8,-999.9,-88.8
112,-4.6,36.1,46.2,26.3,888.8,-88.8,-999.9,-88.8
113,-4.6,36.1,46.2,26.3,888.8,-88.8,-999.9,-88.8
114,-4.6,36.1,46.1,26.3,888.8,-88.8,-999.9,-88.8
115,-4.6,36.1,46.1,26.3,888.8,-88.8,-999.9,-88.8
116,-4.6,36.1,46.1,26.3,888.8,-88.8,-999.9,-88.8
117,-4.6,36.1,46,26.3,888.8,-88.8,-999.9,-88.8
118,-4.6,36.1,46,26.3,888.8,-88.8,-999.9,-88.8
119,-4.6,36.1,46,26.3,888.8,-88.8,-999.9,-88.8
120,-4.6,36.1,46,26.3,888.8,-88.8,-999.9,-88.8
121,-4.6,36.1,46,26.3,888.8,-88.8,-999.9,-88.8
122,-4.6,36.2,46,26.3,888.8,-88.8,-999.9,-88.8
123,-4.6,36.2,45.9,26.3,888.8,-88.8,-999.9,-88.8
124,-4.6,36.1,45.9,26.3,888.8,-88.8,-999.9,-88.8
125,-4.6,36.2,45.8,26.3,888.8,-88.8,-999.9,-88.8
126,-4.6,36.1,45.8,26.3,888.8,-88.8,-999.9,-88.8
127,-4.6,36.1,45.8,26.3,888.8,-88.8,-999.9,-88.8
128,-4.6,36.1,45.8,26.3,888.8,-88.8,-999.9,-88.8
129,-4.6,36.1,45.8,26.3,888.8,-88.8,-999.9,-88.8
130,-4.6,36.1,45.8,26.3,888.8,-88.8,-999.9,-88.8
131,-4.6,36.1,45.7,26.3,888.8,-88.8,-999.9,-88.8
132,-4.6,36.1,45.7,26.3,888.8,-88.8,-999.9,-88.8
133,-4.6,36.1,45.7,26.3,888.8,-88.8,-999.9,-88.8
134,-4.6,36.1,45.7,26.3,888.8,-88.8,-999.9,-88.8
135,-4.6,36.1,45.6,26.3,888.8,-88.8,-999.9,-88.8
136,-4.6,36.1,45.6,26.2,888.8,-88.8,-999.9,-88.8
137,-4.6,36.1,45.6,26.2,888.8,-88.8,-999.9,-88.8
138,-4.6,36.1,45.6,26.2,888.8,-88.8,-999.9,-88.8
139,-4.6,36.1,45.5,26.2,888.8,-88.8,-999.9,-88.8
140,-4.5,36.1,45.5,26.2,888.8,-88.8,-999.9,-88.8
141,-4.5,36.1,45.5,26.2,888.8,-88.8,-999.9,-88.8
142,-4.5,36.1,45.5,26.2,888.8,-88.8,-999.9,-88.8
143,-4.6,36.1,45.5,26.2,888.8,-88.8,-999.9,-88.8
144,-4.5,36.1,45.4,26.2,888.8,-88.8,-999.9,-88.8
145,-4.5,36.1,45.4,26.2,888.8,-88.8,-999.9,-88.8
146,-4.5,36.1,45.4,26.2,888.8,-88.8,-999.9,-88.8
147,-4.5,36.1,45.4,26.2,888.8,-88.8,-999.9,-88.8
148,-4.5,36.1,45.4,26.2,888.8,-88.8,-999.9,-88.8
149,-4.5,36.1,45.3,26.2,888.8,-88.8,-999.9,-88.8
150,-4.5,36.1,45.3,26.2,888.8,-88.8,-999.9,-88.8
151,-4.5,36.2,45.3,26.2,888.8,-88.8,-999.9,-88.8
152,-4.5,36.1,45.3,26.2,888.8,-88.8,-999.9,-88.8
153,-4.5,36.1,45.2,26.2,888.8,-88.8,-999.9,-88.8
154,-4.5,36.1,45.2,26.2,888.8,-88.8,-999.9,-88.8
155,-4.5,36.1,45.1,26.2,888.8,-88.8,-999.9,-88.8
156,-4.5,36.1,45.2,26.1,888.8,-88.8,-999.9,-88.8
157,-4.5,36.1,45.2,26.1,888.8,-88.8,-999.9,-88.8
158,-4.5,36.1,45.1,25.9,888.8,-88.8,-999.9,-88.8
159,-4.5,36.1,45.1,25.6,888.8,-88.8,-999.9,-88.8
200,-4.4,36.1,45.1,25.6,888.8,-88.8,-999.9,-88.8
201,-4.5,36.1,45,25.5,888.8,-88.8,-999.9,-88.8
202,-4.4,36.2,45,25.5,888.8,-88.8,-999.9,-88.8
203,-4.4,36.1,45,25.4,888.8,-88.8,-999.9,-88.8
204,-4.4,36.1,45,25.4,888.8,-88.8,-999.9,-88.8
205,-4.4,36.1,45,25.4,888.8,-88.8,-999.9,-88.8
206,-4.4,36.1,44.9,25.4,888.8,-88.8,-999.9,-88.8
207,-4.4,36.1,44.9,25.4,888.8,-88.8,-999.9,-88.8
208,-4.4,36.1,44.9,25.4,888.8,-88.8,-999.9,-88.8
209,-4.4,36.1,44.9,25.4,888.8,-88.8,-999.9,-88.8
210,-4.4,36.1,44.8,25.4,888.8,-88.8,-999.9,-88.8
211,-4.4,36.1,44.8,25.4,888.8,-88.8,-999.9,-88.8
212,-4.4,36.1,44.8,25.4,888.8,-88.8,-999.9,-88.8
213,-4.4,36.1,44.8,25.4,888.8,-88.8,-999.9,-88.8
214,-4.4,36.1,44.8,25.4,888.8,-88.8,-999.9,-88.8
215,-4.4,36.1,44.7,25.3,888.8,-88.8,-999.9,-88.8
216,-4.4,36.2,44.7,25.3,888.8,-88.8,-999.9,-88.8
217,-4.4,36.1,44.7,25.3,888.8,-88.8,-999.9,-88.8
218,-4.4,36.1,44.6,25.3,888.8,-88.8,-999.9,-88.8
219,-4.4,36.1,44.6,25.3,888.8,-88.8,-999.9,-88.8
220,-4.3,36.1,44.6,25.3,888.8,-88.8,-999.9,-88.8
221,-4.3,36.1,44.6,25.3,888.8,-88.8,-999.9,-88.8
222,-4.3,36.1,44.6,25.3,888.8,-88.8,-999.9,-88.8
223,-4.3,36.1,44.5,25.3,888.8,-88.8,-999.9,-88.8
224,-4.3,36.1,44.5,25.3,888.8,-88.8,-999.9,-88.8
225,-4.3,36.1,44.5,25.3,888.8,-88.8,-999.9,-88.8
226,-4.3,36.1,44.5,25.3,888.8,-88.8,-999.9,-88.8
227,-4.3,36.1,44.4,25.3,888.8,-88.8,-999.9,-88.8
228,-4.3,36.1,44.4,25.3,888.8,-88.8,-999.9,-88.8
229,-4.3,36.1,44.4,25.3,888.8,-88.8,-999.9,-88.8
230,-4.3,36.1,44.4,25.3,888.8,-88.8,-999.9,-88.8
231,-4.3,36.1,44.4,25.3,888.8,-88.8,-999.9,-88.8
232,-4.3,36.1,44.3,25.3,888.8,-88.8,-999.9,-88.8
233,-4.3,36.1,44.3,25.3,888.8,-88.8,-999.9,-88.8
234,-4.3,36.1,44.3,25.3,888.8,-88.8,-999.9,-88.8
235,-4.3,36.1,44.2,25.2,888.8,-88.8,-999.9,-88.8
236,-4.3,36.1,44.2,25.2,888.8,-88.8,-999.9,-88.8
237,-4.3,36.1,44.2,25.2,888.8,-88.8,-999.9,-88.8
238,-4.2,36.1,44.2,25.2,888.8,-88.8,-999.9,-88.8
239,-4.3,36.1,44.2,25.2,888.8,-88.8,-999.9,-88.8
240,-4.3,36.1,44.2,25.2,888.8,-88.8,-999.9,-88.8
241,-4.3,36.1,44.2,25.2,888.8,-88.8,-999.9,-88.8
242,-4.3,36.1,44.1,25.2,888.8,-88.8,-999.9,-88.8
243,-4.3,36.1,44.1,25.1,888.8,-88.8,-999.9,-88.8
244,-4.3,36.1,44.1,25.1,888.8,-88.8,-999.9,-88.8
245,-4.3,36.1,44.1,25.1,888.8,-88.8,-999.9,-88.8
246,-4.3,36.1,44,25.2,888.8,-88.8,-999.9,-88.8
247,-4.3,36.1,44,25.1,888.8,-88.8,-999.9,-88.8
248,-4.3,36.1,44,25.1,888.8,-88.8,-999.9,-88.8
249,-4.3,36.1,43.9,25.1,888.8,-88.8,-999.9,-88.8
250,-4.3,36.1,44,25.2,888.8,-88.8,-999.9,-88.8
251,-4.3,36.1,43.9,25.2,888.8,-88.8,-999.9,-88.8
252,-4.3,36.1,43.9,25.2,888.8,-88.8,-999.9,-88.8
253,-4.3,36.1,43.9,25.1,888.8,-88.8,-999.9,-88.8
254,-4.3,36.1,43.9,25.1,888.8,-88.8,-999.9,-88.8
255,-4.3,36.2,43.9,25.1,888.8,-88.8,-999.9,-88.8
256,-4.3,36.1,43.8,25.1,888.8,-88.8,-999.9,-88.8
257,-4.3,36.1,43.8,25.2,888.8,-88.8,-999.9,-88.8
258,-4.3,36.1,43.7,25.1,888.8,-88.8,-999.9,-88.8
259,-4.3,36.1,43.7,25.1,888.8,-88.8,-999.9,-88.8
300,-4.3,36.1,43.7,25.1,888.8,-88.8,-999.9,-88.8
301,-4.3,36.1,43.7,25.2,888.8,-88.8,-999.9,-88.8
302,-4.3,36.1,43.7,25.2,888.8,-88.8,-999.9,-88.8
303,-4.3,36.1,43.7,25.2,888.8,-88.8,-999.9,-88.8
304,-4.3,36.1,43.6,25.2,888.8,-88.8,-999.9,-88.8
305,-4.3,36.1,43.6,25.1,888.8,-88.8,-999.9,-88.8
306,-4.4,36.1,43.6,25.2,888.8,-88.8,-999.9,-88.8
307,-4.3,36.1,43.5,25.1,888.8,-88.8,-999.9,-88.8
308,-4.3,36.1,43.5,25.1,888.8,-88.8,-999.9,-88.8
309,-4.3,36.1,43.5,25.1,888.8,-88.8,-999.9,-88.8
310,-4.3,36.1,43.5,25.1,888.8,-88.8,-999.9,-88.8
311,-4.3,36.1,43.5,25.1,888.8,-88.8,-999.9,-88.8
312,-4.4,36.1,43.5,25.1,888.8,-88.8,-999.9,-88.8
313,-4.3,36.1,43.4,25.1,888.8,-88.8,-999.9,-88.8
314,-4.3,36.1,43.4,25.1,888.8,-88.8,-999.9,-88.8
315,-4.3,36.1,43.3,25.1,888.8,-88.8,-999.9,-88.8
316,-4.3,36.1,43.3,25.1,888.8,-88.8,-999.9,-88.8
317,-4.3,36.1,43.3,25.1,888.8,-88.8,-999.9,-88.8
318,-4.3,36.1,43.3,25.1,888.8,-88.8,-999.9,-88.8
319,-4.3,36.1,43.3,25.1,888.8,-88.8,-999.9,-88.8
320,-4.3,36.1,43.3,25.2,888.8,-88.8,-999.9,-88.8
321,-4.2,36.1,43.3,25.1,888.8,-88.8,-999.9,-88.8
322,-4.2,36.1,43.2,25.2,888.8,-88.8,-999.9,-88.8
323,-4.2,36.1,43.2,25.1,888.8,-88.8,-999.9,-88.8
324,-4.2,36.1,43.2,25.1,888.8,-88.8,-999.9,-88.8
325,-4.2,36.1,43.1,25.1,888.8,-88.8,-999.9,-88.8
326,-4.2,36.1,43.1,25.1,888.8,-88.8,-999.9,-88.8
327,-4.2,36.1,43.1,25.1,888.8,-88.8,-999.9,-88.8
328,-4.2,36.1,43.1,25.1,888.8,-88.8,-999.9,-88.8
329,-4.2,36.1,43.1,25.1,888.8,-88.8,-999.9,-88.8
330,-4.2,36.1,43.1,25.1,888.8,-88.8,-999.9,-88.8
331,-4.2,36.1,43.1,25.1,888.8,-88.8,-999.9,-88.8
332,-4.1,36.1,43.1,25.1,888.8,-88.8,-999.9,-88.8
333,-4.1,36.1,43,25.1,888.8,-88.8,-999.9,-88.8
334,-4.1,36.2,43,25.1,888.8,-88.8,-999.9,-88.8
335,-4.1,36.2,42.9,25.1,888.8,-88.8,-999.9,-88.8
336,-4.1,36.1,42.9,25.1,888.8,-88.8,-999.9,-88.8
337,-4.1,36.2,42.9,25.1,888.8,-88.8,-999.9,-88.8
338,-4.1,36.2,42.9,25.1,888.8,-88.8,-999.9,-88.8
339,-4.1,36.2,42.9,25.1,888.8,-88.8,-999.9,-88.8
340,-4.1,36.2,42.9,25.1,888.8,-88.8,-999.9,-88.8
341,-4.1,36.2,42.8,25.1,888.8,-88.8,-999.9,-88.8
342,-4,36.2,42.8,25.1,888.8,-88.8,-999.9,-88.8
343,-4,36.2,42.8,25.1,888.8,-88.8,-999.9,-88.8
344,-4,36.2,42.8,25.1,888.8,-88.8,-999.9,-88.8
345,-4,36.2,42.7,25.1,888.8,-88.8,-999.9,-88.8
346,-4,36.2,42.7,25.1,888.8,-88.8,-999.9,-88.8
347,-4,36.2,42.7,25.1,888.8,-88.8,-999.9,-88.8
348,-4,36.2,42.7,25.3,888.8,-88.8,-999.9,-88.8
349,-4,36.2,42.7,25.3,888.8,-88.8,-999.9,-88.8
350,-4,36.2,42.7,25.4,888.8,-88.8,-999.9,-88.8
351,-3.9,36.2,42.6,23.9,888.8,-88.8,-999.9,-88.8
352,-3.9,36.2,42.6,23.1,888.8,-88.8,-999.9,-88.8
353,-3.9,36.2,42.6,22.8,888.8,-88.8,-999.9,-88.8
354,-3.9,36.3,42.5,22.6,888.8,-88.8,-999.9,-88.8
355,-3.9,36.2,42.5,22.7,888.8,-88.8,-999.9,-88.8
356,-3.9,36.2,42.5,22.8,888.8,-88.8,-999.9,-88.8
357,-3.9,36.2,42.5,23.1,888.8,-88.8,-999.9,-88.8
358,-3.9,36.3,42.5,23.3,888.8,-88.8,-999.9,-88.8
359,-3.9,36.3,42.4,23.6,888.8,-88.8,-999.9,-88.8
400,-3.9,36.3,42.4,23.9,888.8,-88.8,-999.9,-88.8
401,-3.9,36.3,42.4,24.1,888.8,-88.8,-999.9,-88.8
402,-3.9,36.3,42.4,24.3,888.8,-88.8,-999.9,-88.8
403,-3.9,36.3,42.3,24.3,888.8,-88.8,-999.9,-88.8
404,-3.9,36.3,42.3,24.4,888.8,-88.8,-999.9,-88.8
405,-3.9,36.3,42.3,24.4,888.8,-88.8,-999.9,-88.8
406,-3.8,36.3,42.3,24.4,888.8,-88.8,-999.9,-88.8
407,-3.8,36.3,42.2,24.3,888.8,-88.8,-999.9,-88.8
408,-3.8,36.3,42.2,24.3,888.8,-88.8,-999.9,-88.8
409,-3.8,36.3,42.2,24.3,888.8,-88.8,-999.9,-88.8
410,-3.8,36.4,42.1,24.3,888.8,-88.8,-999.9,-88.8
411,-3.8,36.4,42.1,24.3,888.8,-88.8,-999.9,-88.8
412,-3.8,36.3,42.1,24.3,888.8,-88.8,-999.9,-88.8
413,-3.8,36.3,42.1,24.3,888.8,-88.8,-999.9,-88.8
414,-3.8,36.4,42.1,24.4,888.8,-88.8,-999.9,-88.8
415,-3.8,36.4,42,24.4,888.8,-88.8,-999.9,-88.8
416,-3.8,36.4,42,24.5,888.8,-88.8,-999.9,-88.8
417,-3.8,36.4,42,24.5,888.8,-88.8,-999.9,-88.8
418,-3.8,36.4,42,24.5,888.8,-88.8,-999.9,-88.8
419,-3.7,36.4,41.9,24.6,888.8,-88.8,-999.9,-88.8
420,-3.7,36.5,41.9,24.6,888.8,-88.8,-999.9,-88.8
421,-3.8,36.5,41.9,24.6,888.8,-88.8,-999.9,-88.8
422,-3.7,36.5,41.9,24.6,888.8,-88.8,-999.9,-88.8
423,-3.7,36.5,41.8,24.7,888.8,-88.8,-999.9,-88.8
424,-3.7,36.5,41.8,24.7,888.8,-88.8,-999.9,-88.8
425,-3.7,36.5,41.8,24.8,888.8,-88.8,-999.9,-88.8
426,-3.7,36.5,41.8,24.8,888.8,-88.8,-999.9,-88.8
427,-3.7,36.5,41.8,24.8,888.8,-88.8,-999.9,-88.8
428,-3.7,36.5,41.8,24.9,888.8,-88.8,-999.9,-88.8
429,-3.7,36.5,41.7,24.9,888.8,-88.8,-999.9,-88.8
430,-3.7,36.5,41.7,24.9,888.8,-88.8,-999.9,-88.8
431,-3.7,36.5,41.7,24.9,888.8,-88.8,-999.9,-88.8
432,-3.7,36.6,41.6,25,888.8,-88.8,-999.9,-88.8
433,-3.7,36.6,41.6,25,888.8,-88.8,-999.9,-88.8
434,-3.6,36.6,41.6,24.9,888.8,-88.8,-999.9,-88.8
435,-3.6,36.6,41.6,24.9,888.8,-88.8,-999.9,-88.8
436,-3.6,36.6,41.6,24.9,888.8,-88.8,-999.9,-88.8
437,-3.6,36.6,41.5,24.9,888.8,-88.8,-999.9,-88.8
438,-3.6,36.6,41.5,25,888.8,-88.8,-999.9,-88.8
439,-3.6,36.6,41.5,25,888.8,-88.8,-999.9,-88.8
440,-3.6,36.6,41.4,25,888.8,-88.8,-999.9,-88.8
441,-3.6,36.6,41.4,24.6,888.8,-88.8,-999.9,-88.8
442,-3.6,36.7,41.4,23.7,888.8,-88.8,-999.9,-88.8
443,-3.6,36.7,41.4,23.2,888.8,-88.8,-999.9,-88.8
444,-3.6,36.7,41.4,23,888.8,-88.8,-999.9,-88.8
445,-3.6,36.7,41.3,23,888.8,-88.8,-999.9,-88.8
446,-3.6,36.7,41.3,23.1,888.8,-88.8,-999.9,-88.8
447,-3.6,36.8,41.3,23.1,888.8,-88.8,-999.9,-88.8
448,-3.5,36.8,41.3,23.2,888.8,-88.8,-999.9,-88.8
449,-3.5,36.8,41.2,23.3,888.8,-88.8,-999.9,-88.8
450,-3.5,36.8,41.2,23.4,888.8,-88.8,-999.9,-88.8
451,-3.5,36.9,41.2,23.5,888.8,-88.8,-999.9,-88.8
452,-3.5,36.9,41.2,23.5,888.8,-88.8,-999.9,-88.8
453,-3.5,36.9,41.2,23.6,888.8,-88.8,-999.9,-88.8
454,-3.5,37,41.1,23.6,888.8,-88.8,-999.9,-88.8
455,-3.5,37,41.1,23.6,888.8,-88.8,-999.9,-88.8
456,-3.5,37,41.1,23.5,888.8,-88.8,-999.9,-88.8
457,-3.5,37,41.1,23.3,888.8,-88.8,-999.9,-88.8
458,-3.5,37,41,23.2,888.8,-88.8,-999.9,-88.8
459,-3.5,37,41,23.1,888.8,-88.8,-999.9,-88.8
500,-3.5,37,41,23.1,888.8,-88.8,-999.9,-88.8
501,-3.5,37.1,41,23,888.8,-88.8,-999.9,-88.8
502,-3.5,37.1,41,23,888.8,-88.8,-999.9,-88.8
503,-3.5,37.1,40.9,23,888.8,-88.8,-999.9,-88.8
504,-3.5,37.1,40.9,23.1,888.8,-88.8,-999.9,-88.8
505,-3.4,37.1,40.9,23.1,888.8,-88.8,-999.9,-88.8
506,-3.4,37.2,40.8,23.1,888.8,-88.8,-999.9,-88.8
507,-3.4,37.2,40.8,23.2,888.8,-88.8,-999.9,-88.8
508,-3.4,37.2,40.8,23.2,888.8,-88.8,-999.9,-88.8
509,-3.4,37.2,40.8,23.3,888.8,-88.8,-999.9,-88.8
510,-3.4,37.2,40.8,23.4,888.8,-88.8,-999.9,-88.8
511,-3.4,37.2,40.8,23.4,888.8,-88.8,-999.9,-88.8
512,-3.4,37.2,40.7,23.5,888.8,-88.8,-999.9,-88.8
513,-3.4,37.2,40.7,23.5,888.8,-88.8,-999.9,-88.8
514,-3.4,37.3,40.7,23.6,888.8,-88.8,-999.9,-88.8
515,-3.4,37.3,40.6,23.6,888.8,-88.8,-999.9,-88.8
516,-3.4,37.3,40.6,23.7,888.8,-88.8,-999.9,-88.8
517,-3.4,37.3,40.6,23.9,888.8,-88.8,-999.9,-88.8
518,-3.4,37.3,40.6,23.6,888.8,-88.8,-999.9,-88.8
519,-3.4,37.3,40.5,23.4,888.8,-88.8,-999.9,-88.8
520,-3.4,37.3,40.5,23.6,888.8,-88.8,-999.9,-88.8
521,-3.4,37.3,40.5,23.6,888.8,-88.8,-999.9,-88.8
522,-3.4,37.3,40.5,23.7,888.8,-88.8,-999.9,-88.8
523,-3.4,37.4,40.5,23.9,888.8,-88.8,-999.9,-88.8
524,-3.4,37.4,40.4,24,888.8,-88.8,-999.9,-88.8
525,-3.4,37.4,40.4,23.9,888.8,-88.8,-999.9,-88.8
526,-3.4,37.4,40.4,23.7,888.8,-88.8,-999.9,-88.8
527,-3.4,37.4,40.4,23.6,888.8,-88.8,-999.9,-88.8
528,-3.3,37.4,40.4,23.4,888.8,-88.8,-999.9,-88.8
529,-3.3,37.4,40.4,23.4,888.8,-88.8,-999.9,-88.8
530,-3.4,37.4,40.3,23.4,888.8,-88.8,-999.9,-88.8
531,-3.3,37.4,40.3,23.3,888.8,-88.8,-999.9,-88.8
532,-3.3,37.4,40.3,23.3,888.8,-88.8,-999.9,-88.8
533,-3.3,37.4,40.3,23.1,888.8,-88.8,-999.9,-88.8
534,-3.3,37.4,40.3,22.1,888.8,-88.8,-999.9,-88.8
535,-3.3,37.4,40.3,21.5,888.8,-88.8,-999.9,-88.8
536,-3.3,37.4,40.3,21.3,888.8,-88.8,-999.9,-88.8
537,-3.3,37.4,40.3,21.1,888.8,-88.8,-999.9,-88.8
538,-3.3,37.4,40.3,21,888.8,-88.8,-999.9,-88.8
539,-3.3,37.3,40.3,22.9,888.8,-88.8,-999.9,-88.8
540,-3.3,37.3,40.3,22.6,888.8,-88.8,-999.9,-88.8
541,-3.3,37.3,40.3,24,888.8,-88.8,-999.9,-88.8
542,-3.3,37.3,40.2,26,888.8,-88.8,-999.9,-88.8
543,-3.3,37.3,40.3,28.4,888.8,-88.8,-999.9,-88.8
544,-3.3,37.3,40.3,30.5,888.8,-88.8,-999.9,-88.8
545,-3.2,37.3,40.3,32,888.8,-88.8,-999.9,-88.8
546,-3.2,37.3,40.2,33.6,888.8,-88.8,-999.9,-88.8
547,-3.2,37.3,40.3,35.3,888.8,-88.8,-999.9,-88.8
548,-3.2,37.2,40.3,36.8,888.8,-88.8,-999.9,-88.8
549,-3.2,37.2,40.3,38.2,888.8,-88.8,-999.9,-88.8
550,-3.2,37.2,40.2,39.6,888.8,-88.8,-999.9,-88.8
551,-3.2,37.1,40.3,41.2,888.8,-88.8,-999.9,-88.8
552,-3.2,36.9,40.3,42.6,888.8,-88.8,-999.9,-88.8
553,-3.2,36.7,40.3,43.3,888.8,-88.8,-999.9,-88.8
554,-3.2,36.4,40.3,43.7,888.8,-88.8,-999.9,-88.8
555,-3.2,36,40.2,44.3,888.8,-88.8,-999.9,-88.8
556,-3.1,35.7,40.2,42.6,888.8,-88.8,-999.9,-88.8
557,-3.1,35.4,40.2,41.9,888.8,-88.8,-999.9,-88.8
558,-3.1,35.3,40.2,41.8,888.8,-88.8,-999.9,-88.8
559,-3.1,35.2,40.2,41.4,888.8,-88.8,-999.9,-88.8
600,-3.1,35.1,40.2,41,888.8,-88.8,-999.9,-88.8
601,-3.1,35,40.2,40.7,888.8,-88.8,-999.9,-88.8
602,-3.1,35,40.2,40.3,888.8,-88.8,-999.9,-88.8
603,-3.1,35,40.2,40.2,888.8,-88.8,-999.9,-88.8
604,-3.1,34.9,40.2,38.8,888.8,-88.8,-999.9,-88.8
605,-3.1,34.9,40.2,37.2,888.8,-88.8,-999.9,-88.8
606,-3.1,34.9,40.2,36.3,888.8,-88.8,-999.9,-88.8
607,-3,34.9,40.2,35.7,888.8,-88.8,-999.9,-88.8
608,-3.1,34.9,40.2,35.6,888.8,-88.8,-999.9,-88.8
609,-3,34.9,40.2,35.2,888.8,-88.8,-999.9,-88.8
610,-3,34.9,40.2,33.8,888.8,-88.8,-999.9,-88.8
611,-3,34.9,40.2,32.4,888.8,-88.8,-999.9,-88.8
612,-3,34.8,40.2,31.6,888.8,-88.8,-999.9,-88.8
613,-3,34.9,40.2,31.3,888.8,-88.8,-999.9,-88.8
614,-3,34.8,40.2,31.8,888.8,-88.8,-999.9,-88.8
615,-3,34.8,40.2,32.2,888.8,-88.8,-999.9,-88.8
616,-3,34.8,40.2,33,888.8,-88.8,-999.9,-88.8
617,-3,34.9,40.2,34,888.8,-88.8,-999.9,-88.8
618,-3,34.8,40.2,35,888.8,-88.8,-999.9,-88.8
619,-2.9,34.8,40.2,35.6,888.8,-88.8,-999.9,-88.8
620,-2.9,34.8,40.2,36.3,888.8,-88.8,-999.9,-88.8
621,-2.9,34.7,40.2,36.3,888.8,-88.8,-999.9,-88.8
622,-2.9,34.7,40.2,36.5,888.8,-88.8,-999.9,-88.8
623,-2.9,34.8,40.2,36.9,888.8,-88.8,-999.9,-88.8
624,-2.9,34.8,40.2,37.2,888.8,-88.8,-999.9,-88.8
625,-2.9,34.7,40.2,37.6,888.8,-88.8,-999.9,-88.8
626,-2.9,34.8,40.2,38,888.8,-88.8,-999.9,-88.8
627,-2.9,34.7,40.2,38.4,888.8,-88.8,-999.9,-88.8
628,-2.9,34.8,40.2,38.8,888.8,-88.8,-999.9,-88.8
629,-2.8,34.7,40.2,39.2,888.8,-88.8,-999.9,-88.8
630,-2.8,34.7,40.2,39.6,888.8,-88.8,-999.9,-88.8
631,-2.8,34.7,40.2,40,888.8,-88.8,-999.9,-88.8
632,-2.8,34.7,40.2,40.4,888.8,-88.8,-999.9,-88.8
633,-2.8,34.7,40.1,40.8,888.8,-88.8,-999.9,-88.8
634,-2.8,34.7,40.2,41.1,888.8,-88.8,-999.9,-88.8
635,-2.8,34.7,40.2,41.4,888.8,-88.8,-999.9,-88.8
636,-2.8,34.7,40.2,41.5,888.8,-88.8,-999.9,-88.8
637,-2.8,34.7,40.2,41.8,888.8,-88.8,-999.9,-88.8
638,-2.8,34.7,40.2,42,888.8,-88.8,-999.9,-88.8
639,-2.8,34.7,40.2,42.3,888.8,-88.8,-999.9,-88.8
640,-2.8,34.7,40.2,42.6,888.8,-88.8,-999.9,-88.8
641,-2.7,34.7,40.2,42.3,888.8,-88.8,-999.9,-88.8
642,-2.7,34.7,40.2,41.8,888.8,-88.8,-999.9,-88.8
643,-2.7,34.7,40.2,41.9,888.8,-88.8,-999.9,-88.8
644,-2.7,34.7,40.2,41.6,888.8,-88.8,-999.9,-88.8
645,-2.7,34.7,40.2,40.8,888.8,-88.8,-999.9,-88.8
646,-2.7,34.7,40.2,40.3,888.8,-88.8,-999.9,-88.8
647,-2.7,34.7,40.2,40.1,888.8,-88.8,-999.9,-88.8
648,-2.7,34.7,40.2,39.7,888.8,-88.8,-999.9,-88.8
649,-2.7,34.7,40.2,39.1,888.8,-88.8,-999.9,-88.8
650,-2.7,34.7,40.2,38.5,888.8,-88.8,-999.9,-88.8
651,-2.7,34.7,40.2,38.2,888.8,-88.8,-999.9,-88.8
652,-2.7,34.7,40.2,38.2,888.8,-88.8,-999.9,-88.8
653,-2.6,34.7,40.2,38.7,888.8,-88.8,-999.9,-88.8
654,-2.6,34.7,40.2,39.1,888.8,-88.8,-999.9,-88.8
655,-2.6,34.7,40.2,38.2,888.8,-88.8,-999.9,-88.8
656,-2.6,34.7,40.2,37.6,888.8,-88.8,-999.9,-88.8
657,-2.6,34.7,40.2,37.2,888.8,-88.8,-999.9,-88.8
658,-2.6,34.7,40.2,36.8,888.8,-88.8,-999.9,-88.8
659,-2.6,34.7,40.2,36.4,888.8,-88.8,-999.9,-88.8
700,-2.6,34.7,40.2,36.2,888.8,-88.8,-999.9,-88.8
701,-2.6,34.7,40.2,35.9,888.8,-88.8,-999.9,-88.8
702,-2.6,34.7,40.2,35.9,888.8,-88.8,-999.9,-88.8
703,-2.6,34.7,40.2,36.7,888.8,-88.8,-999.9,-88.8
704,-2.6,34.7,40.2,37,888.8,-88.8,-999.9,-88.8
705,-2.6,34.7,40.1,36.5,888.8,-88.8,-999.9,-88.8
706,-2.6,34.7,40.2,34.9,888.8,-88.8,-999.9,-88.8
707,-2.5,34.7,40.2,35.2,888.8,-88.8,-999.9,-88.8
708,-2.6,34.7,40.2,35.8,888.8,-88.8,-999.9,-88.8
709,-2.5,34.7,40.1,36.8,888.8,-88.8,-999.9,-88.8
710,-2.5,34.7,40.1,37.1,888.8,-88.8,-999.9,-88.8
711,-2.5,34.7,40.2,36.6,888.8,-88.8,-999.9,-88.8
712,-2.5,34.7,40.2,35.9,888.8,-88.8,-999.9,-88.8
713,-2.5,34.7,40.1,35.2,888.8,-88.8,-999.9,-88.8
714,-2.5,34.7,40.2,34.6,888.8,-88.8,-999.9,-88.8
715,-2.5,34.7,40.1,34.7,888.8,-88.8,-999.9,-88.8
716,-2.5,34.7,40.1,34.9,888.8,-88.8,-999.9,-88.8
717,-2.5,34.6,40.1,35.2,888.8,-88.8,-999.9,-88.8
718,-2.5,34.6,40.1,34.8,888.8,-88.8,-999.9,-88.8
719,-2.4,34.6,40.1,34.6,888.8,-88.8,-999.9,-88.8
720,-2.5,34.5,40.2,33.4,888.8,-88.8,-999.9,-88.8
721,-2.4,34.4,40.1,32.7,888.8,-88.8,-999.9,-88.8
722,-2.4,34.4,40.1,32.3,888.8,-88.8,-999.9,-88.8
723,-2.4,34.3,40.1,32.1,888.8,-88.8,-999.9,-88.8
724,-2.4,34.2,40.1,31.8,888.8,-88.8,-999.9,-88.8
725,-2.4,34.1,40.1,31.2,888.8,-88.8,-999.9,-88.8
726,-2.4,33.9,40.1,30.7,888.8,-88.8,-999.9,-88.8
727,-2.4,33.9,40.1,30.5,888.8,-88.8,-999.9,-88.8
728,-2.4,33.8,40.1,30.6,888.8,-88.8,-999.9,-88.8
729,-2.4,33.7,40.1,31.2,888.8,-88.8,-999.9,-88.8
730,-2.4,33.7,40.1,31.2,888.8,-88.8,-999.9,-88.8
731,-2.3,33.7,40.1,31.1,888.8,-88.8,-999.9,-88.8
732,-2.3,33.6,40.1,30.9,888.8,-88.8,-999.9,-88.8
733,-2.4,33.6,40.1,30.7,888.8,-88.8,-999.9,-88.8
734,-2.4,33.6,40.1,30.4,888.8,-88.8,-999.9,-88.8
735,-2.4,33.5,40.1,29.7,888.8,-88.8,-999.9,-88.8
736,-2.4,33.6,40.2,29.2,888.8,-88.8,-999.9,-88.8
737,-2.4,33.5,40.1,29.2,888.8,-88.8,-999.9,-88.8
738,-2.4,33.5,40.1,29.4,888.8,-88.8,-999.9,-88.8
739,-2.4,33.5,40.1,29.5,888.8,-88.8,-999.9,-88.8
740,-2.4,33.5,40.1,29.5,888.8,-88.8,-999.9,-88.8
741,-2.3,33.5,40.1,29.4,888.8,-88.8,-999.9,-88.8
742,-2.3,33.5,40.1,29.4,888.8,-88.8,-999.9,-88.8
743,-2.3,33.5,40.1,29.2,888.8,-88.8,-999.9,-88.8
744,-2.3,33.5,40.1,28.9,888.8,-88.8,-999.9,-88.8
745,-2.3,33.5,40.1,28.5,888.8,-88.8,-999.9,-88.8
746,-2.3,33.5,40.1,28.3,888.8,-88.8,-999.9,-88.8
747,-2.3,33.5,40.1,28.6,888.8,-88.8,-999.9,-88.8
748,-2.3,33.5,40.1,29,888.8,-88.8,-999.9,-88.8
749,-2.3,33.5,40.1,29.2,888.8,-88.8,-999.9,-88.8
750,-2.3,33.5,40.1,29.2,888.8,-88.8,-999.9,-88.8
751,-2.3,33.5,40.1,29.3,888.8,-88.8,-999.9,-88.8
752,-2.3,33.5,40.1,29.3,888.8,-88.8,-999.9,-88.8
753,-2.3,33.5,40.1,29.1,888.8,-88.8,-999.9,-88.8
754,-2.3,33.5,40.1,28.8,888.8,-88.8,-999.9,-88.8
755,-2.3,33.5,40.1,28.5,888.8,-88.8,-999.9,-88.8
756,-2.3,33.5,40.1,28.6,888.8,-88.8,-999.9,-88.8
757,-2.3,33.5,40.1,29.1,888.8,-88.8,-999.9,-88.8
758,-2.3,33.5,40.1,29.5,888.8,-88.8,-999.9,-88.8
759,-2.3,33.5,40.1,29.7,888.8,-88.8,-999.9,-88.8
800,-2.3,33.5,40.1,29.7,888.8,-88.8,-999.9,-88.8
801,-2.3,33.5,40.1,29.9,888.8,-88.8,-999.9,-88.8
802,-2.3,33.5,40.1,29.8,888.8,-88.8,-999.9,-88.8
803,-2.3,33.5,40.1,29.7,888.8,-88.8,-999.9,-88.8
804,-2.3,33.5,40.1,29.4,888.8,-88.8,-999.9,-88.8
805,-2.3,33.5,40.1,29.1,888.8,-88.8,-999.9,-88.8
806,-2.3,33.5,40.1,29.1,888.8,-88.8,-999.9,-88.8
807,-2.3,33.5,40.1,29.4,888.8,-88.8,-999.9,-88.8
808,-2.3,33.5,40.1,29.7,888.8,-88.8,-999.9,-88.8
809,-2.3,33.5,40.1,29.8,888.8,-88.8,-999.9,-88.8
810,-2.2,33.5,40.1,29.8,888.8,-88.8,-999.9,-88.8
811,-2.3,33.5,40.1,29.9,888.8,-88.8,-999.9,-88.8
812,-2.2,33.5,40.1,29.9,888.8,-88.8,-999.9,-88.8
813,-2.2,33.5,40.1,29.8,888.8,-88.8,-999.9,-88.8
814,-2.2,33.5,40.1,29.5,888.8,-88.8,-999.9,-88.8
815,-2.2,33.5,40.1,29.1,888.8,-88.8,-999.9,-88.8
816,-2.2,33.5,40.1,29,888.8,-88.8,-999.9,-88.8
817,-2.2,33.5,40.1,29.4,888.8,-88.8,-999.9,-88.8
818,-2.2,33.5,40.1,29.7,888.8,-88.8,-999.9,-88.8
819,-2.2,33.5,40.1,29.7,888.8,-88.8,-999.9,-88.8
820,-2.2,33.5,40.1,29.8,888.8,-88.8,-999.9,-88.8
821,-2.2,33.5,40.1,29.9,888.8,-88.8,-999.9,-88.8
822,-2.2,33.5,40.1,29.9,888.8,-88.8,-999.9,-88.8
823,-2.2,33.5,40.1,29.8,888.8,-88.8,-999.9,-88.8
824,-2.2,33.5,40.1,29.5,888.8,-88.8,-999.9,-88.8
825,-2.2,33.5,40.1,29.1,888.8,-88.8,-999.9,-88.8
826,-2.2,33.5,40.1,29,888.8,-88.8,-999.9,-88.8
827,-2.2,33.5,40.1,29.4,888.8,-88.8,-999.9,-88.8
828,-2.2,33.5,40.1,29.7,888.8,-88.8,-999.9,-88.8
829,-2.2,33.5,40.1,29.8,888.8,-88.8,-999.9,-88.8
830,-2.1,33.5,40.1,29.8,888.8,-88.8,-999.9,-88.8
831,-2.2,33.5,40.1,29.9,888.8,-88.8,-999.9,-88.8
832,-2.1,33.5,40.1,30,888.8,-88.8,-999.9,-88.8
833,-2.1,33.5,40.1,29.8,888.8,-88.8,-999.9,-88.8
834,-2.1,33.5,40.1,29.5,888.8,-88.8,-999.9,-88.8
835,-2.1,33.5,40.1,29.1,888.8,-88.8,-999.9,-88.8
836,-2.1,33.5,40.1,28.9,888.8,-88.8,-999.9,-88.8
837,-2.1,33.5,40.1,29.2,888.8,-88.8,-999.9,-88.8
838,-2.1,33.5,40.1,29.6,888.8,-88.8,-999.9,-88.8
839,-2.1,33.5,40.1,29.7,888.8,-88.8,-999.9,-88.8
840,-2.1,33.5,40.1,29.8,888.8,-88.8,-999.9,-88.8
841,-2.1,33.5,40.1,29.9,888.8,-88.8,-999.9,-88.8
842,-2.1,33.5,40.1,29.9,888.8,-88.8,-999.9,-88.8
843,-2,33.5,40.1,29.8,888.8,-88.8,-999.9,-88.8
844,-2,33.5,40.1,29.5,888.8,-88.8,-999.9,-88.8
845,-2,33.5,40.1,29,888.8,-88.8,-999.9,-88.8
846,-2,33.5,40.1,29,888.8,-88.8,-999.9,-88.8
847,-2,33.5,40.1,29.4,888.8,-88.8,-999.9,-88.8
848,-2,33.5,40.1,29.8,888.8,-88.8,-999.9,-88.8
849,-2,33.5,40.1,29.6,888.8,-88.8,-999.9,-88.8
850,-2,33.5,40.1,27.9,888.8,-88.8,-999.9,-88.8
851,-1.9,33.5,40.1,27.1,888.8,-88.8,-999.9,-88.8
852,-1.9,33.5,40.1,26.7,888.8,-88.8,-999.9,-88.8
853,-1.9,33.5,40.1,26.4,888.8,-88.8,-999.9,-88.8
854,-1.9,33.5,40.1,26,888.8,-88.8,-999.9,-88.8
855,-1.9,33.5,40.1,26,888.8,-88.8,-999.9,-88.8
856,-1.9,33.5,40.1,26.7,888.8,-88.8,-999.9,-88.8
857,-1.9,33.5,40.1,27.6,888.8,-88.8,-999.9,-88.8
858,-1.8,33.6,40.1,27,888.8,-88.8,-999.9,-88.8
859,-1.8,33.5,40.1,26.1,888.8,-88.8,-999.9,-88.8
900,-1.8,33.5,40.1,25.9,888.8,-88.8,-999.9,-88.8
901,-1.8,33.5,40.1,25.9,888.8,-88.8,-999.9,-88.8
902,-1.8,33.5,40.1,26,888.8,-88.8,-999.9,-88.8
903,-1.7,33.5,40.1,26,888.8,-88.8,-999.9,-88.8
904,-1.7,33.5,40.1,25.9,888.8,-88.8,-999.9,-88.8
905,-1.7,33.5,40.2,26.1,888.8,-88.8,-999.9,-88.8
906,-1.7,33.5,40.2,26.5,888.8,-88.8,-999.9,-88.8
907,-1.7,33.5,40.2,27.2,888.8,-88.8,-999.9,-88.8
908,-1.6,33.5,40.2,27.4,888.8,-88.8,-999.9,-88.8
909,-1.6,33.5,40.2,27.3,888.8,-88.8,-999.9,-88.8
910,-1.6,33.5,40.2,27.2,888.8,-88.8,-999.9,-88.8
911,-1.6,33.5,40.3,27.1,888.8,-88.8,-999.9,-88.8
912,-1.6,33.5,40.3,26.9,888.8,-88.8,-999.9,-88.8
913,-1.5,33.5,40.3,27,888.8,-88.8,-999.9,-88.8
914,-1.5,33.5,40.3,26.8,888.8,-88.8,-999.9,-88.8
915,-1.5,33.5,40.3,26.7,888.8,-88.8,-999.9,-88.8
916,-1.5,33.5,40.3,26.7,888.8,-88.8,-999.9,-88.8
917,-1.5,33.5,40.3,27.1,888.8,-88.8,-999.9,-88.8
918,-1.4,33.5,40.3,27.1,888.8,-88.8,-999.9,-88.8
919,-1.4,33.5,40.3,27,888.8,-88.8,-999.9,-88.8
920,-1.4,33.5,40.3,26.7,888.8,-88.8,-999.9,-88.8
921,-1.4,33.5,40.3,26.5,888.8,-88.8,-999.9,-88.8
922,-1.3,33.5,40.3,26.5,888.8,-88.8,-999.9,-88.8
923,-1.3,33.5,40.3,26.5,888.8,-88.8,-999.9,-88.8
924,-1.3,33.5,40.4,26.4,888.8,-88.8,-999.9,-88.8
925,-1.3,33.5,40.4,26.1,888.8,-88.8,-999.9,-88.8
926,-1.3,33.5,40.4,25.3,888.8,-88.8,-999.9,-88.8
927,-1.2,33.5,40.4,25.2,888.8,-88.8,-999.9,-88.8
928,-1.2,33.5,40.4,25.3,888.8,-88.8,-999.9,-88.8
929,-1.2,33.5,40.3,25.3,888.8,-88.8,-999.9,-88.8
930,-1.1,33.5,40.4,25.3,888.8,-88.8,-999.9,-88.8
931,-1.1,33.5,40.4,25.2,888.8,-88.8,-999.9,-88.8
932,-1.1,33.5,40.4,25.2,888.8,-88.8,-999.9,-88.8
933,-1.1,33.5,40.4,25.4,888.8,-88.8,-999.9,-88.8
934,-1,33.5,40.4,25.4,888.8,-88.8,-999.9,-88.8
935,-1,33.5,40.4,25.4,888.8,-88.8,-999.9,-88.8
936,-0.9,33.5,40.4,25.6,888.8,-88.8,-999.9,-88.8
937,-0.9,33.5,40.4,25.7,888.8,-88.8,-999.9,-88.8
938,-0.8,33.5,40.4,25.7,888.8,-88.8,-999.9,-88.8
939,-0.9,33.5,40.4,26.1,888.8,-88.8,-999.9,-88.8
940,-0.8,33.5,40.4,26.8,888.8,-88.8,-999.9,-88.8
941,-0.8,33.5,40.5,27.3,888.8,-88.8,-999.9,-88.8
942,-0.7,33.5,40.4,27.2,888.8,-88.8,-999.9,-88.8
943,-0.7,33.5,40.4,26.9,888.8,-88.8,-999.9,-88.8
944,-0.7,33.5,40.4,26.5,888.8,-88.8,-999.9,-88.8
945,-0.6,33.5,40.4,26.2,888.8,-88.8,-999.9,-88.8
946,-0.6,33.5,40.4,26.2,888.8,-88.8,-999.9,-88.8
947,-0.6,33.5,40.4,26.3,888.8,-88.8,-999.9,-88.8
948,-0.6,33.5,40.4,27.1,888.8,-88.8,-999.9,-88.8
949,-0.5,33.5,40.4,28.2,888.8,-88.8,-999.9,-88.8
950,-0.5,33.5,40.4,29.1,888.8,-88.8,-999.9,-88.8
951,-0.5,33.5,40.4,30,888.8,-88.8,-999.9,-88.8
952,-0.4,33.5,40.4,30.9,888.8,-88.8,-999.9,-88.8
953,-0.4,33.5,40.4,32.3,888.8,-88.8,-999.9,-88.8
954,-0.4,33.5,40.4,33.4,888.8,-88.8,-999.9,-88.8
955,-0.3,33.5,40.4,33.2,888.8,-88.8,-999.9,-88.8
956,-0.3,33.5,40.4,33.8,888.8,-88.8,-999.9,-88.8
957,-0.2,33.5,40.4,34.2,888.8,-88.8,-999.9,-88.8
958,-0.2,33.5,40.4,34,888.8,-88.8,-999.9,-88.8
959,-0.2,33.6,40.4,33.8,888.8,-88.8,-999.9,-88.8
1000,-0.1,33.5,40.4,33.9,888.8,-88.8,-999.9,-88.8
1001,-0.1,33.5,40.4,34.2,888.8,-88.8,-999.9,-88.8
1002,-0.1,33.5,40.4,34.7,888.8,-88.8,-999.9,-88.8
1003,0,33.5,40.4,35,888.8,-88.8,-999.9,-88.8
1004,0,33.5,40.4,34.8,888.8,-88.8,-999.9,-88.8
1005,0,33.5,40.4,35.4,888.8,-88.8,-999.9,-88.8
1006,0,33.5,40.4,35.8,888.8,-88.8,-999.9,-88.8
1007,0,33.5,40.4,35.5,888.8,-88.8,-999.9,-88.8
1008,0.1,33.5,40.4,35.5,888.8,-88.8,-999.9,-88.8
1009,0.1,33.6,40.3,34.9,888.8,-88.8,-999.9,-88.8
1010,0.2,33.5,40.4,34.4,888.8,-88.8,-999.9,-88.8
1011,0.3,33.5,40.4,34,888.8,-88.8,-999.9,-88.8
1012,0.3,33.5,40.3,33.7,888.8,-88.8,-999.9,-88.8
1013,0.4,33.5,40.3,33.3,888.8,-88.8,-999.9,-88.8
1014,0.4,33.5,40.3,29.4,888.8,-88.8,-999.9,-88.8
1015,0.5,33.5,40.3,27.8,888.8,-88.8,-999.9,-88.8
1016,0.5,33.5,40.4,27.7,888.8,-88.8,-999.9,-88.8
1017,0.6,33.5,40.3,27.7,888.8,-88.8,-999.9,-88.8
1018,0.6,33.5,40.3,28.4,888.8,-88.8,-999.9,-88.8
1019,0.7,33.5,40.3,29.7,888.8,-88.8,-999.9,-88.8
1020,0.8,33.5,40.3,30.4,888.8,-88.8,-999.9,-88.8
1021,0.8,33.5,40.3,30.5,888.8,-88.8,-999.9,-88.8
1022,0.9,33.5,40.3,30.4,888.8,-88.8,-999.9,-88.8
1023,1,33.5,40.3,30.2,888.8,-88.8,-999.9,-88.8
1024,1,33.5,40.3,29.7,888.8,-88.8,-999.9,-88.8
1025,1.1,33.5,40.4,29.7,888.8,-88.8,-999.9,-88.8
1026,1.1,33.5,40.3,30.3,888.8,-88.8,-999.9,-88.8
1027,1.2,33.5,40.3,30,888.8,-88.8,-999.9,-88.8
1028,1.2,33.5,40.3,30.2,888.8,-88.8,-999.9,-88.8
1029,1.3,33.5,40.3,30.8,888.8,-88.8,-999.9,-88.8
1030,1.4,33.5,40.3,30.9,888.8,-88.8,-999.9,-88.8
1031,1.4,33.5,40.3,30.7,888.8,-88.8,-999.9,-88.8
1032,1.5,33.5,40.3,30.4,888.8,-88.8,-999.9,-88.8
1033,1.6,33.5,40.3,30,888.8,-88.8,-999.9,-88.8
1034,1.6,33.5,40.3,29.5,888.8,-88.8,-999.9,-88.8
1035,1.7,33.5,40.3,28.3,888.8,-88.8,-999.9,-88.8
1036,1.7,33.5,40.3,27.1,888.8,-88.8,-999.9,-88.8
1037,1.8,33.5,40.3,26.5,888.8,-88.8,-999.9,-88.8
1038,1.9,33.5,40.3,26.7,888.8,-88.8,-999.9,-88.8
1039,1.9,33.5,40.3,27.4,888.8,-88.8,-999.9,-88.8
1040,2,33.5,40.2,27.8,888.8,-88.8,-999.9,-88.8
1041,2.1,33.5,40.2,27.9,888.8,-88.8,-999.9,-88.8
1042,2.1,33.5,40.1,28.1,888.8,-88.8,-999.9,-88.8
1043,2.3,33.5,40.1,28.3,888.8,-88.8,-999.9,-88.8
1044,2.3,33.5,40.1,28.1,888.8,-88.8,-999.9,-88.8
1045,2.4,33.5,40.1,28,888.8,-88.8,-999.9,-88.8
1046,2.5,33.5,40.1,28.6,888.8,-88.8,-999.9,-88.8
1047,2.6,33.5,40.1,28.9,888.8,-88.8,-999.9,-88.8
1048,2.7,33.5,40.1,28.7,888.8,-88.8,-999.9,-88.8
1049,2.8,33.5,40.1,29.3,888.8,-88.8,-999.9,-88.8
1050,2.9,33.5,40.1,28.2,888.8,-88.8,-999.9,-88.8
1051,2.9,33.5,40.1,25.6,888.8,-88.8,-999.9,-88.8
1052,3,33.5,40.1,24.9,888.8,-88.8,-999.9,-88.8
1053,3.1,33.5,40.1,24.6,888.8,-88.8,-999.9,-88.8
1054,3.1,33.5,40.1,24.4,888.8,-88.8,-999.9,-88.8
1055,3.3,33.5,40.1,24.7,888.8,-88.8,-999.9,-88.8
1056,3.3,33.5,40.1,28.7,888.8,-88.8,-999.9,-88.8
1057,3.4,33.5,40.1,28.1,888.8,-88.8,-999.9,-88.8
1058,3.4,33.5,40.1,27.3,888.8,-88.8,-999.9,-88.8
1059,3.5,33.5,40.1,27.4,888.8,-88.8,-999.9,-88.8
1100,3.5,33.5,40.1,27.9,888.8,-88.8,-999.9,-88.8
1101,3.6,33.5,40,27.6,888.8,-88.8,-999.9,-88.8
1102,3.6,33.5,40.1,26.7,888.8,-88.8,-999.9,-88.8
1103,3.7,33.5,40.1,26.8,888.8,-88.8,-999.9,-88.8
1104,3.8,33.5,40.1,27.9,888.8,-88.8,-999.9,-88.8
1105,3.8,33.5,40.1,28.9,888.8,-88.8,-999.9,-88.8
1106,3.9,33.5,40.1,29.7,888.8,-88.8,-999.9,-88.8
1107,3.9,33.5,40.1,30.7,888.8,-88.8,-999.9,-88.8
1108,4,33.5,40.1,32,888.8,-88.8,-999.9,-88.8
1109,4,33.5,40.1,33.5,888.8,-88.8,-999.9,-88.8
1110,4,33.5,40.1,34.9,888.8,-88.8,-999.9,-88.8
1111,4.1,33.5,40.1,36.2,888.8,-88.8,-999.9,-88.8
1112,4.1,33.5,40.1,37.1,888.8,-88.8,-999.9,-88.8
1113,4.2,33.5,40.1,37.7,888.8,-88.8,-999.9,-88.8
1114,4.2,33.5,40.1,39,888.8,-88.8,-999.9,-88.8
1115,4.2,33.5,40.1,39.7,888.8,-88.8,-999.9,-88.8
1116,4.3,33.5,40,40.1,888.8,-88.8,-999.9,-88.8
1117,4.3,33.5,40.1,40.1,888.8,-88.8,-999.9,-88.8
1118,4.3,33.5,40.1,40.3,888.8,-88.8,-999.9,-88.8
1119,4.4,33.5,40,40.3,888.8,-88.8,-999.9,-88.8
1120,4.4,33.5,40,36.5,888.8,-88.8,-999.9,-88.8
1121,4.4,33.5,40.1,35.3,888.8,-88.8,-999.9,-88.8
1122,4.4,33.5,40.1,33.6,888.8,-88.8,-999.9,-88.8
1123,4.4,33.5,40,30.8,888.8,-88.8,-999.9,-88.8
1124,4.4,33.5,40,29.6,888.8,-88.8,-999.9,-88.8
1125,4.4,33.5,40.1,28.9,888.8,-88.8,-999.9,-88.8
1126,4.4,33.5,40,28.4,888.8,-88.8,-999.9,-88.8
1127,4.4,33.5,40,27.1,888.8,-88.8,-999.9,-88.8
1128,4.4,33.5,40.1,27.7,888.8,-88.8,-999.9,-88.8
1129,4.4,33.5,40.1,29,888.8,-88.8,-999.9,-88.8
1130,4.4,33.5,40,30.6,888.8,-88.8,-999.9,-88.8
1131,4.4,33.5,40,32.3,888.8,-88.8,-999.9,-88.8
1132,4.5,33.5,40,34,888.8,-88.8,-999.9,-88.8
1133,4.5,33.5,40,35.9,888.8,-88.8,-999.9,-88.8
1134,4.5,33.5,40,36.9,888.8,-88.8,-999.9,-88.8
1135,4.5,33.5,40,37.3,888.8,-88.8,-999.9,-88.8
1136,4.5,33.5,40,37.7,888.8,-88.8,-999.9,-88.8
1137,4.6,33.5,40,38.1,888.8,-88.8,-999.9,-88.8
1138,4.6,33.5,40.1,38.3,888.8,-88.8,-999.9,-88.8
1139,4.6,33.5,40,38.1,888.8,-88.8,-999.9,-88.8
1140,4.6,33.5,40,38,888.8,-88.8,-999.9,-88.8
1141,4.6,33.5,40,37.8,888.8,-88.8,-999.9,-88.8
1142,4.7,33.5,40,37.4,888.8,-88.8,-999.9,-88.8
1143,4.7,33.5,40,37.1,888.8,-88.8,-999.9,-88.8
1144,4.7,33.5,40,36.8,888.8,-88.8,-999.9,-88.8
1145,4.8,33.5,40,36.5,888.8,-88.8,-999.9,-88.8
1146,4.8,33.5,40,36.2,888.8,-88.8,-999.9,-88.8
1147,4.8,33.5,40,36.4,888.8,-88.8,-999.9,-88.8
1148,4.9,33.5,40,36,888.8,-88.8,-999.9,-88.8
1149,4.9,33.5,40,35.6,888.8,-88.8,-999.9,-88.8
1150,4.9,33.5,40,35.1,888.8,-88.8,-999.9,-88.8
1151,4.9,33.5,40,34.8,888.8,-88.8,-999.9,-88.8
1152,4.9,33.5,40,34.6,888.8,-88.8,-999.9,-88.8
1153,5,33.5,40,34.4,888.8,-88.8,-999.9,-88.8
1154,5,33.5,40,34,888.8,-88.8,-999.9,-88.8
1155,5,33.5,40,33.7,888.8,-88.8,-999.9,-88.8
1156,5,33.5,40,33.3,888.8,-88.8,-999.9,-88.8
1157,5,33.5,40,33.2,888.8,-88.8,-999.9,-88.8
1158,5.1,33.5,40,32.9,888.8,-88.8,-999.9,-88.8
1159,5.1,33.5,40,32.5,888.8,-88.8,-999.9,-88.8
1200,5.1,33.5,40,32.1,888.8,-88.8,-999.9,-88.8
1201,5.1,33.5,40,31.5,888.8,-88.8,-999.9,-88.8
1202,5.2,33.5,40,30.8,888.8,-88.8,-999.9,-88.8
1203,5.2,33.5,40,30.4,888.8,-88.8,-999.9,-88.8
1204,5.2,33.5,40,30.2,888.8,-88.8,-999.9,-88.8
1205,5.2,33.5,40,30.1,888.8,-88.8,-999.9,-88.8
1206,5.3,33.5,40,30.6,888.8,-88.8,-999.9,-88.8
1207,5.3,33.5,40,31.6,888.8,-88.8,-999.9,-88.8
1208,5.4,33.5,40,31.5,888.8,-88.8,-999.9,-88.8
1209,5.4,33.5,40,30.9,888.8,-88.8,-999.9,-88.8
1210,5.4,33.5,40,30.4,888.8,-88.8,-999.9,-88.8
1211,5.4,33.5,40,30.2,888.8,-88.8,-999.9,-88.8
1212,5.5,33.5,40,30,888.8,-88.8,-999.9,-88.8
1213,5.5,33.5,40,29.7,888.8,-88.8,-999.9,-88.8
1214,5.5,33.5,40,29.5,888.8,-88.8,-999.9,-88.8
1215,5.6,33.5,40,29.5,888.8,-88.8,-999.9,-88.8
1216,5.6,33.5,40,29.5,888.8,-88.8,-999.9,-88.8
1217,5.6,33.5,40,29.6,888.8,-88.8,-999.9,-88.8
1218,5.7,33.5,40.1,29.7,888.8,-88.8,-999.9,-88.8
1219,5.8,33.5,40.1,29.6,888.8,-88.8,-999.9,-88.8
1220,5.9,33.5,40,29.5,888.8,-88.8,-999.9,-88.8
1221,5.9,33.5,40.1,29.6,888.8,-88.8,-999.9,-88.8
1222,6,33.5,40,29.9,888.8,-88.8,-999.9,-88.8
1223,6.1,33.5,40.1,30.3,888.8,-88.8,-999.9,-88.8
1224,6.2,33.5,40.1,30.7,888.8,-88.8,-999.9,-88.8
1225,6.2,33.5,40.1,30.9,888.8,-88.8,-999.9,-88.8
1226,6.4,33.5,40.1,31.1,888.8,-88.8,-999.9,-88.8
1227,6.4,33.5,40.1,31.2,888.8,-88.8,-999.9,-88.8
1228,6.5,33.5,40.1,31.3,888.8,-88.8,-999.9,-88.8
1229,6.6,33.5,40.1,31.3,888.8,-88.8,-999.9,-88.8
1230,6.7,33.5,40.1,31.1,888.8,-88.8,-999.9,-88.8
1231,6.9,33.5,40.1,31.1,888.8,-88.8,-999.9,-88.8
1232,7,33.5,40.1,31.2,888.8,-88.8,-999.9,-88.8
1233,7.1,33.5,40.1,31.3,888.8,-88.8,-999.9,-88.8
1234,7.2,33.4,40.1,31.3,888.8,-88.8,-999.9,-88.8
1235,7.4,33.4,40.1,31.4,888.8,-88.8,-999.9,-88.8
1236,7.5,33.4,40.2,31.5,888.8,-88.8,-999.9,-88.8
1237,7.6,33.4,40.2,31.5,888.8,-88.8,-999.9,-88.8
1238,7.8,33.4,40.2,31.3,888.8,-88.8,-999.9,-88.8
1239,8,33.4,40.2,31.7,888.8,-88.8,-999.9,-88.8
1240,8.1,33.4,40.2,31.5,888.8,-88.8,-999.9,-88.8
1241,8.3,33.4,40.2,31.3,888.8,-88.8,-999.9,-88.8
1242,8.5,33.4,40.2,31.3,888.8,-88.8,-999.9,-88.8
1243,8.7,33.4,40.2,31.5,888.8,-88.8,-999.9,-88.8
1244,8.8,33.4,40.2,31.5,888.8,-88.8,-999.9,-88.8
1245,9.1,33.4,40.2,31.5,888.8,-88.8,-999.9,-88.8
1246,9.3,33.4,40.2,31.6,888.8,-88.8,-999.9,-88.8
1247,9.4,33.4,40.3,31.7,888.8,-88.8,-999.9,-88.8
1248,9.6,33.4,40.3,31.3,888.8,-88.8,-999.9,-88.8
1249,9.8,33.4,40.3,30.4,888.8,-88.8,-999.9,-88.8
1250,10,33.4,40.3,30.1,888.8,-88.8,-999.9,-88.8
1251,10.2,33.4,40.3,30.3,888.8,-88.8,-999.9,-88.8
1252,10.4,33.4,40.4,30.7,888.8,-88.8,-999.9,-88.8
1253,10.5,33.3,40.4,30.9,888.8,-88.8,-999.9,-88.8
1254,10.6,33.3,40.5,31.2,888.8,-88.8,-999.9,-88.8
1255,10.8,33.2,40.5,31.5,888.8,-88.8,-999.9,-88.8
1256,11,33.2,40.6,31.7,888.8,-88.8,-999.9,-88.8
1257,11.1,33.2,40.6,31.8,888.8,-88.8,-999.9,-88.8
1258,11.3,33.2,40.7,31.9,888.8,-88.8,-999.9,-88.8
1259,11.4,33.2,40.6,31.7,888.8,-88.8,-999.9,-88.8
1300,11.5,33.2,40.6,31.7,888.8,-88.8,-999.9,-88.8
1301,11.7,33.2,40.6,31.8,888.8,-88.8,-999.9,-88.8
1302,11.9,33.1,40.6,31.3,888.8,-88.8,-999.9,-88.8
1303,12,33.1,40.6,28.8,888.8,-88.8,-999.9,-88.8
1304,12.1,33.1,40.6,28,888.8,-88.8,-999.9,-88.8
1305,12.3,33.1,40.6,27.4,888.8,-88.8,-999.9,-88.8
1306,12.4,33.1,40.6,26.9,888.8,-88.8,-999.9,-88.8
1307,12.6,33.1,40.6,27.9,888.8,-88.8,-999.9,-88.8
1308,12.7,33.1,40.6,29.9,888.8,-88.8,-999.9,-88.8
1309,12.8,33.1,40.6,31.7,888.8,-88.8,-999.9,-88.8
1310,13,33.1,40.6,33.2,888.8,-88.8,-999.9,-88.8
1311,13.1,33.1,40.6,34.4,888.8,-88.8,-999.9,-88.8
1312,13.2,33.1,40.6,35.2,888.8,-88.8,-999.9,-88.8
1313,13.4,33.1,40.6,35.8,888.8,-88.8,-999.9,-88.8
1314,13.5,33.1,40.6,36.3,888.8,-88.8,-999.9,-88.8
1315,13.6,33.1,40.6,37,888.8,-88.8,-999.9,-88.8
1316,13.7,33.1,40.6,37.8,888.8,-88.8,-999.9,-88.8
1317,13.8,33.2,40.6,38.8,888.8,-88.8,-999.9,-88.8
1318,14,33.1,40.6,39.7,888.8,-88.8,-999.9,-88.8
1319,14.1,33.1,40.6,40.6,888.8,-88.8,-999.9,-88.8
1320,14.1,33.1,40.6,40.8,888.8,-88.8,-999.9,-88.8
1321,14.3,33.1,40.6,41,888.8,-88.8,-999.9,-88.8
1322,14.3,33.1,40.5,41.4,888.8,-88.8,-999.9,-88.8
1323,14.4,33.1,40.5,41.8,888.8,-88.8,-999.9,-88.8
1324,14.5,33.1,40.5,42.2,888.8,-88.8,-999.9,-88.8
1325,14.6,33.1,40.6,42.5,888.8,-88.8,-999.9,-88.8
1326,14.7,33.1,40.5,42.8,888.8,-88.8,-999.9,-88.8
1327,14.8,33.2,40.5,43,888.8,-88.8,-999.9,-88.8
1328,14.9,33.1,40.5,43.3,888.8,-88.8,-999.9,-88.8
1329,14.9,33.1,40.5,43.9,888.8,-88.8,-999.9,-88.8
1330,15.1,33.1,40.5,44.1,888.8,-88.8,-999.9,-88.8
1331,15.1,33.1,40.5,44.1,888.8,-88.8,-999.9,-88.8
1332,15.2,33.2,40.5,44.1,888.8,-88.8,-999.9,-88.8
1333,15.3,33.1,40.5,44.1,888.8,-88.8,-999.9,-88.8
1334,15.4,33.1,40.5,44,888.8,-88.8,-999.9,-88.8
1335,15.4,33.2,40.5,43.8,888.8,-88.8,-999.9,-88.8
1336,15.5,33.2,40.5,43.6,888.8,-88.8,-999.9,-88.8
1337,15.6,33.2,40.5,43.4,888.8,-88.8,-999.9,-88.8
1338,15.6,33.1,40.4,43.2,888.8,-88.8,-999.9,-88.8
1339,15.6,33.2,40.4,43.1,888.8,-88.8,-999.9,-88.8
1340,15.7,33.1,40.4,43,888.8,-88.8,-999.9,-88.8
1341,15.8,33.1,40.4,43,888.8,-88.8,-999.9,-88.8
1342,15.8,33.1,40.4,43.1,888.8,-88.8,-999.9,-88.8
1343,15.9,33.1,40.4,42.6,888.8,-88.8,-999.9,-88.8
1344,15.9,33,40.4,42.2,888.8,-88.8,-999.9,-88.8
1345,15.9,33,40.4,41.8,888.8,-88.8,-999.9,-88.8
1346,16,33,40.4,41.4,888.8,-88.8,-999.9,-88.8
1347,16,32.9,40.4,41,888.8,-88.8,-999.9,-88.8
1348,15.9,32.9,40.4,40.3,888.8,-88.8,-999.9,-88.8
1349,15.9,32.9,40.4,40.1,888.8,-88.8,-999.9,-88.8
1350,15.9,33,40.4,40,888.8,-88.8,-999.9,-88.8
1351,15.9,32.9,40.4,39.9,888.8,-88.8,-999.9,-88.8
1352,15.8,32.9,40.4,40.2,888.8,-88.8,-999.9,-88.8
1353,15.9,32.9,40.3,40.4,888.8,-88.8,-999.9,-88.8
1354,15.8,32.9,40.4,40.9,888.8,-88.8,-999.9,-88.8
1355,15.8,32.9,40.4,41.2,888.8,-88.8,-999.9,-88.8
1356,15.7,32.8,40.3,41.5,888.8,-88.8,-999.9,-88.8
1357,15.6,32.8,40.4,41.8,888.8,-88.8,-999.9,-88.8
1358,15.6,32.8,40.3,41.9,888.8,-88.8,-999.9,-88.8
1359,15.5,32.8,40.3,42.1,888.8,-88.8,-999.9,-88.8
1400,15.4,32.8,40.3,42,888.8,-88.8,-999.9,-88.8
1401,15.3,32.7,40.3,41.7,888.8,-88.8,-999.9,-88.8
1402,15.2,32.7,40.3,41.5,888.8,-88.8,-999.9,-88.8
1403,15.1,32.7,40.3,41.3,888.8,-88.8,-999.9,-88.8
1404,14.9,32.7,40.3,41.1,888.8,-88.8,-999.9,-88.8
1405,14.8,32.6,40.3,40.6,888.8,-88.8,-999.9,-88.8
1406,14.6,32.6,40.3,40.3,888.8,-88.8,-999.9,-88.8
1407,14.4,32.6,40.3,39.9,888.8,-88.8,-999.9,-88.8
1408,14.3,32.5,40.3,39.5,888.8,-88.8,-999.9,-88.8
1409,14.1,32.5,40.3,39.1,888.8,-88.8,-999.9,-88.8
1410,13.9,32.5,40.3,38.7,888.8,-88.8,-999.9,-88.8
1411,13.8,32.5,40.3,38.4,888.8,-88.8,-999.9,-88.8
1412,13.5,32.5,40.3,37.9,888.8,-88.8,-999.9,-88.8
1413,13.4,32.5,40.2,37.9,888.8,-88.8,-999.9,-88.8
1414,13.1,32.5,40.3,38,888.8,-88.8,-999.9,-88.8
1415,12.9,32.5,40.2,38.2,888.8,-88.8,-999.9,-88.8
1416,12.7,32.5,40.3,38.7,888.8,-88.8,-999.9,-88.8
1417,12.5,32.4,40.3,39.2,888.8,-88.8,-999.9,-88.8
1418,12.3,32.4,40.2,39.8,888.8,-88.8,-999.9,-88.8
1419,12.1,32.4,40.2,40.3,888.8,-88.8,-999.9,-88.8
1420,11.9,32.4,40.2,40.8,888.8,-88.8,-999.9,-88.8
1421,11.8,32.3,40.2,41.1,888.8,-88.8,-999.9,-88.8
1422,11.5,32.3,40.2,41.4,888.8,-88.8,-999.9,-88.8
1423,11.4,32.3,40.2,41.3,888.8,-88.8,-999.9,-88.8
1424,11.1,32.3,40.2,41.7,888.8,-88.8,-999.9,-88.8
1425,10.9,32.3,40.2,41.6,888.8,-88.8,-999.9,-88.8
1426,10.7,32.2,40.2,41.8,888.8,-88.8,-999.9,-88.8
1427,10.6,32.2,40.2,41.8,888.8,-88.8,-999.9,-88.8
1428,10.4,32.2,40.2,41.9,888.8,-88.8,-999.9,-88.8
1429,10.2,32.2,40.2,42,888.8,-88.8,-999.9,-88.8
1430,10,32.2,40.2,42,888.8,-88.8,-999.9,-88.8
1431,9.8,32.2,40.1,42.5,888.8,-88.8,-999.9,-88.8
1432,9.6,32.2,40.1,42.6,888.8,-88.8,-999.9,-88.8
1433,9.4,32.1,40.1,42.7,888.8,-88.8,-999.9,-88.8
1434,9.3,32,40.1,42.9,888.8,-88.8,-999.9,-88.8
1435,9.1,32,40.1,43,888.8,-88.8,-999.9,-88.8
1436,8.9,32,40.1,43.1,888.8,-88.8,-999.9,-88.8
1437,8.8,32,40.1,43.2,888.8,-88.8,-999.9,-88.8
1438,8.6,31.9,40.1,43.3,888.8,-88.8,-999.9,-88.8
1439,8.5,31.9,40.1,43.5,888.8,-88.8,-999.9,-88.8
1440,8.3,31.9,40.1,43.6,888.8,-88.8,-999.9,-88.8
1441,8.1,31.9,40.1,43.7,888.8,-88.8,-999.9,-88.8
1442,8,31.9,40.1,43.9,888.8,-88.8,-999.9,-88.8
1443,7.9,31.9,40.1,44,888.8,-88.8,-999.9,-88.8
1444,7.7,31.9,40.1,44.2,888.8,-88.8,-999.9,-88.8
1445,7.6,31.9,40.1,44.3,888.8,-88.8,-999.9,-88.8
1446,7.5,31.9,40.1,44.4,888.8,-88.8,-999.9,-88.8
1447,7.4,31.9,40.1,44.6,888.8,-88.8,-999.9,-88.8
1448,7.3,31.9,40.1,44.7,888.8,-88.8,-999.9,-88.8
1449,7.1,31.9,40.1,44.8,888.8,-88.8,-999.9,-88.8
1450,7,32,40.1,44.6,888.8,-88.8,-999.9,-88.8
1451,6.9,31.9,40.1,44.1,888.8,-88.8,-999.9,-88.8
1452,6.8,31.9,40.1,43.7,888.8,-88.8,-999.9,-88.8
1453,6.7,31.9,40.1,43.3,888.8,-88.8,-999.9,-88.8
1454,6.6,31.9,40.1,42.9,888.8,-88.8,-999.9,-88.8
1455,6.5,31.9,40.1,42.5,888.8,-88.8,-999.9,-88.8
1456,6.5,31.9,40.1,42,888.8,-88.8,-999.9,-88.8
1457,6.4,31.9,40.1,41.5,888.8,-88.8,-999.9,-88.8
1458,6.3,31.9,40.1,41,888.8,-88.8,-999.9,-88.8
1459,6.2,32,40.1,40.6,888.8,-88.8,-999.9,-88.8
1500,6.1,32,40.1,40.1,888.8,-88.8,-999.9,-88.8
1501,6,32,40.1,39.7,888.8,-88.8,-999.9,-88.8
1502,6,32,40.1,39.3,888.8,-88.8,-999.9,-88.8
1503,5.9,32,40.1,39,888.8,-88.8,-999.9,-88.8
1504,5.8,32,40.1,38.7,888.8,-88.8,-999.9,-88.8
1505,5.7,32,40.1,38.4,888.8,-88.8,-999.9,-88.8
1506,5.7,32,40.1,38.2,888.8,-88.8,-999.9,-88.8
1507,5.6,32,40.1,38,888.8,-88.8,-999.9,-88.8
1508,5.5,32,40.1,37.7,888.8,-88.8,-999.9,-88.8
1509,5.5,32,40.1,37.5,888.8,-88.8,-999.9,-88.8
1510,5.4,32,40,37.6,888.8,-88.8,-999.9,-88.8
1511,5.4,32,40.1,37.9,888.8,-88.8,-999.9,-88.8
1512,5.3,32,40.1,38.2,888.8,-88.8,-999.9,-88.8
1513,5.2,32,40.1,38.8,888.8,-88.8,-999.9,-88.8
1514,5.2,32,40,39.4,888.8,-88.8,-999.9,-88.8
1515,5.1,32,40.1,40,888.8,-88.8,-999.9,-88.8
1516,5,32,40.1,40.5,888.8,-88.8,-999.9,-88.8
1517,5,32,40.1,40.8,888.8,-88.8,-999.9,-88.8
1518,4.9,32,40.1,40.6,888.8,-88.8,-999.9,-88.8
1519,4.9,32,40.1,40.6,888.8,-88.8,-999.9,-88.8
1520,4.7,32,40.1,40.6,888.8,-88.8,-999.9,-88.8
1521,4.7,32,40,40.4,888.8,-88.8,-999.9,-88.8
1522,4.6,32,40.1,40.3,888.8,-88.8,-999.9,-88.8
1523,4.6,32,40.1,39.9,888.8,-88.8,-999.9,-88.8
1524,4.5,32,40,39.6,888.8,-88.8,-999.9,-88.8
1525,4.4,32,40,39.2,888.8,-88.8,-999.9,-88.8
1526,4.4,32,40.1,38.8,888.8,-88.8,-999.9,-88.8
1527,4.3,32,40,38.3,888.8,-88.8,-999.9,-88.8
1528,4.2,32,40.1,38.3,888.8,-88.8,-999.9,-88.8
1529,4.2,32,40,38.4,888.8,-88.8,-999.9,-88.8
1530,4.1,32,40,38.1,888.8,-88.8,-999.9,-88.8
1531,4,32,40,37.9,888.8,-88.8,-999.9,-88.8
1532,4,32,40.1,38,888.8,-88.8,-999.9,-88.8
1533,3.9,32,40,38,888.8,-88.8,-999.9,-88.8
1534,3.9,32.1,40,37.8,888.8,-88.8,-999.9,-88.8
1535,3.8,32.1,40,37.7,888.8,-88.8,-999.9,-88.8
1536,3.7,32,40.1,37.5,888.8,-88.8,-999.9,-88.8
1537,3.7,32.1,40.1,37.1,888.8,-88.8,-999.9,-88.8
1538,3.6,32.1,40.1,37.1,888.8,-88.8,-999.9,-88.8
1539,3.6,32.1,40.1,37.3,888.8,-88.8,-999.9,-88.8
1540,3.5,32.1,40.1,37.7,888.8,-88.8,-999.9,-88.8
1541,3.5,32.1,40.1,38.2,888.8,-88.8,-999.9,-88.8
1542,3.4,32.1,40.1,38.8,888.8,-88.8,-999.9,-88.8
1543,3.3,32.1,40.1,39.4,888.8,-88.8,-999.9,-88.8
1544,3.3,32.1,40,39.9,888.8,-88.8,-999.9,-88.8
1545,3.2,32.1,40.1,40.4,888.8,-88.8,-999.9,-88.8
1546,3.2,32.1,40,40.7,888.8,-88.8,-999.9,-88.8
1547,3.1,32.1,40.1,41.1,888.8,-88.8,-999.9,-88.8
1548,3.1,32.1,40.1,41.4,888.8,-88.8,-999.9,-88.8
1549,3,32.1,40.1,41.7,888.8,-88.8,-999.9,-88.8
1550,3,32.2,40.1,42,888.8,-88.8,-999.9,-88.8
1551,2.9,32.1,40,42.2,888.8,-88.8,-999.9,-88.8
1552,2.9,32.1,40,42.4,888.8,-88.8,-999.9,-88.8
1553,2.8,32.1,40.1,42.6,888.8,-88.8,-999.9,-88.8
1554,2.7,32.2,40.1,42.7,888.8,-88.8,-999.9,-88.8
1555,2.7,32.1,40.1,42.3,888.8,-88.8,-999.9,-88.8
1556,2.6,32.2,40,42.1,888.8,-88.8,-999.9,-88.8
1557,2.6,32.2,40.1,41.9,888.8,-88.8,-999.9,-88.8
1558,2.5,32.2,40.1,41.6,888.8,-88.8,-999.9,-88.8
1559,2.5,32.2,40.1,41.2,888.8,-88.8,-999.9,-88.8
1600,2.4,32.2,40.1,40.8,888.8,-88.8,-999.9,-88.8
1601,2.4,32.2,40,40.4,888.8,-88.8,-999.9,-88.8
1602,2.4,32.2,40.1,40,888.8,-88.8,-999.9,-88.8
1603,2.3,32.2,40.1,39.4,888.8,-88.8,-999.9,-88.8
1604,2.3,32.2,40,39.2,888.8,-88.8,-999.9,-88.8
1605,2.2,32.2,40.1,39.2,888.8,-88.8,-999.9,-88.8
1606,2.2,32.2,40.1,39.4,888.8,-88.8,-999.9,-88.8
1607,2.2,32.2,40.1,39.8,888.8,-88.8,-999.9,-88.8
1608,2.2,32.2,40.1,40.3,888.8,-88.8,-999.9,-88.8
1609,2.1,32.2,40.1,40.8,888.8,-88.8,-999.9,-88.8
1610,2,32.2,40.1,41.2,888.8,-88.8,-999.9,-88.8
1611,2,32.2,40.1,41.7,888.8,-88.8,-999.9,-88.8
1612,1.9,32.2,40.1,42,888.8,-88.8,-999.9,-88.8
1613,1.9,32.2,40,42.3,888.8,-88.8,-999.9,-88.8
1614,1.9,32.2,40.1,42.5,888.8,-88.8,-999.9,-88.8
1615,1.8,32.2,40.1,42.8,888.8,-88.8,-999.9,-88.8
1616,1.8,32.2,40.1,43,888.8,-88.8,-999.9,-88.8
1617,1.7,32.2,40.1,43.2,888.8,-88.8,-999.9,-88.8
1618,1.7,32.2,40.1,43.4,888.8,-88.8,-999.9,-88.8
1619,1.7,32.2,40.1,43.5,888.8,-88.8,-999.9,-88.8
1620,1.6,32.2,40.1,43.2,888.8,-88.8,-999.9,-88.8
1621,1.6,32.2,40,40.6,888.8,-88.8,-999.9,-88.8
1622,1.6,32.2,40,39.5,888.8,-88.8,-999.9,-88.8
1623,1.6,32.3,40.1,39.2,888.8,-88.8,-999.9,-88.8
1624,1.5,32.2,40.1,39,888.8,-88.8,-999.9,-88.8
1625,1.5,32.3,40.1,39,888.8,-88.8,-999.9,-88.8
1626,1.5,32.3,40,39.3,888.8,-88.8,-999.9,-88.8
1627,1.4,32.3,40.1,39.7,888.8,-88.8,-999.9,-88.8
1628,1.4,32.3,40,40.1,888.8,-88.8,-999.9,-88.8
1629,1.3,32.3,40.1,40.4,888.8,-88.8,-999.9,-88.8
1630,1.3,32.3,40,40.7,888.8,-88.8,-999.9,-88.8
1631,1.3,32.3,40,41.1,888.8,-88.8,-999.9,-88.8
1632,1.2,32.3,40,41.4,888.8,-88.8,-999.9,-88.8
1633,1.2,32.3,40.1,41.7,888.8,-88.8,-999.9,-88.8
1634,1.2,32.3,40.1,42,888.8,-88.8,-999.9,-88.8
1635,1.2,32.3,40.1,42.2,888.8,-88.8,-999.9,-88.8
1636,1.1,32.3,40.1,42.4,888.8,-88.8,-999.9,-88.8
1637,1.1,32.3,40.1,42.6,888.8,-88.8,-999.9,-88.8
1638,1.1,32.3,40.1,42.8,888.8,-88.8,-999.9,-88.8
1639,1,32.3,40.1,43,888.8,-88.8,-999.9,-88.8
1640,1,32.3,40.1,43.2,888.8,-88.8,-999.9,-88.8
1641,1,32.3,40.1,43.2,888.8,-88.8,-999.9,-88.8
1642,1,32.3,40.1,43.1,888.8,-88.8,-999.9,-88.8
1643,0.9,32.3,40.1,43.3,888.8,-88.8,-999.9,-88.8
1644,0.9,32.3,40.1,43.4,888.8,-88.8,-999.9,-88.8
1645,0.9,32.3,40.1,43.5,888.8,-88.8,-999.9,-88.8
1646,0.9,32.3,40,43.7,888.8,-88.8,-999.9,-88.8
1647,0.8,32.3,40.1,44,888.8,-88.8,-999.9,-88.8
1648,0.8,32.3,40,44.2,888.8,-88.8,-999.9,-88.8
1649,0.7,32.3,40,44.4,888.8,-88.8,-999.9,-88.8
1650,0.7,32.3,40,44.1,888.8,-88.8,-999.9,-88.8
1651,0.7,32.3,40.1,43.9,888.8,-88.8,-999.9,-88.8
1652,0.7,32.3,40,43.9,888.8,-88.8,-999.9,-88.8
1653,0.7,32.3,40.1,43.7,888.8,-88.8,-999.9,-88.8
1654,0.6,32.3,40.1,43.3,888.8,-88.8,-999.9,-88.8
1655,0.6,32.2,40,43.1,888.8,-88.8,-999.9,-88.8
1656,0.6,32.1,40,42.6,888.8,-88.8,-999.9,-88.8
1657,0.6,32,39.9,42.1,888.8,-88.8,-999.9,-88.8
1658,0.6,31.8,39.9,41.8,888.8,-88.8,-999.9,-88.8
1659,0.6,31.7,39.9,41.4,888.8,-88.8,-999.9,-88.8
1700,0.5,31.7,39.9,41,888.8,-88.8,-999.9,-88.8
1701,0.5,31.7,39.9,40.5,888.8,-88.8,-999.9,-88.8
1702,0.5,31.6,39.9,40.2,888.8,-88.8,-999.9,-88.8
1703,0.5,31.6,39.9,39.9,888.8,-88.8,-999.9,-88.8
1704,0.4,31.6,39.9,39.5,888.8,-88.8,-999.9,-88.8
1705,0.4,31.6,39.9,39.2,888.8,-88.8,-999.9,-88.8
1706,0.4,31.5,39.9,38.9,888.8,-88.8,-999.9,-88.8
1707,0.4,31.5,39.9,38.6,888.8,-88.8,-999.9,-88.8
1708,0.4,31.5,39.9,38.3,888.8,-88.8,-999.9,-88.8
1709,0.3,31.5,39.9,37.6,888.8,-88.8,-999.9,-88.8
1710,0.3,31.5,39.9,36.9,888.8,-88.8,-999.9,-88.8
1711,0.3,31.5,39.9,35.8,888.8,-88.8,-999.9,-88.8
1712,0.3,31.5,39.9,35.2,888.8,-88.8,-999.9,-88.8
1713,0.3,31.5,39.9,34.9,888.8,-88.8,-999.9,-88.8
1714,0.3,31.5,39.9,35.1,888.8,-88.8,-999.9,-88.8
1715,0.2,31.5,39.9,35.5,888.8,-88.8,-999.9,-88.8
1716,0.2,31.5,39.9,36.3,888.8,-88.8,-999.9,-88.8
1717,0.2,31.5,39.9,37.2,888.8,-88.8,-999.9,-88.8
1718,0.2,31.4,39.9,38.2,888.8,-88.8,-999.9,-88.8
1719,0.2,31.5,39.9,39.1,888.8,-88.8,-999.9,-88.8
1720,0.1,31.5,39.9,39.9,888.8,-88.8,-999.9,-88.8
1721,0.1,31.5,39.9,41,888.8,-88.8,-999.9,-88.8
1722,0.1,31.5,39.9,41.9,888.8,-88.8,-999.9,-88.8
1723,0.1,31.4,39.9,43.1,888.8,-88.8,-999.9,-88.8
1724,0.1,31.4,39.9,43.9,888.8,-88.8,-999.9,-88.8
1725,0.1,31.4,39.8,44.6,888.8,-88.8,-999.9,-88.8
1726,0,31.4,39.9,45.3,888.8,-88.8,-999.9,-88.8
1727,0,31.3,39.9,45.8,888.8,-88.8,-999.9,-88.8
1728,0,31.3,39.9,46.2,888.8,-88.8,-999.9,-88.8
1729,0,31.2,39.8,46.6,888.8,-88.8,-999.9,-88.8
1730,0,31,39.7,47,888.8,-88.8,-999.9,-88.8
1731,0,30.7,39.6,47,888.8,-88.8,-999.9,-88.8
1732,0,30.3,39.4,45.5,888.8,-88.8,-999.9,-88.8
1733,0,30,39.3,45.1,888.8,-88.8,-999.9,-88.8
1734,0,29.6,39.1,45.2,888.8,-88.8,-999.9,-88.8
1735,0,29.2,38.8,45.6,888.8,-88.8,-999.9,-88.8
1736,0,28.9,38.6,46,888.8,-88.8,-999.9,-88.8
1737,0,28.4,38.4,46.3,888.8,-88.8,-999.9,-88.8
1738,0,28.1,38.1,46.6,888.8,-88.8,-999.9,-88.8
1739,0,27.7,37.9,46.8,888.8,-88.8,-999.9,-88.8
1740,0,27.4,37.6,46.8,888.8,-88.8,-999.9,-88.8
1741,0,27.1,37.5,46.6,888.8,-88.8,-999.9,-88.8
1742,0,26.9,37.3,46.5,888.8,-88.8,-999.9,-88.8
1743,-0.1,26.7,37.2,46.4,888.8,-88.8,-999.9,-88.8
1744,-0.1,26.7,37.1,46.1,888.8,-88.8,-999.9,-88.8
1745,-0.1,26.6,37.1,46.2,888.8,-88.8,-999.9,-88.8
1746,-0.1,26.5,37,46.1,888.8,-88.8,-999.9,-88.8
1747,-0.1,26.3,37,46.1,888.8,-88.8,-999.9,-88.8
1748,-0.1,26.1,36.9,46,888.8,-88.8,-999.9,-88.8
1749,-0.1,26,36.8,42.1,888.8,-88.8,-999.9,-88.8
1750,-0.1,25.9,36.8,41.2,888.8,-88.8,-999.9,-88.8
1751,-0.2,25.7,36.7,42.6,888.8,-88.8,-999.9,-88.8
1752,-0.2,25.6,36.6,44.6,888.8,-88.8,-999.9,-88.8
1753,-0.2,25.5,36.6,45.6,888.8,-88.8,-999.9,-88.8
1754,-0.2,25.4,36.6,45.7,888.8,-88.8,-999.9,-88.8
1755,-0.2,25.3,36.6,45.8,888.8,-88.8,-999.9,-88.8
1756,-0.2,25.3,36.5,45.9,888.8,-88.8,-999.9,-88.8
1757,-0.2,25.2,36.5,45.8,888.8,-88.8,-999.9,-88.8
1758,-0.2,25.1,36.5,45.8,888.8,-88.8,-999.9,-88.8
1759,-0.2,25.1,36.5,45.8,888.8,-88.8,-999.9,-88.8
1800,-0.2,25,36.5,45.8,888.8,-88.8,-999.9,-88.8
1801,-0.2,25,36.4,45.7,888.8,-88.8,-999.9,-88.8
1802,-0.2,25,36.4,45.8,888.8,-88.8,-999.9,-88.8
1803,-0.2,24.9,36.4,45.8,888.8,-88.8,-999.9,-88.8
1804,-0.2,24.9,36.5,45.8,888.8,-88.8,-999.9,-88.8
1805,-0.3,25,36.4,45.8,888.8,-88.8,-999.9,-88.8
1806,-0.3,24.9,36.4,45.8,888.8,-88.8,-999.9,-88.8
1807,-0.3,24.9,36.4,45.8,888.8,-88.8,-999.9,-88.8
1808,-0.3,24.9,36.4,45.8,888.8,-88.8,-999.9,-88.8
1809,-0.3,24.9,36.4,45.8,888.8,-88.8,-999.9,-88.8
1810,-0.3,24.9,36.4,45.9,888.8,-88.8,-999.9,-88.8
1811,-0.3,24.9,36.4,46,888.8,-88.8,-999.9,-88.8
1812,-0.3,24.9,36.4,46,888.8,-88.8,-999.9,-88.8
1813,-0.3,24.9,36.4,46.2,888.8,-88.8,-999.9,-88.8
1814,-0.4,24.9,36.4,46.2,888.8,-88.8,-999.9,-88.8
1815,-0.4,24.9,36.4,46.3,888.8,-88.8,-999.9,-88.8
1816,-0.4,24.9,36.4,46.3,888.8,-88.8,-999.9,-88.8
1817,-0.4,24.9,36.4,46.4,888.8,-88.8,-999.9,-88.8
1818,-0.4,24.9,36.4,46.5,888.8,-88.8,-999.9,-88.8
1819,-0.4,24.9,36.4,46.5,888.8,-88.8,-999.9,-88.8
1820,-0.4,24.9,36.4,46.6,888.8,-88.8,-999.9,-88.8
1821,-0.4,24.9,36.4,46.7,888.8,-88.8,-999.9,-88.8
1822,-0.4,24.9,36.4,46.8,888.8,-88.8,-999.9,-88.8
1823,-0.4,24.9,36.4,46.9,888.8,-88.8,-999.9,-88.8
1824,-0.4,24.8,36.4,47,888.8,-88.8,-999.9,-88.8
1825,-0.4,24.9,36.4,47,888.8,-88.8,-999.9,-88.8
1826,-0.4,24.9,36.4,47.2,888.8,-88.8,-999.9,-88.8
1827,-0.4,24.9,36.4,47.2,888.8,-88.8,-999.9,-88.8
1828,-0.4,24.9,36.4,47.3,888.8,-88.8,-999.9,-88.8
1829,-0.4,24.8,36.4,47.4,888.8,-88.8,-999.9,-88.8
1830,-0.4,24.9,36.4,47.5,888.8,-88.8,-999.9,-88.8
1831,-0.5,24.9,36.4,47.6,888.8,-88.8,-999.9,-88.8
1832,-0.5,24.9,36.5,47.7,888.8,-88.8,-999.9,-88.8
1833,-0.5,24.9,36.4,47.8,888.8,-88.8,-999.9,-88.8
1834,-0.5,24.9,36.4,47.8,888.8,-88.8,-999.9,-88.8
1835,-0.5,24.9,36.4,47,888.8,-88.8,-999.9,-88.8
1836,-0.5,24.9,36.4,46.6,888.8,-88.8,-999.9,-88.8
1837,-0.5,24.9,36.4,46.1,888.8,-88.8,-999.9,-88.8
1838,-0.5,24.9,36.4,45.7,888.8,-88.8,-999.9,-88.8
1839,-0.5,24.9,36.4,45.4,888.8,-88.8,-999.9,-88.8
1840,-0.5,24.9,36.4,45.2,888.8,-88.8,-999.9,-88.8
1841,-0.5,24.9,36.4,45.2,888.8,-88.8,-999.9,-88.8
1842,-0.5,24.9,36.4,45.2,888.8,-88.8,-999.9,-88.8
1843,-0.5,24.9,36.4,45.4,888.8,-88.8,-999.9,-88.8
1844,-0.5,24.9,36.4,45.5,888.8,-88.8,-999.9,-88.8
1845,-0.5,24.9,36.3,45.8,888.8,-88.8,-999.9,-88.8
1846,-0.5,24.9,36.4,46.1,888.8,-88.8,-999.9,-88.8
1847,-0.6,24.9,36.4,46.2,888.8,-88.8,-999.9,-88.8
1848,-0.6,24.9,36.4,46.4,888.8,-88.8,-999.9,-88.8
1849,-0.6,24.8,36.4,46.7,888.8,-88.8,-999.9,-88.8
1850,-0.6,24.8,36.4,46.8,888.8,-88.8,-999.9,-88.8
1851,-0.6,24.9,36.3,47,888.8,-88.8,-999.9,-88.8
1852,-0.6,24.8,36.3,47.2,888.8,-88.8,-999.9,-88.8
1853,-0.6,24.8,36.3,47.3,888.8,-88.8,-999.9,-88.8
1854,-0.6,24.8,36.3,47.4,888.8,-88.8,-999.9,-88.8
1855,-0.6,24.8,36.3,47.6,888.8,-88.8,-999.9,-88.8
1856,-0.6,24.8,36.3,47.7,888.8,-88.8,-999.9,-88.8
1857,-0.6,24.8,36.3,47.8,888.8,-88.8,-999.9,-88.8
1858,-0.7,24.8,36.3,48,888.8,-88.8,-999.9,-88.8
1859,-0.7,24.8,36.3,48.1,888.8,-88.8,-999.9,-88.8
1900,-0.7,24.8,36.3,48.2,888.8,-88.8,-999.9,-88.8
1901,-0.7,24.8,36.3,48.3,888.8,-88.8,-999.9,-88.8
1902,-0.7,24.8,36.3,48.4,888.8,-88.8,-999.9,-88.8
1903,-0.7,24.8,36.3,48.3,888.8,-88.8,-999.9,-88.8
1904,-0.7,24.8,36.3,47.6,888.8,-88.8,-999.9,-88.8
1905,-0.7,24.8,36.3,47.1,888.8,-88.8,-999.9,-88.8
1906,-0.7,24.8,36.3,46.6,888.8,-88.8,-999.9,-88.8
1907,-0.7,24.8,36.3,46.2,888.8,-88.8,-999.9,-88.8
1908,-0.7,24.8,36.3,45.8,888.8,-88.8,-999.9,-88.8
1909,-0.7,24.8,36.3,45.5,888.8,-88.8,-999.9,-88.8
1910,-0.7,24.8,36.3,45.1,888.8,-88.8,-999.9,-88.8
1911,-0.7,24.8,36.3,44.7,888.8,-88.8,-999.9,-88.8
1912,-0.7,24.7,36.2,44.2,888.8,-88.8,-999.9,-88.8
1913,-0.8,24.6,36.1,43.9,888.8,-88.8,-999.9,-88.8
1914,-0.7,24.6,36.1,43.9,888.8,-88.8,-999.9,-88.8
1915,-0.7,24.5,36.1,43.9,888.8,-88.8,-999.9,-88.8
1916,-0.8,24.5,36.1,44.2,888.8,-88.8,-999.9,-88.8
1917,-0.8,24.4,36.1,44.5,888.8,-88.8,-999.9,-88.8
1918,-0.8,24.4,36.1,44.8,888.8,-88.8,-999.9,-88.8
1919,-0.8,24.4,36.1,45,888.8,-88.8,-999.9,-88.8
1920,-0.8,24.4,36,45.3,888.8,-88.8,-999.9,-88.8
1921,-0.8,24.3,36,45.6,888.8,-88.8,-999.9,-88.8
1922,-0.8,24.3,36,45.8,888.8,-88.8,-999.9,-88.8
1923,-0.8,24.3,36,45.9,888.8,-88.8,-999.9,-88.8
1924,-0.8,24.3,36,46.1,888.8,-88.8,-999.9,-88.8
1925,-0.8,24.3,36,46.2,888.8,-88.8,-999.9,-88.8
1926,-0.8,24.3,36,46.4,888.8,-88.8,-999.9,-88.8
1927,-0.8,24.3,36,46.5,888.8,-88.8,-999.9,-88.8
1928,-0.8,24.3,36,46.7,888.8,-88.8,-999.9,-88.8
1929,-0.8,24.3,36,46.8,888.8,-88.8,-999.9,-88.8
1930,-0.8,24.3,36,46.9,888.8,-88.8,-999.9,-88.8
1931,-0.8,24.3,36,47,888.8,-88.8,-999.9,-88.8
1932,-0.8,24.3,36,47.1,888.8,-88.8,-999.9,-88.8
1933,-0.8,24.3,36,47.2,888.8,-88.8,-999.9,-88.8
1934,-0.8,24.3,36,47.3,888.8,-88.8,-999.9,-88.8
1935,-0.8,24.3,36,47.4,888.8,-88.8,-999.9,-88.8
1936,-0.8,24.3,36,47.5,888.8,-88.8,-999.9,-88.8
1937,-0.8,24.3,36,47.5,888.8,-88.8,-999.9,-88.8
1938,-0.8,24.3,36,47.6,888.8,-88.8,-999.9,-88.8
1939,-0.8,24.4,36,47.6,888.8,-88.8,-999.9,-88.8
1940,-0.8,24.3,36,47.7,888.8,-88.8,-999.9,-88.8
1941,-0.9,24.3,36,47.7,888.8,-88.8,-999.9,-88.8
1942,-0.8,24.3,36,47.8,888.8,-88.8,-999.9,-88.8
1943,-0.9,24.3,36,47.8,888.8,-88.8,-999.9,-88.8
1944,-0.8,24.3,36,47.1,888.8,-88.8,-999.9,-88.8
1945,-0.8,24.4,36,46.6,888.8,-88.8,-999.9,-88.8
1946,-0.8,24.4,36,46,888.8,-88.8,-999.9,-88.8
1947,-0.8,24.4,36,45.6,888.8,-88.8,-999.9,-88.8
1948,-0.8,24.4,36,45.2,888.8,-88.8,-999.9,-88.8
1949,-0.8,24.4,36,44.9,888.8,-88.8,-999.9,-88.8
1950,-0.8,24.4,36,44.5,888.8,-88.8,-999.9,-88.8
1951,-0.9,24.4,36,44.1,888.8,-88.8,-999.9,-88.8
1952,-0.9,24.4,36,43.7,888.8,-88.8,-999.9,-88.8
1953,-0.9,24.4,36,43.3,888.8,-88.8,-999.9,-88.8
1954,-0.9,24.4,36,42.9,888.8,-88.8,-999.9,-88.8
1955,-0.9,24.3,36,42.5,888.8,-88.8,-999.9,-88.8
1956,-0.9,24.4,36,42.1,888.8,-88.8,-999.9,-88.8
1957,-0.9,24.4,36,41.8,888.8,-88.8,-999.9,-88.8
1958,-0.9,24.4,36,41.5,888.8,-88.8,-999.9,-88.8
1959,-0.9,24.4,36,41.2,888.8,-88.8,-999.9,-88.8
2000,-0.9,24.4,36.1,40.8,888.8,-88.8,-999.9,-88.8
2001,-0.9,24.4,36,40.7,888.8,-88.8,-999.9,-88.8
2002,-0.9,24.4,36,41,888.8,-88.8,-999.9,-88.8
2003,-0.9,24.4,36,41.1,888.8,-88.8,-999.9,-88.8
2004,-0.9,24.4,36,41.6,888.8,-88.8,-999.9,-88.8
2005,-0.9,24.4,36,42.1,888.8,-88.8,-999.9,-88.8
2006,-0.9,24.4,36.1,42.6,888.8,-88.8,-999.9,-88.8
2007,-0.9,24.4,36,43.2,888.8,-88.8,-999.9,-88.8
2008,-0.9,24.4,36,43.6,888.8,-88.8,-999.9,-88.8
2009,-0.9,24.5,36,44.1,888.8,-88.8,-999.9,-88.8
2010,-0.9,24.4,36,43.6,888.8,-88.8,-999.9,-88.8
2011,-0.9,24.5,36.1,43.4,888.8,-88.8,-999.9,-88.8
2012,-0.9,24.5,36,43.3,888.8,-88.8,-999.9,-88.8
2013,-0.9,24.5,36.1,43.2,888.8,-88.8,-999.9,-88.8
2014,-0.9,24.5,36.1,38.6,888.8,-88.8,-999.9,-88.8
2015,-0.9,24.5,36.1,34.4,888.8,-88.8,-999.9,-88.8
2016,-0.9,24.5,36.1,33.3,888.8,-88.8,-999.9,-88.8
2017,-0.9,24.5,36.1,32.6,888.8,-88.8,-999.9,-88.8
2018,-0.9,24.5,36.1,31.9,888.8,-88.8,-999.9,-88.8
2019,-0.9,24.5,36.1,31.6,888.8,-88.8,-999.9,-88.8
2020,-0.9,24.5,36.1,31.2,888.8,-88.8,-999.9,-88.8
2021,-0.9,24.5,36.1,30.8,888.8,-88.8,-999.9,-88.8
2022,-0.9,24.5,36.1,30.5,888.8,-88.8,-999.9,-88.8
2023,-0.9,24.5,36.1,30.3,888.8,-88.8,-999.9,-88.8
2024,-0.9,24.5,36.1,30,888.8,-88.8,-999.9,-88.8
2025,-0.9,24.5,36.1,29.9,888.8,-88.8,-999.9,-88.8
2026,-0.9,24.5,36.1,29.7,888.8,-88.8,-999.9,-88.8
2027,-0.9,24.5,36.1,29.5,888.8,-88.8,-999.9,-88.8
2028,-0.9,24.5,36.1,29.3,888.8,-88.8,-999.9,-88.8
2029,-0.9,24.5,36.1,29.1,888.8,-88.8,-999.9,-88.8
2030,-0.9,24.5,36.1,29,888.8,-88.8,-999.9,-88.8
2031,-0.9,24.5,36.1,28.8,888.8,-88.8,-999.9,-88.8
2032,-0.9,24.5,36.1,28.7,888.8,-88.8,-999.9,-88.8
2033,-0.9,24.5,36.1,28.5,888.8,-88.8,-999.9,-88.8
2034,-0.9,24.5,36.1,28.4,888.8,-88.8,-999.9,-88.8
2035,-0.9,24.5,36.1,28.2,888.8,-88.8,-999.9,-88.8
2036,-0.9,24.6,36.1,28.2,888.8,-88.8,-999.9,-88.8
2037,-0.9,24.5,36.1,28,888.8,-88.8,-999.9,-88.8
2038,-0.9,24.5,36.1,27.9,888.8,-88.8,-999.9,-88.8
2039,-0.9,24.6,36.1,27.8,888.8,-88.8,-999.9,-88.8
2040,-0.9,24.6,36.1,27.6,888.8,-88.8,-999.9,-88.8
2041,-0.9,24.6,36.1,27.5,888.8,-88.8,-999.9,-88.8
2042,-0.9,24.6,36.1,27.3,888.8,-88.8,-999.9,-88.8
2043,-0.9,24.6,36.1,27.3,888.8,-88.8,-999.9,-88.8
2044,-0.9,24.6,36.1,27.1,888.8,-88.8,-999.9,-88.8
2045,-0.9,24.6,36.1,27,888.8,-88.8,-999.9,-88.8
2046,-0.9,24.6,36.1,26.9,888.8,-88.8,-999.9,-88.8
2047,-0.9,24.6,36.1,26.8,888.8,-88.8,-999.9,-88.8
2048,-1,24.6,36.1,26.7,888.8,-88.8,-999.9,-88.8
2049,-1,24.6,36.1,26.6,888.8,-88.8,-999.9,-88.8
2050,-1,24.6,36.1,26.5,888.8,-88.8,-999.9,-88.8
2051,-1,24.6,36.1,26.4,888.8,-88.8,-999.9,-88.8
2052,-1,24.6,36.1,26.3,888.8,-88.8,-999.9,-88.8
2053,-1,24.6,36.1,26.2,888.8,-88.8,-999.9,-88.8
2054,-1,24.6,36.1,26.1,888.8,-88.8,-999.9,-88.8
2055,-1,24.6,36.1,26,888.8,-88.8,-999.9,-88.8
2056,-1,24.6,36.1,25.9,888.8,-88.8,-999.9,-88.8
2057,-1,24.6,36.1,25.7,888.8,-88.8,-999.9,-88.8
2058,-1,24.6,36.1,25.7,888.8,-88.8,-999.9,-88.8
2059,-1,24.6,36.1,25.6,888.8,-88.8,-999.9,-88.8
2100,-1,24.6,36.1,25.6,888.8,-88.8,-999.9,-88.8
2101,-1.1,24.6,36.1,27.8,888.8,-88.8,-999.9,-88.8
2102,-1.1,24.6,36.1,31.8,888.8,-88.8,-999.9,-88.8
2103,-1.1,24.7,36.1,27.4,888.8,-88.8,-999.9,-88.8
2104,-1.1,24.7,36.1,27.6,888.8,-88.8,-999.9,-88.8
2105,-1.1,24.7,36.1,28.6,888.8,-88.8,-999.9,-88.8
2106,-1.1,24.6,36.1,29,888.8,-88.8,-999.9,-88.8
2107,-1.1,24.6,36.1,29.5,888.8,-88.8,-999.9,-88.8
2108,-1.1,24.7,36.1,30.1,888.8,-88.8,-999.9,-88.8
2109,-1.1,24.7,36.1,30.6,888.8,-88.8,-999.9,-88.8
2110,-1.2,24.7,36.1,31.1,888.8,-88.8,-999.9,-88.8
2111,-1.2,24.7,36.2,31.7,888.8,-88.8,-999.9,-88.8
2112,-1.2,24.7,36.2,32.1,888.8,-88.8,-999.9,-88.8
2113,-1.2,24.7,36.2,32.5,888.8,-88.8,-999.9,-88.8
2114,-1.2,24.7,36.2,32.7,888.8,-88.8,-999.9,-88.8
2115,-1.2,24.7,36.2,33,888.8,-88.8,-999.9,-88.8
2116,-1.2,24.7,36.2,33.2,888.8,-88.8,-999.9,-88.8
2117,-1.3,24.7,36.2,33.3,888.8,-88.8,-999.9,-88.8
2118,-1.3,24.7,36.2,33.5,888.8,-88.8,-999.9,-88.8
2119,-1.3,24.7,36.3,33.4,888.8,-88.8,-999.9,-88.8
2120,-1.3,24.7,36.3,33.7,888.8,-88.8,-999.9,-88.8
2121,-1.3,24.8,36.3,33.8,888.8,-88.8,-999.9,-88.8
2122,-1.3,24.8,36.3,33.9,888.8,-88.8,-999.9,-88.8
2123,-1.4,24.8,36.3,34,888.8,-88.8,-999.9,-88.8
2124,-1.4,24.8,36.3,34,888.8,-88.8,-999.9,-88.8
2125,-1.4,24.7,36.3,34.1,888.8,-88.8,-999.9,-88.8
2126,-1.4,24.7,36.3,34.2,888.8,-88.8,-999.9,-88.8
2127,-1.4,24.7,36.3,34.2,888.8,-88.8,-999.9,-88.8
2128,-1.4,24.8,36.4,34.2,888.8,-88.8,-999.9,-88.8
2129,-1.4,24.8,36.4,34.2,888.8,-88.8,-999.9,-88.8
2130,-1.4,24.8,36.4,34.3,888.8,-88.8,-999.9,-88.8
2131,-1.5,24.8,36.4,34.3,888.8,-88.8,-999.9,-88.8
2132,-1.5,24.8,36.5,34.3,888.8,-88.8,-999.9,-88.8
2133,-1.5,24.8,36.5,34.3,888.8,-88.8,-999.9,-88.8
2134,-1.5,24.8,36.5,34.3,888.8,-88.8,-999.9,-88.8
2135,-1.5,24.8,36.5,34.3,888.8,-88.8,-999.9,-88.8
2136,-1.5,24.8,36.5,34.3,888.8,-88.8,-999.9,-88.8
2137,-1.5,24.8,36.5,34.3,888.8,-88.8,-999.9,-88.8
2138,-1.5,24.8,36.6,34.3,888.8,-88.8,-999.9,-88.8
2139,-1.6,24.8,36.6,34.2,888.8,-88.8,-999.9,-88.8
2140,-1.6,24.8,36.6,34.2,888.8,-88.8,-999.9,-88.8
2141,-1.6,24.8,36.6,34.2,888.8,-88.8,-999.9,-88.8
2142,-1.6,24.8,36.7,34.1,888.8,-88.8,-999.9,-88.8
2143,-1.6,24.8,36.7,34.2,888.8,-88.8,-999.9,-88.8
2144,-1.6,24.8,36.8,34.1,888.8,-88.8,-999.9,-88.8
2145,-1.6,24.8,36.8,34.1,888.8,-88.8,-999.9,-88.8
2146,-1.7,24.8,36.8,34,888.8,-88.8,-999.9,-88.8
2147,-1.7,24.8,36.8,34,888.8,-88.8,-999.9,-88.8
2148,-1.7,24.8,36.9,33.9,888.8,-88.8,-999.9,-88.8
2149,-1.6,24.9,36.9,33.9,888.8,-88.8,-999.9,-88.8
2150,-1.7,24.8,36.9,33.9,888.8,-88.8,-999.9,-88.8
2151,-1.7,24.9,37,33.9,888.8,-88.8,-999.9,-88.8
2152,-1.7,24.8,37,33.8,888.8,-88.8,-999.9,-88.8
2153,-1.7,24.8,37.1,33.8,888.8,-88.8,-999.9,-88.8
2154,-1.8,24.8,37.2,33.8,888.8,-88.8,-999.9,-88.8
2155,-1.8,24.8,37.2,33.7,888.8,-88.8,-999.9,-88.8
2156,-1.8,24.8,37.2,33.7,888.8,-88.8,-999.9,-88.8
2157,-1.8,24.8,37.3,33.7,888.8,-88.8,-999.9,-88.8
2158,-1.8,24.9,37.3,33.7,888.8,-88.8,-999.9,-88.8
2159,-1.8,24.9,37.3,33.6,888.8,-88.8,-999.9,-88.8
2200,-1.8,24.9,37.4,33.6,888.8,-88.8,-999.9,-88.8
2201,-1.8,24.9,37.4,33.5,888.8,-88.8,-999.9,-88.8
2202,-1.8,24.9,37.5,33.5,888.8,-88.8,-999.9,-88.8
2203,-1.9,24.9,37.5,33.5,888.8,-88.8,-999.9,-88.8
2204,-1.9,24.8,37.6,33.9,888.8,-88.8,-999.9,-88.8
2205,-1.9,24.9,37.6,33.5,888.8,-88.8,-999.9,-88.8
2206,-1.9,24.9,37.7,32.1,888.8,-88.8,-999.9,-88.8
2207,-1.9,24.9,37.7,31.6,888.8,-88.8,-999.9,-88.8
2208,-1.9,24.9,37.7,31.5,888.8,-88.8,-999.9,-88.8
2209,-1.9,24.9,37.7,31.4,888.8,-88.8,-999.9,-88.8
2210,-1.9,24.9,37.8,31.3,888.8,-88.8,-999.9,-88.8
2211,-1.9,24.9,37.7,31.3,888.8,-88.8,-999.9,-88.8
2212,-1.9,24.9,37.7,31.5,888.8,-88.8,-999.9,-88.8
2213,-1.9,24.9,37.7,31.6,888.8,-88.8,-999.9,-88.8
2214,-1.9,24.9,37.8,31.7,888.8,-88.8,-999.9,-88.8
2215,-1.9,24.9,37.7,31.8,888.8,-88.8,-999.9,-88.8
2216,-1.9,24.9,37.7,32,888.8,-88.8,-999.9,-88.8
2217,-2,24.9,37.7,32.2,888.8,-88.8,-999.9,-88.8
2218,-2,24.9,37.7,32.3,888.8,-88.8,-999.9,-88.8
2219,-2,24.9,37.7,32.5,888.8,-88.8,-999.9,-88.8
2220,-2,24.9,37.7,32,888.8,-88.8,-999.9,-88.8
2221,-2,24.9,37.7,33,888.8,-88.8,-999.9,-88.8
2222,-2,24.9,37.7,33,888.8,-88.8,-999.9,-88.8
2223,-2,24.9,37.7,33,888.8,-88.8,-999.9,-88.8
2224,-2,24.9,37.7,32.9,888.8,-88.8,-999.9,-88.8
2225,-2.1,24.9,37.7,32.6,888.8,-88.8,-999.9,-88.8
2226,-2.1,24.9,37.7,33,888.8,-88.8,-999.9,-88.8
2227,-2.1,24.9,37.7,32.9,888.8,-88.8,-999.9,-88.8
2228,-2.1,24.9,37.7,32.9,888.8,-88.8,-999.9,-88.8
2229,-2.1,24.9,37.7,33,888.8,-88.8,-999.9,-88.8
2230,-2.1,24.9,37.7,32.9,888.8,-88.8,-999.9,-88.8
2231,-2.2,24.9,37.7,32.9,888.8,-88.8,-999.9,-88.8
2232,-2.1,24.9,37.6,32.9,888.8,-88.8,-999.9,-88.8
2233,-2.2,24.9,37.7,33,888.8,-88.8,-999.9,-88.8
2234,-2.2,24.9,37.6,32.9,888.8,-88.8,-999.9,-88.8
2235,-2.2,24.9,37.7,32.9,888.8,-88.8,-999.9,-88.8
2236,-2.2,24.9,37.7,32.9,888.8,-88.8,-999.9,-88.8
2237,-2.2,24.9,37.7,32.9,888.8,-88.8,-999.9,-88.8
2238,-2.2,24.9,37.7,32.9,888.8,-88.8,-999.9,-88.8
2239,-2.2,24.9,37.7,32.9,888.8,-88.8,-999.9,-88.8
2240,-2.3,24.9,37.7,32.8,888.8,-88.8,-999.9,-88.8
2241,-2.3,24.9,37.7,32.8,888.8,-88.8,-999.9,-88.8
2242,-2.3,24.9,37.7,32.8,888.8,-88.8,-999.9,-88.8
2243,-2.3,24.9,37.7,32.7,888.8,-88.8,-999.9,-88.8
2244,-2.3,24.9,37.7,32.7,888.8,-88.8,-999.9,-88.8
2245,-2.3,24.9,37.7,32.7,888.8,-88.8,-999.9,-88.8
2246,-2.3,24.9,37.7,32.7,888.8,-88.8,-999.9,-88.8
2247,-2.3,24.9,37.7,32.6,888.8,-88.8,-999.9,-88.8
2248,-2.3,24.9,37.7,32.6,888.8,-88.8,-999.9,-88.8
2249,-2.3,24.9,37.7,32.6,888.8,-88.8,-999.9,-88.8
2250,-2.3,24.9,37.7,32.5,888.8,-88.8,-999.9,-88.8
2251,-2.4,24.9,37.7,32.5,888.8,-88.8,-999.9,-88.8
2252,-2.4,24.9,37.7,32.5,888.8,-88.8,-999.9,-88.8
2253,-2.4,24.9,37.7,32.4,888.8,-88.8,-999.9,-88.8
2254,-2.4,24.9,37.7,32.4,888.8,-88.8,-999.9,-88.8
2255,-2.4,25,37.7,32.3,888.8,-88.8,-999.9,-88.8
2256,-2.4,24.9,37.7,32.3,888.8,-88.8,-999.9,-88.8
2257,-2.4,25,37.7,32.2,888.8,-88.8,-999.9,-88.8
2258,-2.4,25,37.7,32.2,888.8,-88.8,-999.9,-88.8
2259,-2.4,25,37.7,32.2,888.8,-88.8,-999.9,-88.8
2300,-2.4,25,37.7,32.2,888.8,-88.8,-999.9,-88.8
2301,-2.4,25,37.7,32.1,888.8,-88.8,-999.9,-88.8
2302,-2.4,25,37.7,32.1,888.8,-88.8,-999.9,-88.8
2303,-2.4,25,37.7,32,888.8,-88.8,-999.9,-88.8
2304,-2.4,25,37.7,32,888.8,-88.8,-999.9,-88.8
2305,-2.4,25,37.7,32,888.8,-88.8,-999.9,-88.8
2306,-2.4,25,37.7,31.9,888.8,-88.8,-999.9,-88.8
2307,-2.4,25,37.7,31.8,888.8,-88.8,-999.9,-88.8
2308,-2.4,25,37.7,31.8,888.8,-88.8,-999.9,-88.8
2309,-2.4,25,37.7,31.7,888.8,-88.8,-999.9,-88.8
2310,-2.4,25,37.7,31.7,888.8,-88.8,-999.9,-88.8
2311,-2.4,25,37.7,31.6,888.8,-88.8,-999.9,-88.8
2312,-2.4,25,37.7,31.5,888.8,-88.8,-999.9,-88.8
2313,-2.4,25,37.7,31.5,888.8,-88.8,-999.9,-88.8
2314,-2.4,25,37.7,31.5,888.8,-88.8,-999.9,-88.8
2315,-2.4,25,37.7,31.5,888.8,-88.8,-999.9,-88.8
2316,-2.4,25,37.7,31.5,888.8,-88.8,-999.9,-88.8
2317,-2.4,25,37.7,31.3,888.8,-88.8,-999.9,-88.8
2318,-2.4,25,37.8,31.3,888.8,-88.8,-999.9,-88.8
2319,-2.4,25,37.7,31.3,888.8,-88.8,-999.9,-88.8
2320,-2.4,25,37.8,31.3,888.8,-88.8,-999.9,-88.8
2321,-2.4,25,37.8,31.2,888.8,-88.8,-999.9,-88.8
2322,-2.5,25,37.8,31.2,888.8,-88.8,-999.9,-88.8
2323,-2.5,25,37.8,31.1,888.8,-88.8,-999.9,-88.8
2324,-2.5,25,37.8,31,888.8,-88.8,-999.9,-88.8
2325,-2.5,25,37.8,31,888.8,-88.8,-999.9,-88.8
2326,-2.5,25.1,37.8,30.9,888.8,-88.8,-999.9,-88.8
2327,-2.5,25,37.8,30.8,888.8,-88.8,-999.9,-88.8
2328,-2.5,25,37.8,30.8,888.8,-88.8,-999.9,-88.8
2329,-2.5,25,37.8,30.7,888.8,-88.8,-999.9,-88.8
2330,-2.5,25,37.8,30.6,888.8,-88.8,-999.9,-88.8
2331,-2.5,25,37.7,30.4,888.8,-88.8,-999.9,-88.8
2332,-2.5,25.1,37.8,30.3,888.8,-88.8,-999.9,-88.8
2333,-2.6,25,37.9,30.2,888.8,-88.8,-999.9,-88.8
2334,-2.5,25.1,37.9,30,888.8,-88.8,-999.9,-88.8
2335,-2.5,25.1,37.9,29.9,888.8,-88.8,-999.9,-88.8
2336,-2.5,25,37.9,29.7,888.8,-88.8,-999.9,-88.8
2337,-2.5,25.1,37.9,29.5,888.8,-88.8,-999.9,-88.8
2338,-2.5,25.1,37.9,29.4,888.8,-88.8,-999.9,-88.8
2339,-2.5,25.1,38,29.2,888.8,-88.8,-999.9,-88.8
2340,-2.5,25.1,37.9,29,888.8,-88.8,-999.9,-88.8
2341,-2.5,25.1,38,28.8,888.8,-88.8,-999.9,-88.8
2342,-2.5,25.1,38,28.6,888.8,-88.8,-999.9,-88.8
2343,-2.5,25.1,38,28.4,888.8,-88.8,-999.9,-88.8
2344,-2.5,25.1,38.1,28.1,888.8,-88.8,-999.9,-88.8
2345,-2.5,25.1,38.1,27.9,888.8,-88.8,-999.9,-88.8
2346,-2.5,25.1,38.1,27.7,888.8,-88.8,-999.9,-88.8
2347,-2.5,25.1,38.1,27.4,888.8,-88.8,-999.9,-88.8
2348,-2.5,25.1,38.2,27.3,888.8,-88.8,-999.9,-88.8
2349,-2.5,25.1,38.2,27.1,888.8,-88.8,-999.9,-88.8
2350,-2.5,25.1,38.2,27,888.8,-88.8,-999.9,-88.8
2351,-2.5,25.1,38.3,26.8,888.8,-88.8,-999.9,-88.8
2352,-2.5,25.1,38.3,26.7,888.8,-88.8,-999.9,-88.8
2353,-2.5,25.1,38.3,26.7,888.8,-88.8,-999.9,-88.8
2354,-2.5,25.1,38.2,26.6,888.8,-88.8,-999.9,-88.8
2355,-2.5,25.1,38.4,26.5,888.8,-88.8,-999.9,-88.8
2356,-2.5,25.1,38.3,26.5,888.8,-88.8,-999.9,-88.8
2357,-2.4,25.1,38.3,26.5,888.8,-88.8,-999.9,-88.8
2358,-2.4,25.1,38.4,26.3,888.8,-88.8,-999.9,-88.8
2359,-2.4,25.1,38.3,26.3,888.8,-88.8,-999.9,-88.8