0,2.5,21.3,30,22.2,888.8,-88.8,-999.9,-88.8
1,2.5,21.4,30,22.2,888.8,-88.8,-999.9,-88.8
2,2.5,21.4,30,22.1,888.8,-88.8,-999.9,-88.8
3,2.5,21.4,30,22.1,888.8,-88.8,-999.9,-88.8
4,2.5,21.4,30,22.1,888.8,-88.8,-999.9,-88.8
5,2.5,21.4,30,22,888.8,-88.8,-999.9,-88.8
6,2.5,21.4,30,22,888.8,-88.8,-999.9,-88.8
7,2.5,21.4,30,21.9,888.8,-88.8,-999.9,-88.8
8,2.6,21.5,30,21.9,888.8,-88.8,-999.9,-88.8
9,2.6,21.4,30,21.8,888.8,-88.8,-999.9,-88.8
10,2.5,21.4,30,21.8,888.8,-88.8,-999.9,-88.8
11,2.5,21.4,30,21.8,888.8,-88.8,-999.9,-88.8
12,2.5,21.4,30,21.7,888.8,-88.8,-999.9,-88.8
13,2.5,21.4,30,21.7,888.8,-88.8,-999.9,-88.8
14,2.5,21.4,30,21.6,888.8,-88.8,-999.9,-88.8
15,2.5,21.4,30,21.6,888.8,-88.8,-999.9,-88.8
16,2.6,21.4,30,21.6,888.8,-88.8,-999.9,-88.8
17,2.6,21.4,30,21.5,888.8,-88.8,-999.9,-88.8
18,2.6,21.5,30,21.5,888.8,-88.8,-999.9,-88.8
19,2.6,21.5,30,21.4,888.8,-88.8,-999.9,-88.8
20,2.6,21.5,30,21.4,888.8,-88.8,-999.9,-88.8
21,2.6,21.4,30,21.4,888.8,-88.8,-999.9,-88.8
22,2.6,21.5,30,21.3,888.8,-88.8,-999.9,-88.8
23,2.6,21.5,30,21.3,888.8,-88.8,-999.9,-88.8
24,2.6,21.5,30,21.3,888.8,-88.8,-999.9,-88.8
25,2.6,21.5,30,21.3,888.8,-88.8,-999.9,-88.8
26,2.6,21.5,30,21.2,888.8,-88.8,-999.9,-88.8
27,2.6,21.5,30,21.2,888.8,-88.8,-999.9,-88.8
28,2.6,21.5,30,21.1,888.8,-88.8,-999.9,-88.8
29,2.6,21.5,30,21.1,888.8,-88.8,-999.9,-88.8
30,2.6,21.5,30,21,888.8,-88.8,-999.9,-88.8
31,2.7,21.5,30,21,888.8,-88.8,-999.9,-88.8
32,2.7,21.5,30,21,888.8,-88.8,-999.9,-88.8
33,2.6,21.5,30,21,888.8,-88.8,-999.9,-88.8
34,2.7,21.5,30,20.9,888.8,-88.8,-999.9,-88.8
35,2.7,21.5,30.1,20.9,888.8,-88.8,-999.9,-88.8
36,2.7,21.5,30.1,20.9,888.8,-88.8,-999.9,-88.8
37,2.7,21.5,30.1,20.9,888.8,-88.8,-999.9,-88.8
38,2.7,21.5,30.1,20.8,888.8,-88.8,-999.9,-88.8
39,2.7,21.5,30.1,20.8,888.8,-88.8,-999.9,-88.8
40,2.7,21.6,30.1,20.7,888.8,-88.8,-999.9,-88.8
41,2.7,21.6,30.1,20.7,888.8,-88.8,-999.9,-88.8
42,2.7,21.6,30.1,20.7,888.8,-88.8,-999.9,-88.8
43,2.7,21.6,30.1,20.6,888.8,-88.8,-999.9,-88.8
44,2.7,21.6,30.1,20.6,888.8,-88.8,-999.9,-88.8
45,2.7,21.5,30.1,20.6,888.8,-88.8,-999.9,-88.8
46,2.7,21.6,30.1,20.6,888.8,-88.8,-999.9,-88.8
47,2.7,21.6,30.1,20.6,888.8,-88.8,-999.9,-88.8
48,2.7,21.6,30.1,20.5,888.8,-88.8,-999.9,-88.8
49,2.7,21.6,30.1,20.5,888.8,-88.8,-999.9,-88.8
50,2.7,21.6,30.1,20.5,888.8,-88.8,-999.9,-88.8
51,2.7,21.6,30.1,20.5,888.8,-88.8,-999.9,-88.8
52,2.7,21.6,30.1,20.4,888.8,-88.8,-999.9,-88.8
53,2.7,21.6,30.1,20.4,888.8,-88.8,-999.9,-88.8
54,2.7,21.6,30.1,20.4,888.8,-88.8,-999.9,-88.8
55,2.7,21.6,30.1,20.3,888.8,-88.8,-999.9,-88.8
56,2.7,21.6,30.1,20.3,888.8,-88.8,-999.9,-88.8
57,2.7,21.6,30.1,20.3,888.8,-88.8,-999.9,-88.8
58,2.8,21.6,30.1,20.3,888.8,-88.8,-999.9,-88.8
59,2.7,21.6,30.1,20.3,888.8,-88.8,-999.9,-88.8
100,2.7,21.6,30.1,20.2,888.8,-88.8,-999.9,-88.8
101,2.7,21.6,30.1,20.2,888.8,-88.8,-999.9,-88.8
102,2.8,21.6,30.1,20.2,888.8,-88.8,-999.9,-88.8
103,2.8,21.6,30.1,20.2,888.8,-88.8,-999.9,-88.8
104,2.7,21.7,30.2,20.1,888.8,-88.8,-999.9,-88.8
105,2.8,21.7,30.2,20.1,888.8,-88.8,-999.9,-88.8
106,2.8,21.7,30.1,20.1,888.8,-88.8,-999.9,-88.8
107,2.8,21.7,30.1,20.1,888.8,-88.8,-999.9,-88.8
108,2.8,21.7,30.1,20,888.8,-88.8,-999.9,-88.8
109,2.8,21.7,30.1,20,888.8,-88.8,-999.9,-88.8
110,2.8,21.7,30.1,20,888.8,-88.8,-999.9,-88.8
111,2.8,21.7,30.2,20,888.8,-88.8,-999.9,-88.8
112,2.8,21.7,30.2,20,888.8,-88.8,-999.9,-88.8
113,2.8,21.7,30.2,19.9,888.8,-88.8,-999.9,-88.8
114,2.8,21.7,30.2,19.9,888.8,-88.8,-999.9,-88.8
115,2.8,21.7,30.2,19.9,888.8,-88.8,-999.9,-88.8
116,2.8,21.7,30.2,19.9,888.8,-88.8,-999.9,-88.8
117,2.8,21.7,30.2,19.9,888.8,-88.8,-999.9,-88.8
118,2.8,21.7,30.1,19.8,888.8,-88.8,-999.9,-88.8
119,2.8,21.7,30.2,19.8,888.8,-88.8,-999.9,-88.8
120,2.8,21.7,30.2,19.8,888.8,-88.8,-999.9,-88.8
121,2.9,21.8,30.2,19.8,888.8,-88.8,-999.9,-88.8
122,2.9,21.7,30.2,19.8,888.8,-88.8,-999.9,-88.8
123,2.9,21.8,30.2,19.7,888.8,-88.8,-999.9,-88.8
124,2.9,21.8,30.2,19.7,888.8,-88.8,-999.9,-88.8
125,2.9,21.8,30.2,19.7,888.8,-88.8,-999.9,-88.8
126,2.9,21.8,30.2,19.7,888.8,-88.8,-999.9,-88.8
127,2.9,21.8,30.2,19.7,888.8,-88.8,-999.9,-88.8
128,2.9,21.8,30.2,19.6,888.8,-88.8,-999.9,-88.8
129,2.9,21.8,30.2,19.6,888.8,-88.8,-999.9,-88.8
130,2.9,21.8,30.2,19.6,888.8,-88.8,-999.9,-88.8
131,2.9,21.8,30.2,19.6,888.8,-88.8,-999.9,-88.8
132,2.9,21.8,30.2,19.6,888.8,-88.8,-999.9,-88.8
133,2.9,21.8,30.2,19.6,888.8,-88.8,-999.9,-88.8
134,2.9,21.8,30.2,19.5,888.8,-88.8,-999.9,-88.8
135,2.9,21.8,30.2,19.5,888.8,-88.8,-999.9,-88.8
136,2.9,21.8,30.2,19.5,888.8,-88.8,-999.9,-88.8
137,2.9,21.8,30.2,19.5,888.8,-88.8,-999.9,-88.8
138,2.9,21.8,30.2,19.4,888.8,-88.8,-999.9,-88.8
139,2.9,21.8,30.2,19.5,888.8,-88.8,-999.9,-88.8
140,2.9,21.8,30.2,19.4,888.8,-88.8,-999.9,-88.8
141,2.9,21.8,30.2,19.4,888.8,-88.8,-999.9,-88.8
142,2.9,21.8,30.2,19.4,888.8,-88.8,-999.9,-88.8
143,3,21.8,30.2,19.4,888.8,-88.8,-999.9,-88.8
144,3,21.8,30.2,19.4,888.8,-88.8,-999.9,-88.8
145,3,21.8,30.2,19.4,888.8,-88.8,-999.9,-88.8
146,3,21.9,30.2,19.4,888.8,-88.8,-999.9,-88.8
147,3,21.9,30.2,19.3,888.8,-88.8,-999.9,-88.8
148,3,21.9,30.2,19.3,888.8,-88.8,-999.9,-88.8
149,3,21.9,30.2,19.3,888.8,-88.8,-999.9,-88.8
150,3,21.9,30.2,19.3,888.8,-88.8,-999.9,-88.8
151,3,21.9,30.2,19.3,888.8,-88.8,-999.9,-88.8
152,3,21.9,30.2,19.3,888.8,-88.8,-999.9,-88.8
153,3,21.9,30.2,19.3,888.8,-88.8,-999.9,-88.8
154,3,21.9,30.2,19.2,888.8,-88.8,-999.9,-88.8
155,3,21.9,30.2,19.2,888.8,-88.8,-999.9,-88.8
156,3,21.9,30.2,19.2,888.8,-88.8,-999.9,-88.8
157,3,21.9,30.2,19.2,888.8,-88.8,-999.9,-88.8
158,3,21.9,30.2,19.2,888.8,-88.8,-999.9,-88.8
159,3,21.9,30.2,19.2,888.8,-88.8,-999.9,-88.8
200,3,21.9,30.2,19.1,888.8,-88.8,-999.9,-88.8
201,3,21.9,30.2,19.1,888.8,-88.8,-999.9,-88.8
202,3,21.9,30.2,19.1,888.8,-88.8,-999.9,-88.8
203,3.1,21.9,30.2,19.1,888.8,-88.8,-999.9,-88.8
204,3,21.9,30.2,19.1,888.8,-88.8,-999.9,-88.8
205,3.1,21.9,30.2,19.1,888.8,-88.8,-999.9,-88.8
206,3.1,21.9,30.2,19.1,888.8,-88.8,-999.9,-88.8
207,3.1,21.9,30.2,19.1,888.8,-88.8,-999.9,-88.8
208,3.1,21.9,30.2,19,888.8,-88.8,-999.9,-88.8
209,3.1,21.9,30.2,19,888.8,-88.8,-999.9,-88.8
210,3.1,21.9,30.2,19,888.8,-88.8,-999.9,-88.8
211,3.1,21.9,30.2,19,888.8,-88.8,-999.9,-88.8
212,3.1,21.9,30.2,19,888.8,-88.8,-999.9,-88.8
213,3.1,22,30.2,19,888.8,-88.8,-999.9,-88.8
214,3.1,22,30.2,19,888.8,-88.8,-999.9,-88.8
215,3.1,21.9,30.2,19,888.8,-88.8,-999.9,-88.8
216,3.1,22,30.2,19,888.8,-88.8,-999.9,-88.8
217,3.1,22,30.2,19,888.8,-88.8,-999.9,-88.8
218,3.1,22,30.2,18.9,888.8,-88.8,-999.9,-88.8
219,3.1,22,30.2,19,888.8,-88.8,-999.9,-88.8
220,3.1,22,30.2,18.9,888.8,-88.8,-999.9,-88.8
221,3.1,22,30.2,18.9,888.8,-88.8,-999.9,-88.8
222,3.1,22,30.2,18.9,888.8,-88.8,-999.9,-88.8
223,3.1,22,30.2,18.9,888.8,-88.8,-999.9,-88.8
224,3.1,22,30.2,18.9,888.8,-88.8,-999.9,-88.8
225,3.1,22,30.2,18.9,888.8,-88.8,-999.9,-88.8
226,3.1,22,30.2,18.9,888.8,-88.8,-999.9,-88.8
227,3.1,22,30.2,18.9,888.8,-88.8,-999.9,-88.8
228,3.1,22,30.2,18.8,888.8,-88.8,-999.9,-88.8
229,3.1,22,30.2,18.9,888.8,-88.8,-999.9,-88.8
230,3.1,22,30.2,18.8,888.8,-88.8,-999.9,-88.8
231,3.1,22,30.2,18.8,888.8,-88.8,-999.9,-88.8
232,3.1,22,30.2,18.8,888.8,-88.8,-999.9,-88.8
233,3.1,22,30.2,18.8,888.8,-88.8,-999.9,-88.8
234,3.1,22.1,30.2,18.8,888.8,-88.8,-999.9,-88.8
235,3.1,22.1,30.2,18.8,888.8,-88.8,-999.9,-88.8
236,3.1,22.1,30.2,18.8,888.8,-88.8,-999.9,-88.8
237,3.1,22.1,30.2,18.8,888.8,-88.8,-999.9,-88.8
238,3.1,22.1,30.2,18.7,888.8,-88.8,-999.9,-88.8
239,3.1,22.1,30.2,18.7,888.8,-88.8,-999.9,-88.8
240,3.1,22.1,30.2,18.7,888.8,-88.8,-999.9,-88.8
241,3.2,22.1,30.2,18.7,888.8,-88.8,-999.9,-88.8
242,3.1,22.1,30.2,18.7,888.8,-88.8,-999.9,-88.8
243,3.1,22.1,30.2,18.7,888.8,-88.8,-999.9,-88.8
244,3.1,22.1,30.2,18.7,888.8,-88.8,-999.9,-88.8
245,3.1,22.1,30.2,18.7,888.8,-88.8,-999.9,-88.8
246,3.2,22.1,30.2,18.7,888.8,-88.8,-999.9,-88.8
247,3.1,22.1,30.2,18.7,888.8,-88.8,-999.9,-88.8
248,3.2,22.1,30.2,18.6,888.8,-88.8,-999.9,-88.8
249,3.2,22.1,30.2,18.6,888.8,-88.8,-999.9,-88.8
250,3.2,22.1,30.2,18.6,888.8,-88.8,-999.9,-88.8
251,3.2,22.1,30.2,18.6,888.8,-88.8,-999.9,-88.8
252,3.2,22.1,30.2,18.6,888.8,-88.8,-999.9,-88.8
253,3.2,22.1,30.2,18.6,888.8,-88.8,-999.9,-88.8
254,3.2,22.1,30.2,18.6,888.8,-88.8,-999.9,-88.8
255,3.2,22.1,30.2,18.6,888.8,-88.8,-999.9,-88.8
256,3.2,22.1,30.2,18.6,888.8,-88.8,-999.9,-88.8
257,3.2,22.1,30.2,18.6,888.8,-88.8,-999.9,-88.8
258,3.2,22.1,30.2,18.6,888.8,-88.8,-999.9,-88.8
259,3.2,22.1,30.2,18.6,888.8,-88.8,-999.9,-88.8
300,3.2,22.2,30.2,18.6,888.8,-88.8,-999.9,-88.8
301,3.2,22.1,30.2,18.6,888.8,-88.8,-999.9,-88.8
302,3.2,22.1,30.2,18.6,888.8,-88.8,-999.9,-88.8
303,3.2,22.2,30.2,18.5,888.8,-88.8,-999.9,-88.8
304,3.2,22.2,30.2,18.6,888.8,-88.8,-999.9,-88.8
305,3.2,22.2,30.2,18.5,888.8,-88.8,-999.9,-88.8
306,3.2,22.2,30.2,18.5,888.8,-88.8,-999.9,-88.8
307,3.2,22.2,30.2,18.5,888.8,-88.8,-999.9,-88.8
308,3.2,22.2,30.2,18.5,888.8,-88.8,-999.9,-88.8
309,3.2,22.2,30.2,18.5,888.8,-88.8,-999.9,-88.8
310,3.2,22.2,30.2,18.5,888.8,-88.8,-999.9,-88.8
311,3.3,22.2,30.2,18.5,888.8,-88.8,-999.9,-88.8
312,3.2,22.2,30.2,18.5,888.8,-88.8,-999.9,-88.8
313,3.2,22.2,30.2,18.5,888.8,-88.8,-999.9,-88.8
314,3.2,22.2,30.2,18.4,888.8,-88.8,-999.9,-88.8
315,3.3,22.2,30.2,18.4,888.8,-88.8,-999.9,-88.8
316,3.3,22.2,30.2,18.4,888.8,-88.8,-999.9,-88.8
317,3.3,22.2,30.2,18.4,888.8,-88.8,-999.9,-88.8
318,3.3,22.2,30.2,18.4,888.8,-88.8,-999.9,-88.8
319,3.3,22.2,30.2,18.4,888.8,-88.8,-999.9,-88.8
320,3.3,22.2,30.2,18.4,888.8,-88.8,-999.9,-88.8
321,3.3,22.2,30.2,18.4,888.8,-88.8,-999.9,-88.8
322,3.3,22.2,30.2,18.4,888.8,-88.8,-999.9,-88.8
323,3.3,22.2,30.2,18.4,888.8,-88.8,-999.9,-88.8
324,3.3,22.2,30.2,18.4,888.8,-88.8,-999.9,-88.8
325,3.3,22.3,30.2,18.4,888.8,-88.8,-999.9,-88.8
326,3.3,22.2,30.2,18.4,888.8,-88.8,-999.9,-88.8
327,3.3,22.2,30.2,18.4,888.8,-88.8,-999.9,-88.8
328,3.3,22.2,30.2,18.4,888.8,-88.8,-999.9,-88.8
329,3.3,22.2,30.2,18.3,888.8,-88.8,-999.9,-88.8
330,3.3,22.3,30.2,18.3,888.8,-88.8,-999.9,-88.8
331,3.3,22.3,30.2,18.3,888.8,-88.8,-999.9,-88.8
332,3.3,22.3,30.2,18.3,888.8,-88.8,-999.9,-88.8
333,3.3,22.3,30.2,18.3,888.8,-88.8,-999.9,-88.8
334,3.3,22.2,30.2,18.3,888.8,-88.8,-999.9,-88.8
335,3.3,22.3,30.2,18.3,888.8,-88.8,-999.9,-88.8
336,3.3,22.3,30.2,18.3,888.8,-88.8,-999.9,-88.8
337,3.3,22.3,30.2,18.3,888.8,-88.8,-999.9,-88.8
338,3.3,22.3,30.2,18.3,888.8,-88.8,-999.9,-88.8
339,3.3,22.3,30.2,18.3,888.8,-88.8,-999.9,-88.8
340,3.3,22.3,30.2,18.3,888.8,-88.8,-999.9,-88.8
341,3.3,22.3,30.2,18.3,888.8,-88.8,-999.9,-88.8
342,3.3,22.3,30.2,18.3,888.8,-88.8,-999.9,-88.8
343,3.3,22.3,30.2,18.3,888.8,-88.8,-999.9,-88.8
344,3.3,22.3,30.2,18.3,888.8,-88.8,-999.9,-88.8
345,3.3,22.3,30.2,18.3,888.8,-88.8,-999.9,-88.8
346,3.3,22.3,30.2,18.3,888.8,-88.8,-999.9,-88.8
347,3.3,22.4,30.2,18.3,888.8,-88.8,-999.9,-88.8
348,3.3,22.3,30.2,18.3,888.8,-88.8,-999.9,-88.8
349,3.3,22.3,30.3,18.2,888.8,-88.8,-999.9,-88.8
350,3.3,22.3,30.2,18.2,888.8,-88.8,-999.9,-88.8
351,3.3,22.3,30.2,18.2,888.8,-88.8,-999.9,-88.8
352,3.3,22.4,30.2,18.2,888.8,-88.8,-999.9,-88.8
353,3.3,22.3,30.2,18.2,888.8,-88.8,-999.9,-88.8
354,3.3,22.3,30.2,18.2,888.8,-88.8,-999.9,-88.8
355,3.3,22.4,30.2,18.2,888.8,-88.8,-999.9,-88.8
356,3.4,22.4,30.2,18.2,888.8,-88.8,-999.9,-88.8
357,3.3,22.4,30.2,18.2,888.8,-88.8,-999.9,-88.8
358,3.4,22.4,30.2,18.2,888.8,-88.8,-999.9,-88.8
359,3.3,22.4,30.2,18.2,888.8,-88.8,-999.9,-88.8
400,3.3,22.4,30.2,18.2,888.8,-88.8,-999.9,-88.8
401,3.3,22.4,30.2,18.2,888.8,-88.8,-999.9,-88.8
402,3.4,22.4,30.2,18.2,888.8,-88.8,-999.9,-88.8
403,3.3,22.4,30.2,18.1,888.8,-88.8,-999.9,-88.8
404,3.3,22.4,30.2,18.2,888.8,-88.8,-999.9,-88.8
405,3.3,22.4,30.2,18.1,888.8,-88.8,-999.9,-88.8
406,3.3,22.4,30.2,18.1,888.8,-88.8,-999.9,-88.8
407,3.3,22.4,30.2,18.1,888.8,-88.8,-999.9,-88.8
408,3.4,22.4,30.2,18.1,888.8,-88.8,-999.9,-88.8
409,3.4,22.4,30.2,18.2,888.8,-88.8,-999.9,-88.8
410,3.4,22.4,30.2,18.1,888.8,-88.8,-999.9,-88.8
411,3.4,22.4,30.2,18.1,888.8,-88.8,-999.9,-88.8
412,3.4,22.4,30.2,18.1,888.8,-88.8,-999.9,-88.8
413,3.4,22.5,30.2,18.1,888.8,-88.8,-999.9,-88.8
414,3.4,22.4,30.2,18.1,888.8,-88.8,-999.9,-88.8
415,3.4,22.4,30.2,18.1,888.8,-88.8,-999.9,-88.8
416,3.4,22.4,30.2,18.1,888.8,-88.8,-999.9,-88.8
417,3.4,22.4,30.2,18.1,888.8,-88.8,-999.9,-88.8
418,3.3,22.5,30.2,18.1,888.8,-88.8,-999.9,-88.8
419,3.4,22.4,30.2,18.1,888.8,-88.8,-999.9,-88.8
420,3.4,22.5,30.2,18.1,888.8,-88.8,-999.9,-88.8
421,3.4,22.5,30.2,18.1,888.8,-88.8,-999.9,-88.8
422,3.4,22.4,30.2,18.1,888.8,-88.8,-999.9,-88.8
423,3.4,22.4,30.2,18.1,888.8,-88.8,-999.9,-88.8
424,3.4,22.4,30.2,18.1,888.8,-88.8,-999.9,-88.8
425,3.4,22.5,30.2,18.1,888.8,-88.8,-999.9,-88.8
426,3.4,22.5,30.2,18.1,888.8,-88.8,-999.9,-88.8
427,3.4,22.5,30.2,18.1,888.8,-88.8,-999.9,-88.8
428,3.4,22.5,30.2,18.1,888.8,-88.8,-999.9,-88.8
429,3.4,22.4,30.2,18,888.8,-88.8,-999.9,-88.8
430,3.4,22.5,30.2,18,888.8,-88.8,-999.9,-88.8
431,3.4,22.4,30.2,18,888.8,-88.8,-999.9,-88.8
432,3.4,22.5,30.2,18,888.8,-88.8,-999.9,-88.8
433,3.4,22.5,30.2,18,888.8,-88.8,-999.9,-88.8
434,3.4,22.5,30.2,18,888.8,-88.8,-999.9,-88.8
435,3.4,22.5,30.2,18,888.8,-88.8,-999.9,-88.8
436,3.4,22.5,30.2,18,888.8,-88.8,-999.9,-88.8
437,3.4,22.5,30.2,18,888.8,-88.8,-999.9,-88.8
438,3.4,22.5,30.2,18,888.8,-88.8,-999.9,-88.8
439,3.4,22.5,30.2,18,888.8,-88.8,-999.9,-88.8
440,3.4,22.5,30.2,18,888.8,-88.8,-999.9,-88.8
441,3.4,22.5,30.2,18,888.8,-88.8,-999.9,-88.8
442,3.4,22.5,30.2,18,888.8,-88.8,-999.9,-88.8
443,3.3,22.5,30.2,18,888.8,-88.8,-999.9,-88.8
444,3.4,22.5,30.2,18,888.8,-88.8,-999.9,-88.8
445,3.4,22.5,30.2,18,888.8,-88.8,-999.9,-88.8
446,3.4,22.5,30.2,18,888.8,-88.8,-999.9,-88.8
447,3.4,22.5,30.2,18,888.8,-88.8,-999.9,-88.8
448,3.4,22.5,30.2,18,888.8,-88.8,-999.9,-88.8
449,3.4,22.5,30.2,18,888.8,-88.8,-999.9,-88.8
450,3.3,22.5,30.2,18,888.8,-88.8,-999.9,-88.8
451,3.4,22.5,30.2,18,888.8,-88.8,-999.9,-88.8
452,3.4,22.5,30.2,18,888.8,-88.8,-999.9,-88.8
453,3.4,22.6,30.2,18,888.8,-88.8,-999.9,-88.8
454,3.3,22.5,30.2,18,888.8,-88.8,-999.9,-88.8
455,3.4,22.5,30.2,18,888.8,-88.8,-999.9,-88.8
456,3.4,22.5,30.2,18,888.8,-88.8,-999.9,-88.8
457,3.3,22.5,30.2,18,888.8,-88.8,-999.9,-88.8
458,3.4,22.5,30.2,18,888.8,-88.8,-999.9,-88.8
459,3.4,22.6,30.2,18,888.8,-88.8,-999.9,-88.8
500,3.3,22.5,30.2,18,888.8,-88.8,-999.9,-88.8
501,3.3,22.6,30.2,18,888.8,-88.8,-999.9,-88.8
502,3.4,22.6,30.2,17.9,888.8,-88.8,-999.9,-88.8
503,3.4,22.6,30.2,18,888.8,-88.8,-999.9,-88.8
504,3.3,22.6,30.2,17.9,888.8,-88.8,-999.9,-88.8
505,3.3,22.6,30.2,17.9,888.8,-88.8,-999.9,-88.8
506,3.4,22.6,30.2,17.9,888.8,-88.8,-999.9,-88.8
507,3.3,22.6,30.2,17.9,888.8,-88.8,-999.9,-88.8
508,3.3,22.5,30.2,17.9,888.8,-88.8,-999.9,-88.8
509,3.3,22.6,30.2,17.9,888.8,-88.8,-999.9,-88.8
510,3.3,22.6,30.2,17.9,888.8,-88.8,-999.9,-88.8
511,3.3,22.6,30.2,17.9,888.8,-88.8,-999.9,-88.8
512,3.4,22.6,30.2,17.9,888.8,-88.8,-999.9,-88.8
513,3.3,22.6,30.2,17.9,888.8,-88.8,-999.9,-88.8
514,3.3,22.6,30.2,17.9,888.8,-88.8,-999.9,-88.8
515,3.3,22.6,30.2,17.9,888.8,-88.8,-999.9,-88.8
516,3.3,22.6,30.2,17.9,888.8,-88.8,-999.9,-88.8
517,3.4,22.6,30.2,17.9,888.8,-88.8,-999.9,-88.8
518,3.3,22.6,30.2,17.9,888.8,-88.8,-999.9,-88.8
519,3.3,22.6,30.2,17.9,888.8,-88.8,-999.9,-88.8
520,3.3,22.7,30.2,17.9,888.8,-88.8,-999.9,-88.8
521,3.3,22.7,30.2,17.9,888.8,-88.8,-999.9,-88.8
522,3.4,22.6,30.2,17.9,888.8,-88.8,-999.9,-88.8
523,3.4,22.7,30.2,17.9,888.8,-88.8,-999.9,-88.8
524,3.3,22.7,30.2,17.9,888.8,-88.8,-999.9,-88.8
525,3.3,22.7,30.2,17.9,888.8,-88.8,-999.9,-88.8
526,3.4,22.7,30.2,17.9,888.8,-88.8,-999.9,-88.8
527,3.3,22.7,30.2,17.9,888.8,-88.8,-999.9,-88.8
528,3.3,22.7,30.2,17.9,888.8,-88.8,-999.9,-88.8
529,3.3,22.6,30.2,17.9,888.8,-88.8,-999.9,-88.8
530,3.3,22.7,30.2,17.9,888.8,-88.8,-999.9,-88.8
531,3.3,22.7,30.2,17.9,888.8,-88.8,-999.9,-88.8
532,3.3,22.7,30.2,17.9,888.8,-88.8,-999.9,-88.8
533,3.3,22.7,30.2,17.9,888.8,-88.8,-999.9,-88.8
534,3.3,22.7,30.2,17.9,888.8,-88.8,-999.9,-88.8
535,3.3,22.7,30.2,17.9,888.8,-88.8,-999.9,-88.8
536,3.3,22.7,30.2,17.9,888.8,-88.8,-999.9,-88.8
537,3.4,22.7,30.2,18.3,888.8,-88.8,-999.9,-88.8
538,3.4,22.7,30.2,17.4,888.8,-88.8,-999.9,-88.8
539,3.4,22.7,30.1,17.9,888.8,-88.8,-999.9,-88.8
540,3.4,22.7,30.2,19.9,888.8,-88.8,-999.9,-88.8
541,3.4,22.7,30.2,21.9,888.8,-88.8,-999.9,-88.8
542,3.4,22.7,30.2,23.5,888.8,-88.8,-999.9,-88.8
543,3.4,22.7,30.2,24.9,888.8,-88.8,-999.9,-88.8
544,3.4,22.7,30.2,26.2,888.8,-88.8,-999.9,-88.8
545,3.4,22.7,30.2,28,888.8,-88.8,-999.9,-88.8
546,3.4,22.7,30.2,30.3,888.8,-88.8,-999.9,-88.8
547,3.4,22.7,30.2,32.5,888.8,-88.8,-999.9,-88.8
548,3.4,22.7,30.2,34.3,888.8,-88.8,-999.9,-88.8
549,3.4,22.7,30.2,35.8,888.8,-88.8,-999.9,-88.8
550,3.4,22.7,30.2,37,888.8,-88.8,-999.9,-88.8
551,3.4,22.7,30.2,38.2,888.8,-88.8,-999.9,-88.8
552,3.4,22.7,30.1,39.1,888.8,-88.8,-999.9,-88.8
553,3.4,22.7,30.1,40.1,888.8,-88.8,-999.9,-88.8
554,3.4,22.7,30.1,40.9,888.8,-88.8,-999.9,-88.8
555,3.4,22.7,30.1,41.7,888.8,-88.8,-999.9,-88.8
556,3.4,22.7,30,42.5,888.8,-88.8,-999.9,-88.8
557,3.4,22.5,30,43.1,888.8,-88.8,-999.9,-88.8
558,3.4,22.6,30,43.8,888.8,-88.8,-999.9,-88.8
559,3.4,22.5,30,44.4,888.8,-88.8,-999.9,-88.8
600,3.4,22.5,30,45.3,888.8,-88.8,-999.9,-88.8
601,3.4,22.5,29.9,45,888.8,-88.8,-999.9,-88.8
602,3.4,22.5,29.9,46.1,888.8,-88.8,-999.9,-88.8
603,3.4,22.5,29.9,46.6,888.8,-88.8,-999.9,-88.8
604,3.4,22.5,29.9,45.3,888.8,-88.8,-999.9,-88.8
605,3.4,22.5,29.9,41.5,888.8,-88.8,-999.9,-88.8
606,3.4,22.5,29.9,41.1,888.8,-88.8,-999.9,-88.8
607,3.4,22.5,29.9,41.5,888.8,-88.8,-999.9,-88.8
608,3.4,22.4,29.9,42.5,888.8,-88.8,-999.9,-88.8
609,3.4,22.5,29.9,43.7,888.8,-88.8,-999.9,-88.8
610,3.4,22.4,29.9,44.3,888.8,-88.8,-999.9,-88.8
611,3.4,22.5,29.9,42.7,888.8,-88.8,-999.9,-88.8
612,3.4,22.4,29.9,41.6,888.8,-88.8,-999.9,-88.8
613,3.4,22.4,29.9,41.3,888.8,-88.8,-999.9,-88.8
614,3.4,22.4,29.9,41.4,888.8,-88.8,-999.9,-88.8
615,3.4,22.4,29.9,41.6,888.8,-88.8,-999.9,-88.8
616,3.4,22.4,29.9,41.9,888.8,-88.8,-999.9,-88.8
617,3.4,22.4,29.9,42,888.8,-88.8,-999.9,-88.8
618,3.4,22.4,29.9,41.9,888.8,-88.8,-999.9,-88.8
619,3.4,22.4,29.9,41.6,888.8,-88.8,-999.9,-88.8
620,3.4,22.5,29.9,41.3,888.8,-88.8,-999.9,-88.8
621,3.4,22.4,29.9,40.1,888.8,-88.8,-999.9,-88.8
622,3.4,22.4,29.9,39.5,888.8,-88.8,-999.9,-88.8
623,3.4,22.4,29.9,39.3,888.8,-88.8,-999.9,-88.8
624,3.4,22.5,29.9,39.3,888.8,-88.8,-999.9,-88.8
625,3.4,22.5,29.9,39.1,888.8,-88.8,-999.9,-88.8
626,3.4,22.5,29.9,39.1,888.8,-88.8,-999.9,-88.8
627,3.4,22.5,29.9,39.1,888.8,-88.8,-999.9,-88.8
628,3.4,22.4,29.9,39.1,888.8,-88.8,-999.9,-88.8
629,3.4,22.5,29.9,39.1,888.8,-88.8,-999.9,-88.8
630,3.4,22.5,29.9,39.1,888.8,-88.8,-999.9,-88.8
631,3.4,22.5,29.9,39.1,888.8,-88.8,-999.9,-88.8
632,3.4,22.5,29.9,39.1,888.8,-88.8,-999.9,-88.8
633,3.4,22.4,29.9,39,888.8,-88.8,-999.9,-88.8
634,3.4,22.5,29.9,39,888.8,-88.8,-999.9,-88.8
635,3.4,22.5,29.9,38.9,888.8,-88.8,-999.9,-88.8
636,3.4,22.5,29.9,38.9,888.8,-88.8,-999.9,-88.8
637,3.4,22.5,29.9,38.8,888.8,-88.8,-999.9,-88.8
638,3.4,22.5,29.9,38.8,888.8,-88.8,-999.9,-88.8
639,3.4,22.5,29.9,38.8,888.8,-88.8,-999.9,-88.8
640,3.4,22.5,29.9,38.7,888.8,-88.8,-999.9,-88.8
641,3.4,22.5,29.9,38.6,888.8,-88.8,-999.9,-88.8
642,3.4,22.5,29.9,38.7,888.8,-88.8,-999.9,-88.8
643,3.4,22.5,29.9,38.7,888.8,-88.8,-999.9,-88.8
644,3.4,22.5,29.9,38.7,888.8,-88.8,-999.9,-88.8
645,3.4,22.5,29.9,38.6,888.8,-88.8,-999.9,-88.8
646,3.4,22.5,30,38.5,888.8,-88.8,-999.9,-88.8
647,3.4,22.5,29.9,38.4,888.8,-88.8,-999.9,-88.8
648,3.4,22.5,29.9,38.4,888.8,-88.8,-999.9,-88.8
649,3.3,22.5,30,38.4,888.8,-88.8,-999.9,-88.8
650,3.3,22.5,29.9,38.3,888.8,-88.8,-999.9,-88.8
651,3.4,22.5,29.9,38.3,888.8,-88.8,-999.9,-88.8
652,3.3,22.5,29.9,38.2,888.8,-88.8,-999.9,-88.8
653,3.3,22.5,30,38.2,888.8,-88.8,-999.9,-88.8
654,3.3,22.5,29.9,38.1,888.8,-88.8,-999.9,-88.8
655,3.3,22.5,29.9,38.1,888.8,-88.8,-999.9,-88.8
656,3.3,22.5,29.9,38,888.8,-88.8,-999.9,-88.8
657,3.3,22.5,29.9,37.9,888.8,-88.8,-999.9,-88.8
658,3.3,22.5,29.9,37.9,888.8,-88.8,-999.9,-88.8
659,3.3,22.5,29.9,37.9,888.8,-88.8,-999.9,-88.8
700,3.3,22.5,29.9,37.8,888.8,-88.8,-999.9,-88.8
701,3.3,22.5,29.9,37.8,888.8,-88.8,-999.9,-88.8
702,3.3,22.5,29.9,37.7,888.8,-88.8,-999.9,-88.8
703,3.3,22.4,29.9,37.6,888.8,-88.8,-999.9,-88.8
704,3.3,22.4,29.9,37.5,888.8,-88.8,-999.9,-88.8
705,3.3,22.4,29.9,37.1,888.8,-88.8,-999.9,-88.8
706,3.3,22.4,29.9,35.4,888.8,-88.8,-999.9,-88.8
707,3.3,22.4,29.9,35.9,888.8,-88.8,-999.9,-88.8
708,3.3,22.4,29.9,36.4,888.8,-88.8,-999.9,-88.8
709,3.3,22.4,29.9,36.6,888.8,-88.8,-999.9,-88.8
710,3.3,22.3,29.9,36.8,888.8,-88.8,-999.9,-88.8
711,3.3,22.3,29.9,36.9,888.8,-88.8,-999.9,-88.8
712,3.3,22.3,29.9,36.9,888.8,-88.8,-999.9,-88.8
713,3.3,22.3,29.8,37,888.8,-88.8,-999.9,-88.8
714,3.3,22.2,29.8,37,888.8,-88.8,-999.9,-88.8
715,3.3,22.2,29.8,37,888.8,-88.8,-999.9,-88.8
716,3.3,22.2,29.8,37.1,888.8,-88.8,-999.9,-88.8
717,3.3,22.2,29.8,37,888.8,-88.8,-999.9,-88.8
718,3.2,22.2,29.8,37.1,888.8,-88.8,-999.9,-88.8
719,3.2,22.2,29.8,37.1,888.8,-88.8,-999.9,-88.8
720,3.2,22.1,29.8,35,888.8,-88.8,-999.9,-88.8
721,3.3,22.2,29.7,33.5,888.8,-88.8,-999.9,-88.8
722,3.2,22.1,29.8,32.6,888.8,-88.8,-999.9,-88.8
723,3.2,22,29.7,32,888.8,-88.8,-999.9,-88.8
724,3.2,22,29.7,31.7,888.8,-88.8,-999.9,-88.8
725,3.2,21.9,29.6,31.6,888.8,-88.8,-999.9,-88.8
726,3.2,21.8,29.6,33.3,888.8,-88.8,-999.9,-88.8
727,3.2,21.8,29.6,33.5,888.8,-88.8,-999.9,-88.8
728,3.2,21.7,29.5,34.5,888.8,-88.8,-999.9,-88.8
729,3.2,21.6,29.5,34.3,888.8,-88.8,-999.9,-88.8
730,3.2,21.6,29.5,34,888.8,-88.8,-999.9,-88.8
731,3.2,21.6,29.5,34.6,888.8,-88.8,-999.9,-88.8
732,3.2,21.6,29.5,32.2,888.8,-88.8,-999.9,-88.8
733,3.2,21.5,29.5,30.5,888.8,-88.8,-999.9,-88.8
734,3.2,21.5,29.5,29.4,888.8,-88.8,-999.9,-88.8
735,3.2,21.4,29.4,28.6,888.8,-88.8,-999.9,-88.8
736,3.2,21.4,29.4,28,888.8,-88.8,-999.9,-88.8
737,3.2,21.4,29.4,27.4,888.8,-88.8,-999.9,-88.8
738,3.2,21.3,29.4,27.1,888.8,-88.8,-999.9,-88.8
739,3.2,21.3,29.4,26.8,888.8,-88.8,-999.9,-88.8
740,3.2,21.3,29.4,26.5,888.8,-88.8,-999.9,-88.8
741,3.2,21.3,29.4,26.4,888.8,-88.8,-999.9,-88.8
742,3.2,21.3,29.4,26.3,888.8,-88.8,-999.9,-88.8
743,3.2,21.3,29.4,26.2,888.8,-88.8,-999.9,-88.8
744,3.2,21.3,29.4,26.2,888.8,-88.8,-999.9,-88.8
745,3.2,21.3,29.4,26,888.8,-88.8,-999.9,-88.8
746,3.2,21.3,29.4,25.9,888.8,-88.8,-999.9,-88.8
747,3.2,21.3,29.4,25.8,888.8,-88.8,-999.9,-88.8
748,3.2,21.3,29.4,25.7,888.8,-88.8,-999.9,-88.8
749,3.2,21.3,29.4,25.6,888.8,-88.8,-999.9,-88.8
750,3.2,21.3,29.4,25.5,888.8,-88.8,-999.9,-88.8
751,3.3,21.3,29.4,25.5,888.8,-88.8,-999.9,-88.8
752,3.3,21.3,29.4,25.4,888.8,-88.8,-999.9,-88.8
753,3.3,21.3,29.5,25.3,888.8,-88.8,-999.9,-88.8
754,3.3,21.3,29.5,25.2,888.8,-88.8,-999.9,-88.8
755,3.3,21.3,29.5,25.2,888.8,-88.8,-999.9,-88.8
756,3.3,21.3,29.5,25.1,888.8,-88.8,-999.9,-88.8
757,3.3,21.3,29.5,25,888.8,-88.8,-999.9,-88.8
758,3.3,21.3,29.5,25,888.8,-88.8,-999.9,-88.8
759,3.3,21.3,29.5,24.9,888.8,-88.8,-999.9,-88.8
800,3.3,21.3,29.5,24.9,888.8,-88.8,-999.9,-88.8
801,3.3,21.3,29.5,24.8,888.8,-88.8,-999.9,-88.8
802,3.3,21.3,29.5,24.7,888.8,-88.8,-999.9,-88.8
803,3.3,21.3,29.5,24.6,888.8,-88.8,-999.9,-88.8
804,3.3,21.4,29.5,24.6,888.8,-88.8,-999.9,-88.8
805,3.3,21.3,29.5,24.5,888.8,-88.8,-999.9,-88.8
806,3.3,21.3,29.5,24.4,888.8,-88.8,-999.9,-88.8
807,3.3,21.3,29.5,24.4,888.8,-88.8,-999.9,-88.8
808,3.3,21.3,29.5,24.3,888.8,-88.8,-999.9,-88.8
809,3.3,21.3,29.5,24.2,888.8,-88.8,-999.9,-88.8
810,3.3,21.3,29.5,24.2,888.8,-88.8,-999.9,-88.8
811,3.3,21.3,29.5,24.1,888.8,-88.8,-999.9,-88.8
812,3.3,21.3,29.5,24,888.8,-88.8,-999.9,-88.8
813,3.3,21.3,29.5,24,888.8,-88.8,-999.9,-88.8
814,3.3,21.3,29.5,23.9,888.8,-88.8,-999.9,-88.8
815,3.3,21.3,29.6,23.9,888.8,-88.8,-999.9,-88.8
816,3.3,21.3,29.5,23.8,888.8,-88.8,-999.9,-88.8
817,3.4,21.4,29.5,23.7,888.8,-88.8,-999.9,-88.8
818,3.3,21.4,29.5,23.7,888.8,-88.8,-999.9,-88.8
819,3.4,21.4,29.6,23.6,888.8,-88.8,-999.9,-88.8
820,3.4,21.4,29.6,23.5,888.8,-88.8,-999.9,-88.8
821,3.4,21.4,29.6,23.5,888.8,-88.8,-999.9,-88.8
822,3.4,21.4,29.6,23.4,888.8,-88.8,-999.9,-88.8
823,3.4,21.3,29.6,23.3,888.8,-88.8,-999.9,-88.8
824,3.4,21.4,29.6,23.3,888.8,-88.8,-999.9,-88.8
825,3.3,21.4,29.6,23.3,888.8,-88.8,-999.9,-88.8
826,3.4,21.4,29.6,23.2,888.8,-88.8,-999.9,-88.8
827,3.4,21.4,29.6,23.1,888.8,-88.8,-999.9,-88.8
828,3.4,21.5,29.6,23.1,888.8,-88.8,-999.9,-88.8
829,3.4,21.4,29.6,23,888.8,-88.8,-999.9,-88.8
830,3.4,21.4,29.6,23,888.8,-88.8,-999.9,-88.8
831,3.4,21.4,29.6,22.9,888.8,-88.8,-999.9,-88.8
832,3.4,21.5,29.6,22.8,888.8,-88.8,-999.9,-88.8
833,3.4,21.4,29.6,22.8,888.8,-88.8,-999.9,-88.8
834,3.5,21.4,29.6,22.7,888.8,-88.8,-999.9,-88.8
835,3.5,21.4,29.6,22.7,888.8,-88.8,-999.9,-88.8
836,3.5,21.5,29.6,22.6,888.8,-88.8,-999.9,-88.8
837,3.5,21.5,29.6,22.6,888.8,-88.8,-999.9,-88.8
838,3.5,21.5,29.6,22.5,888.8,-88.8,-999.9,-88.8
839,3.5,21.5,29.6,22.5,888.8,-88.8,-999.9,-88.8
840,3.5,21.5,29.7,22.4,888.8,-88.8,-999.9,-88.8
841,3.5,21.5,29.7,22.4,888.8,-88.8,-999.9,-88.8
842,3.5,21.5,29.7,22.3,888.8,-88.8,-999.9,-88.8
843,3.5,21.5,29.7,22.3,888.8,-88.8,-999.9,-88.8
844,3.5,21.5,29.7,22.2,888.8,-88.8,-999.9,-88.8
845,3.5,21.5,29.7,22.2,888.8,-88.8,-999.9,-88.8
846,3.6,21.5,29.7,22.1,888.8,-88.8,-999.9,-88.8
847,3.6,21.5,29.7,22.1,888.8,-88.8,-999.9,-88.8
848,3.6,21.5,29.7,22.1,888.8,-88.8,-999.9,-88.8
849,3.6,21.5,29.7,22,888.8,-88.8,-999.9,-88.8
850,3.6,21.5,29.7,21.9,888.8,-88.8,-999.9,-88.8
851,3.7,21.5,29.7,21.9,888.8,-88.8,-999.9,-88.8
852,3.7,21.5,29.7,21.9,888.8,-88.8,-999.9,-88.8
853,3.8,21.5,29.7,21.8,888.8,-88.8,-999.9,-88.8
854,3.8,21.5,29.7,21.8,888.8,-88.8,-999.9,-88.8
855,3.8,21.5,29.7,21.8,888.8,-88.8,-999.9,-88.8
856,3.8,21.5,29.7,21.6,888.8,-88.8,-999.9,-88.8
857,3.9,21.5,29.7,21.6,888.8,-88.8,-999.9,-88.8
858,3.9,21.5,29.7,21.6,888.8,-88.8,-999.9,-88.8
859,4,21.5,29.7,21.6,888.8,-88.8,-999.9,-88.8
900,4,21.6,29.7,21.5,888.8,-88.8,-999.9,-88.8
901,4,21.6,29.7,21.5,888.8,-88.8,-999.9,-88.8
902,4.1,21.6,29.7,21.5,888.8,-88.8,-999.9,-88.8
903,4.1,21.6,29.7,21.4,888.8,-88.8,-999.9,-88.8
904,4.1,21.6,29.7,21.3,888.8,-88.8,-999.9,-88.8
905,4.2,21.6,29.7,21.3,888.8,-88.8,-999.9,-88.8
906,4.2,21.6,29.7,21.3,888.8,-88.8,-999.9,-88.8
907,4.2,21.6,29.7,21.3,888.8,-88.8,-999.9,-88.8
908,4.3,21.6,29.7,21.2,888.8,-88.8,-999.9,-88.8
909,4.4,21.5,29.7,21.2,888.8,-88.8,-999.9,-88.8
910,4.4,21.6,29.7,21.2,888.8,-88.8,-999.9,-88.8
911,4.4,21.6,29.7,21.1,888.8,-88.8,-999.9,-88.8
912,4.5,21.6,29.8,21.1,888.8,-88.8,-999.9,-88.8
913,4.5,21.6,29.8,21,888.8,-88.8,-999.9,-88.8
914,4.5,21.6,29.8,21,888.8,-88.8,-999.9,-88.8
915,4.6,21.6,29.8,21,888.8,-88.8,-999.9,-88.8
916,4.6,21.6,29.8,20.9,888.8,-88.8,-999.9,-88.8
917,4.7,21.6,29.8,20.9,888.8,-88.8,-999.9,-88.8
918,4.7,21.6,29.8,20.9,888.8,-88.8,-999.9,-88.8
919,4.8,21.6,29.8,20.8,888.8,-88.8,-999.9,-88.8
920,4.8,21.6,29.8,20.8,888.8,-88.8,-999.9,-88.8
921,4.9,21.6,29.8,20.7,888.8,-88.8,-999.9,-88.8
922,4.9,21.6,29.8,20.7,888.8,-88.8,-999.9,-88.8
923,5,21.6,29.8,20.7,888.8,-88.8,-999.9,-88.8
924,5,21.6,29.8,20.7,888.8,-88.8,-999.9,-88.8
925,5,21.6,29.8,20.6,888.8,-88.8,-999.9,-88.8
926,5.1,21.7,29.8,20.6,888.8,-88.8,-999.9,-88.8
927,5.1,21.7,29.8,20.6,888.8,-88.8,-999.9,-88.8
928,5.1,21.7,29.8,20.5,888.8,-88.8,-999.9,-88.8
929,5.2,21.6,29.8,20.5,888.8,-88.8,-999.9,-88.8
930,5.2,21.7,29.8,20.5,888.8,-88.8,-999.9,-88.8
931,5.3,21.7,29.8,20.5,888.8,-88.8,-999.9,-88.8
932,5.3,21.7,29.8,20.4,888.8,-88.8,-999.9,-88.8
933,5.4,21.7,29.8,20.4,888.8,-88.8,-999.9,-88.8
934,5.4,21.7,29.8,20.3,888.8,-88.8,-999.9,-88.8
935,5.4,21.7,29.8,20.3,888.8,-88.8,-999.9,-88.8
936,5.4,21.7,29.8,20.3,888.8,-88.8,-999.9,-88.8
937,5.5,21.7,29.8,20.3,888.8,-88.8,-999.9,-88.8
938,5.5,21.7,29.8,20.3,888.8,-88.8,-999.9,-88.8
939,5.6,21.7,29.8,20.2,888.8,-88.8,-999.9,-88.8
940,5.6,21.7,29.8,20.2,888.8,-88.8,-999.9,-88.8
941,5.7,21.7,29.8,20.1,888.8,-88.8,-999.9,-88.8
942,5.7,21.7,29.9,20.1,888.8,-88.8,-999.9,-88.8
943,5.8,21.7,29.8,20.1,888.8,-88.8,-999.9,-88.8
944,5.8,21.7,29.9,20.1,888.8,-88.8,-999.9,-88.8
945,5.9,21.8,29.9,20,888.8,-88.8,-999.9,-88.8
946,6,21.7,29.9,20,888.8,-88.8,-999.9,-88.8
947,6,21.8,29.9,20,888.8,-88.8,-999.9,-88.8
948,6.1,21.8,29.9,20,888.8,-88.8,-999.9,-88.8
949,6.1,21.8,29.9,20,888.8,-88.8,-999.9,-88.8
950,6.2,21.8,29.9,19.9,888.8,-88.8,-999.9,-88.8
951,6.3,21.8,29.9,19.9,888.8,-88.8,-999.9,-88.8
952,6.4,21.8,29.9,19.9,888.8,-88.8,-999.9,-88.8
953,6.4,21.8,29.9,19.9,888.8,-88.8,-999.9,-88.8
954,6.5,21.8,29.9,19.9,888.8,-88.8,-999.9,-88.8
955,6.5,21.8,29.9,19.8,888.8,-88.8,-999.9,-88.8
956,6.6,21.8,29.9,19.8,888.8,-88.8,-999.9,-88.8
957,6.7,21.9,29.9,19.8,888.8,-88.8,-999.9,-88.8
958,6.7,21.8,29.9,19.7,888.8,-88.8,-999.9,-88.8
959,6.8,21.8,29.9,19.7,888.8,-88.8,-999.9,-88.8
1000,6.9,21.8,29.9,19.7,888.8,-88.8,-999.9,-88.8
1001,7,21.8,29.9,19.7,888.8,-88.8,-999.9,-88.8
1002,7,21.8,29.9,19.7,888.8,-88.8,-999.9,-88.8
1003,7.1,21.8,29.9,19.6,888.8,-88.8,-999.9,-88.8
1004,7.2,21.8,29.9,19.6,888.8,-88.8,-999.9,-88.8
1005,7.2,21.8,29.9,19.6,888.8,-88.8,-999.9,-88.8
1006,7.3,21.8,29.9,19.6,888.8,-88.8,-999.9,-88.8
1007,7.3,21.9,29.9,19.5,888.8,-88.8,-999.9,-88.8
1008,7.4,21.8,29.9,19.6,888.8,-88.8,-999.9,-88.8
1009,7.5,21.8,29.9,19.6,888.8,-88.8,-999.9,-88.8
1010,7.5,21.8,29.9,19.5,888.8,-88.8,-999.9,-88.8
1011,7.5,21.8,29.9,19.5,888.8,-88.8,-999.9,-88.8
1012,7.6,21.9,29.9,19.5,888.8,-88.8,-999.9,-88.8
1013,7.6,21.9,29.9,19.4,888.8,-88.8,-999.9,-88.8
1014,7.7,21.9,29.9,19.4,888.8,-88.8,-999.9,-88.8
1015,7.8,21.9,29.9,19.4,888.8,-88.8,-999.9,-88.8
1016,7.8,21.9,29.9,19.4,888.8,-88.8,-999.9,-88.8
1017,7.9,21.9,29.9,19.4,888.8,-88.8,-999.9,-88.8
1018,7.9,21.9,29.9,19.4,888.8,-88.8,-999.9,-88.8
1019,8,21.9,29.9,19.3,888.8,-88.8,-999.9,-88.8
1020,8.1,21.9,29.9,19.3,888.8,-88.8,-999.9,-88.8
1021,8.1,21.8,29.9,19.3,888.8,-88.8,-999.9,-88.8
1022,8.2,21.9,29.9,19.3,888.8,-88.8,-999.9,-88.8
1023,8.3,21.9,29.9,19.3,888.8,-88.8,-999.9,-88.8
1024,8.4,21.9,29.9,19.3,888.8,-88.8,-999.9,-88.8
1025,8.5,21.9,29.9,19.2,888.8,-88.8,-999.9,-88.8
1026,8.6,21.9,29.9,19.2,888.8,-88.8,-999.9,-88.8
1027,8.7,21.9,29.9,19.2,888.8,-88.8,-999.9,-88.8
1028,8.8,21.9,29.9,19.2,888.8,-88.8,-999.9,-88.8
1029,8.8,21.9,29.9,19.2,888.8,-88.8,-999.9,-88.8
1030,8.9,21.9,29.9,19.1,888.8,-88.8,-999.9,-88.8
1031,9,22,29.9,19.1,888.8,-88.8,-999.9,-88.8
1032,9.2,22,29.9,19.1,888.8,-88.8,-999.9,-88.8
1033,9.3,21.9,29.9,19.1,888.8,-88.8,-999.9,-88.8
1034,9.4,21.9,29.9,19.1,888.8,-88.8,-999.9,-88.8
1035,9.6,21.9,29.9,19.1,888.8,-88.8,-999.9,-88.8
1036,9.7,21.9,29.9,19.1,888.8,-88.8,-999.9,-88.8
1037,9.8,22,29.9,19,888.8,-88.8,-999.9,-88.8
1038,10,22,30,19,888.8,-88.8,-999.9,-88.8
1039,10.2,21.9,29.9,19,888.8,-88.8,-999.9,-88.8
1040,10.4,22,29.9,19,888.8,-88.8,-999.9,-88.8
1041,10.5,22,29.9,19,888.8,-88.8,-999.9,-88.8
1042,10.6,22,29.9,19,888.8,-88.8,-999.9,-88.8
1043,10.9,22,29.9,19,888.8,-88.8,-999.9,-88.8
1044,11,22,29.9,19,888.8,-88.8,-999.9,-88.8
1045,11.1,22,29.9,18.9,888.8,-88.8,-999.9,-88.8
1046,11.3,22,29.9,19,888.8,-88.8,-999.9,-88.8
1047,11.5,22,29.9,18.9,888.8,-88.8,-999.9,-88.8
1048,11.7,22,29.9,18.9,888.8,-88.8,-999.9,-88.8
1049,11.9,22,29.9,18.9,888.8,-88.8,-999.9,-88.8
1050,12.1,22,29.9,18.9,888.8,-88.8,-999.9,-88.8
1051,12.3,22,29.9,18.9,888.8,-88.8,-999.9,-88.8
1052,12.4,22,29.9,18.8,888.8,-88.8,-999.9,-88.8
1053,12.6,22,29.9,18.9,888.8,-88.8,-999.9,-88.8
1054,12.7,22,29.9,18.8,888.8,-88.8,-999.9,-88.8
1055,12.9,22,30,18.8,888.8,-88.8,-999.9,-88.8
1056,13,22,29.9,18.8,888.8,-88.8,-999.9,-88.8
1057,13.2,22,29.9,18.8,888.8,-88.8,-999.9,-88.8
1058,13.3,22.1,30,18.9,888.8,-88.8,-999.9,-88.8
1059,13.5,22.1,29.9,18.8,888.8,-88.8,-999.9,-88.8
1100,13.7,22.1,29.9,18.7,888.8,-88.8,-999.9,-88.8
1101,13.8,22.1,30,18.8,888.8,-88.8,-999.9,-88.8
1102,14,22.1,29.9,18.7,888.8,-88.8,-999.9,-88.8
1103,14.1,22.1,29.9,18.7,888.8,-88.8,-999.9,-88.8
1104,14.3,22.1,29.9,18.7,888.8,-88.8,-999.9,-88.8
1105,14.4,22.1,29.9,18.7,888.8,-88.8,-999.9,-88.8
1106,14.6,22.1,29.9,18.7,888.8,-88.8,-999.9,-88.8
1107,14.7,22.1,29.9,18.7,888.8,-88.8,-999.9,-88.8
1108,14.8,22.1,30,18.7,888.8,-88.8,-999.9,-88.8
1109,14.9,22.1,29.9,18.6,888.8,-88.8,-999.9,-88.8
1110,15,22.1,30,18.7,888.8,-88.8,-999.9,-88.8
1111,15.1,22.1,30,18.6,888.8,-88.8,-999.9,-88.8
1112,15.2,22.1,29.9,18.6,888.8,-88.8,-999.9,-88.8
1113,15.2,22.1,29.9,18.6,888.8,-88.8,-999.9,-88.8
1114,15.4,22.1,29.9,18.6,888.8,-88.8,-999.9,-88.8
1115,15.5,22.1,30,18.6,888.8,-88.8,-999.9,-88.8
1116,15.5,22.1,30,18.6,888.8,-88.8,-999.9,-88.8
1117,15.6,22.1,29.9,18.6,888.8,-88.8,-999.9,-88.8
1118,15.7,22.1,29.9,18.6,888.8,-88.8,-999.9,-88.8
1119,15.8,22.1,30,18.6,888.8,-88.8,-999.9,-88.8
1120,15.8,22.1,29.9,18.6,888.8,-88.8,-999.9,-88.8
1121,15.9,22.1,29.9,18.5,888.8,-88.8,-999.9,-88.8
1122,15.9,22.1,30,18.5,888.8,-88.8,-999.9,-88.8
1123,16,22.2,30,18.5,888.8,-88.8,-999.9,-88.8
1124,16.1,22.1,30,18.5,888.8,-88.8,-999.9,-88.8
1125,16.1,22.2,30,18.5,888.8,-88.8,-999.9,-88.8
1126,16.2,22.1,29.9,18.5,888.8,-88.8,-999.9,-88.8
1127,16.3,22.1,29.9,18.4,888.8,-88.8,-999.9,-88.8
1128,16.4,22.1,30,18.5,888.8,-88.8,-999.9,-88.8
1129,16.5,22.1,30,18.4,888.8,-88.8,-999.9,-88.8
1130,16.6,22.1,30,18.4,888.8,-88.8,-999.9,-88.8
1131,16.6,22.2,29.9,18.4,888.8,-88.8,-999.9,-88.8
1132,16.7,22.1,30,18.4,888.8,-88.8,-999.9,-88.8
1133,16.8,22.1,30,18.4,888.8,-88.8,-999.9,-88.8
1134,16.9,22.2,30,18.4,888.8,-88.8,-999.9,-88.8
1135,17,22.2,30,18.4,888.8,-88.8,-999.9,-88.8
1136,17.1,22.2,30,18.4,888.8,-88.8,-999.9,-88.8
1137,17.2,22.2,29.9,18.4,888.8,-88.8,-999.9,-88.8
1138,17.3,22.2,30,18.4,888.8,-88.8,-999.9,-88.8
1139,17.4,22.2,30,18.4,888.8,-88.8,-999.9,-88.8
1140,17.5,22.2,29.9,18.3,888.8,-88.8,-999.9,-88.8
1141,17.7,22.2,29.9,18.3,888.8,-88.8,-999.9,-88.8
1142,17.8,22.2,30,18.3,888.8,-88.8,-999.9,-88.8
1143,17.9,22.2,30,18.3,888.8,-88.8,-999.9,-88.8
1144,18.1,22.2,30,18.3,888.8,-88.8,-999.9,-88.8
1145,18.2,22.2,30,18.3,888.8,-88.8,-999.9,-88.8
1146,18.4,22.2,30,18.3,888.8,-88.8,-999.9,-88.8
1147,18.5,22.2,30,18.3,888.8,-88.8,-999.9,-88.8
1148,18.7,22.2,30,18.3,888.8,-88.8,-999.9,-88.8
1149,18.8,22.2,30,18.3,888.8,-88.8,-999.9,-88.8
1150,19,22.2,30,18.3,888.8,-88.8,-999.9,-88.8
1151,19.1,22.2,30,18.3,888.8,-88.8,-999.9,-88.8
1152,19.3,22.2,30,18.3,888.8,-88.8,-999.9,-88.8
1153,19.3,22.2,30,18.3,888.8,-88.8,-999.9,-88.8
1154,19.4,22.2,29.9,18.2,888.8,-88.8,-999.9,-88.8
1155,19.4,22.2,30,18.2,888.8,-88.8,-999.9,-88.8
1156,19.5,22.3,30,18.2,888.8,-88.8,-999.9,-88.8
1157,19.6,22.2,29.9,18.2,888.8,-88.8,-999.9,-88.8
1158,19.7,22.2,30,18.2,888.8,-88.8,-999.9,-88.8
1159,19.7,22.2,30,18.2,888.8,-88.8,-999.9,-88.8
1200,19.7,22.2,30,18.2,888.8,-88.8,-999.9,-88.8
1201,19.8,22.2,29.9,18.2,888.8,-88.8,-999.9,-88.8
1202,19.8,22.2,29.9,18.2,888.8,-88.8,-999.9,-88.8
1203,19.8,22.2,29.9,18.2,888.8,-88.8,-999.9,-88.8
1204,19.8,22.2,29.9,18.2,888.8,-88.8,-999.9,-88.8
1205,19.9,22.1,29.9,18.1,888.8,-88.8,-999.9,-88.8
1206,19.9,22.2,29.9,18.1,888.8,-88.8,-999.9,-88.8
1207,19.8,22.1,29.8,18.2,888.8,-88.8,-999.9,-88.8
1208,19.9,22.1,29.9,18.2,888.8,-88.8,-999.9,-88.8
1209,19.9,22.1,29.8,18.1,888.8,-88.8,-999.9,-88.8
1210,19.9,22.1,29.8,18.1,888.8,-88.8,-999.9,-88.8
1211,19.8,22.1,29.8,18.1,888.8,-88.8,-999.9,-88.8
1212,19.7,22.1,29.8,18.1,888.8,-88.8,-999.9,-88.8
1213,19.7,22.1,29.8,18.1,888.8,-88.8,-999.9,-88.8
1214,19.6,22.1,29.8,18.1,888.8,-88.8,-999.9,-88.8
1215,19.6,22.1,29.8,18.1,888.8,-88.8,-999.9,-88.8
1216,19.5,22.1,29.8,18.1,888.8,-88.8,-999.9,-88.8
1217,19.4,22.1,29.8,18.1,888.8,-88.8,-999.9,-88.8
1218,19.4,22.1,29.8,18.1,888.8,-88.8,-999.9,-88.8
1219,19.3,22.1,29.8,18.1,888.8,-88.8,-999.9,-88.8
1220,19.2,22.1,29.8,18.1,888.8,-88.8,-999.9,-88.8
1221,19.1,22.1,29.8,18,888.8,-88.8,-999.9,-88.8
1222,19,22.1,29.8,18,888.8,-88.8,-999.9,-88.8
1223,19,22,29.7,18,888.8,-88.8,-999.9,-88.8
1224,18.9,22,29.7,18.1,888.8,-88.8,-999.9,-88.8
1225,18.8,22,29.7,18.1,888.8,-88.8,-999.9,-88.8
1226,18.7,21.9,29.7,18.1,888.8,-88.8,-999.9,-88.8
1227,18.7,21.9,29.7,18.1,888.8,-88.8,-999.9,-88.8
1228,18.6,21.9,29.7,18.1,888.8,-88.8,-999.9,-88.8
1229,18.5,21.9,29.6,18.1,888.8,-88.8,-999.9,-88.8
1230,18.4,21.8,29.6,18.1,888.8,-88.8,-999.9,-88.8
1231,18.4,21.8,29.6,18.1,888.8,-88.8,-999.9,-88.8
1232,18.3,21.8,29.6,18.1,888.8,-88.8,-999.9,-88.8
1233,18.2,21.8,29.6,18.1,888.8,-88.8,-999.9,-88.8
1234,18.2,21.7,29.5,18.2,888.8,-88.8,-999.9,-88.8
1235,18.1,21.7,29.5,18.1,888.8,-88.8,-999.9,-88.8
1236,18,21.6,29.5,18.1,888.8,-88.8,-999.9,-88.8
1237,18,21.6,29.5,18.2,888.8,-88.8,-999.9,-88.8
1238,18,21.6,29.5,18.1,888.8,-88.8,-999.9,-88.8
1239,17.9,21.6,29.5,18.1,888.8,-88.8,-999.9,-88.8
1240,17.8,21.6,29.5,18.1,888.8,-88.8,-999.9,-88.8
1241,17.8,21.6,29.5,18.2,888.8,-88.8,-999.9,-88.8
1242,17.7,21.6,29.5,18.1,888.8,-88.8,-999.9,-88.8
1243,17.6,21.5,29.4,18.1,888.8,-88.8,-999.9,-88.8
1244,17.6,21.5,29.4,18.1,888.8,-88.8,-999.9,-88.8
1245,17.5,21.5,29.5,18.1,888.8,-88.8,-999.9,-88.8
1246,17.4,21.5,29.4,18.1,888.8,-88.8,-999.9,-88.8
1247,17.3,21.6,29.4,18.1,888.8,-88.8,-999.9,-88.8
1248,17.3,21.6,29.4,18.1,888.8,-88.8,-999.9,-88.8
1249,17.2,21.5,29.5,18.1,888.8,-88.8,-999.9,-88.8
1250,17.2,21.6,29.4,18.1,888.8,-88.8,-999.9,-88.8
1251,17.1,21.6,29.4,18.1,888.8,-88.8,-999.9,-88.8
1252,17,21.6,29.4,18.1,888.8,-88.8,-999.9,-88.8
1253,17,21.6,29.5,18.1,888.8,-88.8,-999.9,-88.8
1254,17,21.6,29.5,18.1,888.8,-88.8,-999.9,-88.8
1255,16.9,21.6,29.5,18,888.8,-88.8,-999.9,-88.8
1256,16.9,21.6,29.4,18.1,888.8,-88.8,-999.9,-88.8
1257,16.8,21.6,29.5,18,888.8,-88.8,-999.9,-88.8
1258,16.8,21.6,29.4,18,888.8,-88.8,-999.9,-88.8
1259,16.7,21.6,29.5,18,888.8,-88.8,-999.9,-88.8
1300,16.6,21.6,29.4,18,888.8,-88.8,-999.9,-88.8
1301,16.6,21.6,29.4,18,888.8,-88.8,-999.9,-88.8
1302,16.6,21.6,29.4,18,888.8,-88.8,-999.9,-88.8
1303,16.4,21.6,29.4,18,888.8,-88.8,-999.9,-88.8
1304,16.4,21.6,29.5,18,888.8,-88.8,-999.9,-88.8
1305,16.3,21.6,29.4,18,888.8,-88.8,-999.9,-88.8
1306,16.2,21.6,29.5,18,888.8,-88.8,-999.9,-88.8
1307,16.2,21.6,29.4,17.4,888.8,-88.8,-999.9,-88.8
1308,16.1,21.6,29.4,17.3,888.8,-88.8,-999.9,-88.8
1309,16,21.6,29.4,18.4,888.8,-88.8,-999.9,-88.8
1310,15.9,21.6,29.4,19.8,888.8,-88.8,-999.9,-88.8
1311,15.9,21.6,29.4,20.9,888.8,-88.8,-999.9,-88.8
1312,15.8,21.6,29.4,22.2,888.8,-88.8,-999.9,-88.8
1313,15.8,21.6,29.4,23.3,888.8,-88.8,-999.9,-88.8
1314,15.7,21.7,29.5,24.8,888.8,-88.8,-999.9,-88.8
1315,15.6,21.6,29.4,26.7,888.8,-88.8,-999.9,-88.8
1316,15.6,21.6,29.4,28.4,888.8,-88.8,-999.9,-88.8
1317,15.6,21.6,29.5,30.1,888.8,-88.8,-999.9,-88.8
1318,15.5,21.6,29.4,31.5,888.8,-88.8,-999.9,-88.8
1319,15.5,21.6,29.4,32.7,888.8,-88.8,-999.9,-88.8
1320,15.5,21.6,29.5,33.8,888.8,-88.8,-999.9,-88.8
1321,15.6,21.6,29.5,34.8,888.8,-88.8,-999.9,-88.8
1322,15.5,21.6,29.5,35.7,888.8,-88.8,-999.9,-88.8
1323,15.5,21.7,29.5,36.5,888.8,-88.8,-999.9,-88.8
1324,15.6,21.7,29.5,37.3,888.8,-88.8,-999.9,-88.8
1325,15.6,21.7,29.5,38.1,888.8,-88.8,-999.9,-88.8
1326,15.6,21.7,29.5,38.8,888.8,-88.8,-999.9,-88.8
1327,15.7,21.6,29.5,39.5,888.8,-88.8,-999.9,-88.8
1328,15.8,21.7,29.5,40.2,888.8,-88.8,-999.9,-88.8
1329,15.8,21.7,29.5,40.8,888.8,-88.8,-999.9,-88.8
1330,15.8,21.7,29.5,41.4,888.8,-88.8,-999.9,-88.8
1331,15.9,21.7,29.5,42,888.8,-88.8,-999.9,-88.8
1332,15.9,21.8,29.4,42.5,888.8,-88.8,-999.9,-88.8
1333,15.9,21.7,29.5,43,888.8,-88.8,-999.9,-88.8
1334,15.9,21.7,29.5,43.4,888.8,-88.8,-999.9,-88.8
1335,15.9,21.7,29.4,43.8,888.8,-88.8,-999.9,-88.8
1336,15.9,21.7,29.4,44.2,888.8,-88.8,-999.9,-88.8
1337,15.9,21.7,29.4,44.5,888.8,-88.8,-999.9,-88.8
1338,15.9,21.7,29.4,44.9,888.8,-88.8,-999.9,-88.8
1339,15.9,21.8,29.4,45.2,888.8,-88.8,-999.9,-88.8
1340,15.9,21.7,29.4,45.4,888.8,-88.8,-999.9,-88.8
1341,15.9,21.7,29.4,45.8,888.8,-88.8,-999.9,-88.8
1342,16,21.7,29.4,46.1,888.8,-88.8,-999.9,-88.8
1343,16,21.8,29.5,46.4,888.8,-88.8,-999.9,-88.8
1344,16,21.8,29.4,46.6,888.8,-88.8,-999.9,-88.8
1345,16.1,21.8,29.4,46.4,888.8,-88.8,-999.9,-88.8
1346,16.1,21.8,29.4,45.1,888.8,-88.8,-999.9,-88.8
1347,16.2,21.8,29.4,44.1,888.8,-88.8,-999.9,-88.8
1348,16.2,21.8,29.4,43.4,888.8,-88.8,-999.9,-88.8
1349,16.3,21.8,29.4,42.9,888.8,-88.8,-999.9,-88.8
1350,16.3,21.8,29.4,42.5,888.8,-88.8,-999.9,-88.8
1351,16.3,21.8,29.4,42,888.8,-88.8,-999.9,-88.8
1352,16.4,21.8,29.5,41.7,888.8,-88.8,-999.9,-88.8
1353,16.4,21.8,29.4,41.3,888.8,-88.8,-999.9,-88.8
1354,16.4,21.8,29.4,40.9,888.8,-88.8,-999.9,-88.8
1355,16.5,21.8,29.4,40.4,888.8,-88.8,-999.9,-88.8
1356,16.5,21.8,29.4,39.9,888.8,-88.8,-999.9,-88.8
1357,16.6,21.8,29.4,39.5,888.8,-88.8,-999.9,-88.8
1358,16.6,21.8,29.4,39.1,888.8,-88.8,-999.9,-88.8
1359,16.7,21.8,29.4,38.6,888.8,-88.8,-999.9,-88.8
1400,16.7,21.8,29.4,38.2,888.8,-88.8,-999.9,-88.8
1401,16.7,21.8,29.4,37.7,888.8,-88.8,-999.9,-88.8
1402,16.8,21.8,29.4,37.3,888.8,-88.8,-999.9,-88.8
1403,16.8,21.8,29.4,37.1,888.8,-88.8,-999.9,-88.8
1404,16.8,21.8,29.4,36.8,888.8,-88.8,-999.9,-88.8
1405,16.9,21.8,29.4,36.5,888.8,-88.8,-999.9,-88.8
1406,16.8,21.8,29.4,36.2,888.8,-88.8,-999.9,-88.8
1407,16.8,21.8,29.4,36.1,888.8,-88.8,-999.9,-88.8
1408,16.9,21.9,29.4,35.9,888.8,-88.8,-999.9,-88.8
1409,16.9,21.9,29.4,35.8,888.8,-88.8,-999.9,-88.8
1410,16.9,21.9,29.4,35.7,888.8,-88.8,-999.9,-88.8
1411,16.9,21.9,29.5,35.5,888.8,-88.8,-999.9,-88.8
1412,16.9,21.9,29.5,35.4,888.8,-88.8,-999.9,-88.8
1413,16.9,21.9,29.4,35.2,888.8,-88.8,-999.9,-88.8
1414,16.9,21.8,29.4,35.1,888.8,-88.8,-999.9,-88.8
1415,16.9,21.9,29.4,35,888.8,-88.8,-999.9,-88.8
1416,16.9,21.9,29.4,34.9,888.8,-88.8,-999.9,-88.8
1417,16.9,21.9,29.4,34.7,888.8,-88.8,-999.9,-88.8
1418,16.9,21.9,29.5,34.6,888.8,-88.8,-999.9,-88.8
1419,16.9,21.9,29.4,34.5,888.8,-88.8,-999.9,-88.8
1420,16.9,21.9,29.4,34.4,888.8,-88.8,-999.9,-88.8
1421,16.8,21.9,29.5,34.3,888.8,-88.8,-999.9,-88.8
1422,16.8,21.9,29.5,34.2,888.8,-88.8,-999.9,-88.8
1423,16.7,21.9,29.5,34.1,888.8,-88.8,-999.9,-88.8
1424,16.7,21.9,29.5,34,888.8,-88.8,-999.9,-88.8
1425,16.6,21.9,29.5,33.9,888.8,-88.8,-999.9,-88.8
1426,16.5,21.9,29.5,33.9,888.8,-88.8,-999.9,-88.8
1427,16.5,21.9,29.5,33.7,888.8,-88.8,-999.9,-88.8
1428,16.5,21.9,29.5,33.7,888.8,-88.8,-999.9,-88.8
1429,16.4,21.9,29.5,33.6,888.8,-88.8,-999.9,-88.8
1430,16.3,21.9,29.5,33.5,888.8,-88.8,-999.9,-88.8
1431,16.2,21.9,29.5,33.4,888.8,-88.8,-999.9,-88.8
1432,16.2,22,29.5,33.3,888.8,-88.8,-999.9,-88.8
1433,16.1,22,29.5,33.3,888.8,-88.8,-999.9,-88.8
1434,16,22,29.5,33.2,888.8,-88.8,-999.9,-88.8
1435,16,22,29.5,33.1,888.8,-88.8,-999.9,-88.8
1436,15.9,22,29.5,33,888.8,-88.8,-999.9,-88.8
1437,15.9,22,29.5,33,888.8,-88.8,-999.9,-88.8
1438,15.8,22,29.5,32.9,888.8,-88.8,-999.9,-88.8
1439,15.7,22,29.5,32.8,888.8,-88.8,-999.9,-88.8
1440,15.6,22,29.5,32.8,888.8,-88.8,-999.9,-88.8
1441,15.6,22,29.5,32.8,888.8,-88.8,-999.9,-88.8
1442,15.5,22,29.5,32.7,888.8,-88.8,-999.9,-88.8
1443,15.5,22,29.5,32.9,888.8,-88.8,-999.9,-88.8
1444,15.3,22,29.5,33.2,888.8,-88.8,-999.9,-88.8
1445,15.3,22,29.5,33.8,888.8,-88.8,-999.9,-88.8
1446,15.2,22,29.5,34.5,888.8,-88.8,-999.9,-88.8
1447,15.1,22,29.5,35.3,888.8,-88.8,-999.9,-88.8
1448,15,22,29.5,36.1,888.8,-88.8,-999.9,-88.8
1449,14.9,22.1,29.5,36.8,888.8,-88.8,-999.9,-88.8
1450,14.8,22.1,29.6,37.5,888.8,-88.8,-999.9,-88.8
1451,14.7,22.1,29.5,37.9,888.8,-88.8,-999.9,-88.8
1452,14.6,22.1,29.6,38.4,888.8,-88.8,-999.9,-88.8
1453,14.5,22.1,29.6,38.8,888.8,-88.8,-999.9,-88.8
1454,14.5,22.1,29.6,39.3,888.8,-88.8,-999.9,-88.8
1455,14.4,22.1,29.6,39.5,888.8,-88.8,-999.9,-88.8
1456,14.2,22.1,29.6,39.8,888.8,-88.8,-999.9,-88.8
1457,14.1,22.1,29.6,40.1,888.8,-88.8,-999.9,-88.8
1458,14.1,22.1,29.6,40.4,888.8,-88.8,-999.9,-88.8
1459,13.9,22.1,29.6,40.8,888.8,-88.8,-999.9,-88.8
1500,13.8,22.1,29.6,41.1,888.8,-88.8,-999.9,-88.8
1501,13.8,22.1,29.6,41.4,888.8,-88.8,-999.9,-88.8
1502,13.6,22.1,29.6,41.7,888.8,-88.8,-999.9,-88.8
1503,13.5,22.1,29.6,41.9,888.8,-88.8,-999.9,-88.8
1504,13.4,22.1,29.6,42.1,888.8,-88.8,-999.9,-88.8
1505,13.3,22.1,29.6,41.8,888.8,-88.8,-999.9,-88.8
1506,13.2,22.1,29.6,41.7,888.8,-88.8,-999.9,-88.8
1507,13.1,22.1,29.6,41.9,888.8,-88.8,-999.9,-88.8
1508,13,22.1,29.6,41.5,888.8,-88.8,-999.9,-88.8
1509,12.9,22.1,29.7,41.1,888.8,-88.8,-999.9,-88.8
1510,12.8,22.1,29.7,40.8,888.8,-88.8,-999.9,-88.8
1511,12.7,22.1,29.7,40.3,888.8,-88.8,-999.9,-88.8
1512,12.6,22.1,29.7,39.7,888.8,-88.8,-999.9,-88.8
1513,12.5,22.2,29.7,39.2,888.8,-88.8,-999.9,-88.8
1514,12.4,22.1,29.7,38.7,888.8,-88.8,-999.9,-88.8
1515,12.3,22.1,29.7,38.1,888.8,-88.8,-999.9,-88.8
1516,12.2,22.1,29.7,37.8,888.8,-88.8,-999.9,-88.8
1517,12.1,22.1,29.6,37.3,888.8,-88.8,-999.9,-88.8
1518,12.1,22.1,29.6,37,888.8,-88.8,-999.9,-88.8
1519,11.9,22,29.5,34.9,888.8,-88.8,-999.9,-88.8
1520,11.9,21.9,29.4,34.8,888.8,-88.8,-999.9,-88.8
1521,11.8,21.8,29.4,35.5,888.8,-88.8,-999.9,-88.8
1522,11.6,21.7,29.4,36.6,888.8,-88.8,-999.9,-88.8
1523,11.5,21.6,29.4,37.5,888.8,-88.8,-999.9,-88.8
1524,11.4,21.6,29.3,38.3,888.8,-88.8,-999.9,-88.8
1525,11.4,21.5,29.3,38.8,888.8,-88.8,-999.9,-88.8
1526,11.3,21.5,29.3,39.2,888.8,-88.8,-999.9,-88.8
1527,11.2,21.5,29.2,39.5,888.8,-88.8,-999.9,-88.8
1528,11.1,21.5,29.2,39.7,888.8,-88.8,-999.9,-88.8
1529,11.1,21.4,29.2,40.1,888.8,-88.8,-999.9,-88.8
1530,11,21.4,29.2,40.3,888.8,-88.8,-999.9,-88.8
1531,10.9,21.4,29.2,40.6,888.8,-88.8,-999.9,-88.8
1532,10.9,21.3,29.2,41,888.8,-88.8,-999.9,-88.8
1533,10.8,21.3,29.2,41.3,888.8,-88.8,-999.9,-88.8
1534,10.8,21.3,29.2,41.5,888.8,-88.8,-999.9,-88.8
1535,10.7,21.3,29.2,41.8,888.8,-88.8,-999.9,-88.8
1536,10.7,21.3,29.2,41.9,888.8,-88.8,-999.9,-88.8
1537,10.6,21.3,29.2,41.5,888.8,-88.8,-999.9,-88.8
1538,10.6,21.3,29.2,41.6,888.8,-88.8,-999.9,-88.8
1539,10.6,21.3,29.2,41.7,888.8,-88.8,-999.9,-88.8
1540,10.6,21.3,29.2,41.8,888.8,-88.8,-999.9,-88.8
1541,10.6,21.3,29.2,42,888.8,-88.8,-999.9,-88.8
1542,10.6,21.3,29.2,42.2,888.8,-88.8,-999.9,-88.8
1543,10.6,21.3,29.2,42.4,888.8,-88.8,-999.9,-88.8
1544,10.6,21.3,29.2,42.6,888.8,-88.8,-999.9,-88.8
1545,10.6,21.3,29.2,42.8,888.8,-88.8,-999.9,-88.8
1546,10.6,21.3,29.2,42.9,888.8,-88.8,-999.9,-88.8
1547,10.6,21.3,29.2,43.1,888.8,-88.8,-999.9,-88.8
1548,10.6,21.3,29.2,43.2,888.8,-88.8,-999.9,-88.8
1549,10.6,21.3,29.2,43.3,888.8,-88.8,-999.9,-88.8
1550,10.6,21.2,29.2,43.5,888.8,-88.8,-999.9,-88.8
1551,10.6,21.3,29.2,43.7,888.8,-88.8,-999.9,-88.8
1552,10.6,21.3,29.2,43.8,888.8,-88.8,-999.9,-88.8
1553,10.5,21.3,29.2,43.9,888.8,-88.8,-999.9,-88.8
1554,10.5,21.3,29.2,44.1,888.8,-88.8,-999.9,-88.8
1555,10.5,21.3,29.2,44.2,888.8,-88.8,-999.9,-88.8
1556,10.4,21.3,29.2,44.4,888.8,-88.8,-999.9,-88.8
1557,10.4,21.3,29.3,44.5,888.8,-88.8,-999.9,-88.8
1558,10.4,21.3,29.2,44.6,888.8,-88.8,-999.9,-88.8
1559,10.3,21.3,29.3,44.7,888.8,-88.8,-999.9,-88.8
1600,10.3,21.3,29.3,44.9,888.8,-88.8,-999.9,-88.8
1601,10.2,21.3,29.3,44.6,888.8,-88.8,-999.9,-88.8
1602,10.2,21.3,29.3,44.2,888.8,-88.8,-999.9,-88.8
1603,10.1,21.3,29.3,43.9,888.8,-88.8,-999.9,-88.8
1604,10.1,21.3,29.3,43.6,888.8,-88.8,-999.9,-88.8
1605,10.1,21.3,29.3,43.2,888.8,-88.8,-999.9,-88.8
1606,10,21.3,29.3,42.7,888.8,-88.8,-999.9,-88.8
1607,10,21.3,29.3,42.2,888.8,-88.8,-999.9,-88.8
1608,10,21.3,29.3,41.8,888.8,-88.8,-999.9,-88.8
1609,9.9,21.3,29.3,41.3,888.8,-88.8,-999.9,-88.8
1610,9.8,21.3,29.3,40.6,888.8,-88.8,-999.9,-88.8
1611,9.8,21.4,29.3,40.3,888.8,-88.8,-999.9,-88.8
1612,9.8,21.3,29.3,40.3,888.8,-88.8,-999.9,-88.8
1613,9.7,21.3,29.3,40.5,888.8,-88.8,-999.9,-88.8
1614,9.7,21.3,29.3,40.8,888.8,-88.8,-999.9,-88.8
1615,9.6,21.3,29.4,41.4,888.8,-88.8,-999.9,-88.8
1616,9.6,21.3,29.3,41.9,888.8,-88.8,-999.9,-88.8
1617,9.5,21.3,29.4,42.5,888.8,-88.8,-999.9,-88.8
1618,9.4,21.3,29.3,42.9,888.8,-88.8,-999.9,-88.8
1619,9.4,21.4,29.4,43.3,888.8,-88.8,-999.9,-88.8
1620,9.3,21.4,29.4,43.7,888.8,-88.8,-999.9,-88.8
1621,9.3,21.4,29.4,43.9,888.8,-88.8,-999.9,-88.8
1622,9.2,21.4,29.4,44.2,888.8,-88.8,-999.9,-88.8
1623,9.1,21.4,29.4,44.5,888.8,-88.8,-999.9,-88.8
1624,9,21.4,29.4,44.8,888.8,-88.8,-999.9,-88.8
1625,9,21.4,29.4,45,888.8,-88.8,-999.9,-88.8
1626,8.9,21.4,29.4,44.7,888.8,-88.8,-999.9,-88.8
1627,8.9,21.4,29.4,44.5,888.8,-88.8,-999.9,-88.8
1628,8.8,21.4,29.4,44.3,888.8,-88.8,-999.9,-88.8
1629,8.7,21.5,29.4,44.1,888.8,-88.8,-999.9,-88.8
1630,8.7,21.4,29.4,43.6,888.8,-88.8,-999.9,-88.8
1631,8.6,21.4,29.4,43.1,888.8,-88.8,-999.9,-88.8
1632,8.5,21.4,29.4,42.6,888.8,-88.8,-999.9,-88.8
1633,8.5,21.5,29.4,42.1,888.8,-88.8,-999.9,-88.8
1634,8.4,21.5,29.4,41.7,888.8,-88.8,-999.9,-88.8
1635,8.4,21.4,29.4,41.1,888.8,-88.8,-999.9,-88.8
1636,8.3,21.5,29.4,40.6,888.8,-88.8,-999.9,-88.8
1637,8.3,21.4,29.4,40.6,888.8,-88.8,-999.9,-88.8
1638,8.2,21.5,29.4,40.8,888.8,-88.8,-999.9,-88.8
1639,8.1,21.5,29.4,41.1,888.8,-88.8,-999.9,-88.8
1640,8.1,21.5,29.4,41.7,888.8,-88.8,-999.9,-88.8
1641,8,21.5,29.4,42.2,888.8,-88.8,-999.9,-88.8
1642,7.9,21.5,29.4,42.8,888.8,-88.8,-999.9,-88.8
1643,7.9,21.5,29.4,43.3,888.8,-88.8,-999.9,-88.8
1644,7.8,21.5,29.4,43.6,888.8,-88.8,-999.9,-88.8
1645,7.8,21.5,29.4,44,888.8,-88.8,-999.9,-88.8
1646,7.7,21.5,29.4,44.3,888.8,-88.8,-999.9,-88.8
1647,7.6,21.5,29.4,44.7,888.8,-88.8,-999.9,-88.8
1648,7.6,21.5,29.4,44.9,888.8,-88.8,-999.9,-88.8
1649,7.5,21.5,29.4,45,888.8,-88.8,-999.9,-88.8
1650,7.5,21.5,29.4,44.9,888.8,-88.8,-999.9,-88.8
1651,7.4,21.5,29.4,45,888.8,-88.8,-999.9,-88.8
1652,7.4,21.5,29.4,45.1,888.8,-88.8,-999.9,-88.8
1653,7.3,21.5,29.5,45.1,888.8,-88.8,-999.9,-88.8
1654,7.3,21.5,29.5,45.2,888.8,-88.8,-999.9,-88.8
1655,7.2,21.5,29.4,45.4,888.8,-88.8,-999.9,-88.8
1656,7.1,21.5,29.4,45.6,888.8,-88.8,-999.9,-88.8
1657,7,21.6,29.4,45.8,888.8,-88.8,-999.9,-88.8
1658,7,21.5,29.5,46,888.8,-88.8,-999.9,-88.8
1659,6.9,21.5,29.4,46.1,888.8,-88.8,-999.9,-88.8
1700,6.9,21.5,29.5,46.3,888.8,-88.8,-999.9,-88.8
1701,6.8,21.6,29.5,46.4,888.8,-88.8,-999.9,-88.8
1702,6.7,21.6,29.5,46.5,888.8,-88.8,-999.9,-88.8
1703,6.7,21.6,29.5,46.6,888.8,-88.8,-999.9,-88.8
1704,6.6,21.6,29.5,46.8,888.8,-88.8,-999.9,-88.8
1705,6.6,21.6,29.5,46.9,888.8,-88.8,-999.9,-88.8
1706,6.5,21.6,29.5,46.9,888.8,-88.8,-999.9,-88.8
1707,6.5,21.6,29.5,47,888.8,-88.8,-999.9,-88.8
1708,6.4,21.6,29.5,47,888.8,-88.8,-999.9,-88.8
1709,6.4,21.6,29.5,47.1,888.8,-88.8,-999.9,-88.8
1710,6.4,21.6,29.5,47.1,888.8,-88.8,-999.9,-88.8
1711,6.3,21.6,29.5,47.2,888.8,-88.8,-999.9,-88.8
1712,6.2,21.6,29.5,47.2,888.8,-88.8,-999.9,-88.8
1713,6.2,21.6,29.5,47.2,888.8,-88.8,-999.9,-88.8
1714,6.1,21.6,29.5,46.7,888.8,-88.8,-999.9,-88.8
1715,6.1,21.6,29.5,45.9,888.8,-88.8,-999.9,-88.8
1716,6,21.6,29.5,45.1,888.8,-88.8,-999.9,-88.8
1717,6,21.6,29.5,44.2,888.8,-88.8,-999.9,-88.8
1718,6,21.6,29.5,42.9,888.8,-88.8,-999.9,-88.8
1719,5.9,21.7,29.5,42,888.8,-88.8,-999.9,-88.8
1720,5.9,21.6,29.5,41.3,888.8,-88.8,-999.9,-88.8
1721,5.8,21.6,29.5,40.6,888.8,-88.8,-999.9,-88.8
1722,5.8,21.7,29.5,40.4,888.8,-88.8,-999.9,-88.8
1723,5.7,21.6,29.5,40.3,888.8,-88.8,-999.9,-88.8
1724,5.7,21.6,29.5,40.5,888.8,-88.8,-999.9,-88.8
1725,5.7,21.6,29.5,40.6,888.8,-88.8,-999.9,-88.8
1726,5.6,21.7,29.6,40.8,888.8,-88.8,-999.9,-88.8
1727,5.6,21.7,29.5,41.1,888.8,-88.8,-999.9,-88.8
1728,5.6,21.7,29.5,41.2,888.8,-88.8,-999.9,-88.8
1729,5.5,21.7,29.5,39.5,888.8,-88.8,-999.9,-88.8
1730,5.5,21.7,29.6,39.4,888.8,-88.8,-999.9,-88.8
1731,5.5,21.7,29.5,38.6,888.8,-88.8,-999.9,-88.8
1732,5.4,21.7,29.6,39.7,888.8,-88.8,-999.9,-88.8
1733,5.4,21.7,29.6,40.8,888.8,-88.8,-999.9,-88.8
1734,5.4,21.7,29.6,44.2,888.8,-88.8,-999.9,-88.8
1735,5.3,21.8,29.6,44.4,888.8,-88.8,-999.9,-88.8
1736,5.2,21.7,29.6,43.5,888.8,-88.8,-999.9,-88.8
1737,5.3,21.7,29.6,43.1,888.8,-88.8,-999.9,-88.8
1738,5.2,21.7,29.6,43.5,888.8,-88.8,-999.9,-88.8
1739,5.2,21.7,29.6,44,888.8,-88.8,-999.9,-88.8
1740,5.2,21.7,29.6,43.7,888.8,-88.8,-999.9,-88.8
1741,5.1,21.7,29.6,42.4,888.8,-88.8,-999.9,-88.8
1742,5.1,21.7,29.6,41.5,888.8,-88.8,-999.9,-88.8
1743,5.1,21.7,29.6,41.4,888.8,-88.8,-999.9,-88.8
1744,5.1,21.8,29.6,41.5,888.8,-88.8,-999.9,-88.8
1745,5,21.8,29.6,41.5,888.8,-88.8,-999.9,-88.8
1746,5,21.8,29.7,41.6,888.8,-88.8,-999.9,-88.8
1747,5,21.8,29.6,41.8,888.8,-88.8,-999.9,-88.8
1748,5,21.8,29.6,41.9,888.8,-88.8,-999.9,-88.8
1749,4.9,21.8,29.6,42.1,888.8,-88.8,-999.9,-88.8
1750,4.9,21.8,29.6,41.8,888.8,-88.8,-999.9,-88.8
1751,4.9,21.8,29.7,41.2,888.8,-88.8,-999.9,-88.8
1752,4.9,21.8,29.6,40.9,888.8,-88.8,-999.9,-88.8
1753,4.8,21.8,29.7,40.8,888.8,-88.8,-999.9,-88.8
1754,4.8,21.8,29.7,40.8,888.8,-88.8,-999.9,-88.8
1755,4.8,21.8,29.7,40.7,888.8,-88.8,-999.9,-88.8
1756,4.7,21.8,29.7,40.7,888.8,-88.8,-999.9,-88.8
1757,4.7,21.8,29.7,40.7,888.8,-88.8,-999.9,-88.8
1758,4.7,21.8,29.7,40.7,888.8,-88.8,-999.9,-88.8
1759,4.7,21.8,29.7,40.7,888.8,-88.8,-999.9,-88.8
1800,4.6,21.8,29.7,40.7,888.8,-88.8,-999.9,-88.8
1801,4.6,21.8,29.7,40.6,888.8,-88.8,-999.9,-88.8
1802,4.6,21.8,29.7,40.6,888.8,-88.8,-999.9,-88.8
1803,4.6,21.8,29.7,40.5,888.8,-88.8,-999.9,-88.8
1804,4.5,21.8,29.7,40.5,888.8,-88.8,-999.9,-88.8
1805,4.5,21.9,29.7,40.4,888.8,-88.8,-999.9,-88.8
1806,4.5,21.9,29.7,40.4,888.8,-88.8,-999.9,-88.8
1807,4.5,21.9,29.7,40.3,888.8,-88.8,-999.9,-88.8
1808,4.4,21.9,29.7,40.3,888.8,-88.8,-999.9,-88.8
1809,4.4,21.9,29.7,40.2,888.8,-88.8,-999.9,-88.8
1810,4.4,21.9,29.7,40.1,888.8,-88.8,-999.9,-88.8
1811,4.4,21.9,29.7,40.1,888.8,-88.8,-999.9,-88.8
1812,4.4,21.9,29.7,40,888.8,-88.8,-999.9,-88.8
1813,4.4,21.9,29.7,39.9,888.8,-88.8,-999.9,-88.8
1814,4.3,21.9,29.7,39.9,888.8,-88.8,-999.9,-88.8
1815,4.3,21.9,29.7,39.8,888.8,-88.8,-999.9,-88.8
1816,4.3,21.9,29.8,39.7,888.8,-88.8,-999.9,-88.8
1817,4.3,21.9,29.8,39.7,888.8,-88.8,-999.9,-88.8
1818,4.2,21.9,29.8,39.7,888.8,-88.8,-999.9,-88.8
1819,4.2,21.9,29.8,39.6,888.8,-88.8,-999.9,-88.8
1820,4.2,21.9,29.8,39.5,888.8,-88.8,-999.9,-88.8
1821,4.2,21.9,29.8,39.5,888.8,-88.8,-999.9,-88.8
1822,4.2,21.9,29.8,39.5,888.8,-88.8,-999.9,-88.8
1823,4.2,21.9,29.8,39.4,888.8,-88.8,-999.9,-88.8
1824,4.1,21.9,29.8,39.3,888.8,-88.8,-999.9,-88.8
1825,4.1,21.9,29.8,39.3,888.8,-88.8,-999.9,-88.8
1826,4.1,21.9,29.8,39.2,888.8,-88.8,-999.9,-88.8
1827,4.1,22,29.8,39.2,888.8,-88.8,-999.9,-88.8
1828,4.1,22,29.9,39.1,888.8,-88.8,-999.9,-88.8
1829,4.1,21.9,29.8,39.1,888.8,-88.8,-999.9,-88.8
1830,4.1,22,29.9,39,888.8,-88.8,-999.9,-88.8
1831,4.1,22,29.9,39,888.8,-88.8,-999.9,-88.8
1832,4.1,21.9,29.9,38.9,888.8,-88.8,-999.9,-88.8
1833,4,21.9,29.9,38.9,888.8,-88.8,-999.9,-88.8
1834,4,22,29.9,38.8,888.8,-88.8,-999.9,-88.8
1835,4,22,29.9,38.8,888.8,-88.8,-999.9,-88.8
1836,4,22,29.9,38.7,888.8,-88.8,-999.9,-88.8
1837,4,21.9,29.9,38.6,888.8,-88.8,-999.9,-88.8
1838,4,22,29.9,38.6,888.8,-88.8,-999.9,-88.8
1839,4,22,29.9,38.6,888.8,-88.8,-999.9,-88.8
1840,3.9,22,29.9,38.5,888.8,-88.8,-999.9,-88.8
1841,3.9,22,29.9,38.4,888.8,-88.8,-999.9,-88.8
1842,3.9,22,29.9,38.4,888.8,-88.8,-999.9,-88.8
1843,3.9,22,29.9,38.4,888.8,-88.8,-999.9,-88.8
1844,3.9,22,29.9,38.3,888.8,-88.8,-999.9,-88.8
1845,3.9,22,29.9,38.2,888.8,-88.8,-999.9,-88.8
1846,3.9,22,29.9,38.2,888.8,-88.8,-999.9,-88.8
1847,3.9,22,29.9,38.1,888.8,-88.8,-999.9,-88.8
1848,3.9,22,30,38.1,888.8,-88.8,-999.9,-88.8
1849,3.9,22,30,38,888.8,-88.8,-999.9,-88.8
1850,3.8,22,29.9,38,888.8,-88.8,-999.9,-88.8
1851,3.8,22,30,37.9,888.8,-88.8,-999.9,-88.8
1852,3.8,22,30,37.9,888.8,-88.8,-999.9,-88.8
1853,3.8,22,29.9,37.8,888.8,-88.8,-999.9,-88.8
1854,3.8,22,30,37.7,888.8,-88.8,-999.9,-88.8
1855,3.8,22.1,30,37.6,888.8,-88.8,-999.9,-88.8
1856,3.8,22,30,37.6,888.8,-88.8,-999.9,-88.8
1857,3.8,22,30,37.5,888.8,-88.8,-999.9,-88.8
1858,3.7,22,30,37.5,888.8,-88.8,-999.9,-88.8
1859,3.8,22.1,30,37.4,888.8,-88.8,-999.9,-88.8
1900,3.8,22.1,30.1,37.3,888.8,-88.8,-999.9,-88.8
1901,3.7,22,30,37.3,888.8,-88.8,-999.9,-88.8
1902,3.7,22.1,30.1,37.2,888.8,-88.8,-999.9,-88.8
1903,3.7,22.1,30.1,37.1,888.8,-88.8,-999.9,-88.8
1904,3.6,22.1,30.1,37,888.8,-88.8,-999.9,-88.8
1905,3.6,22.1,30,36.9,888.8,-88.8,-999.9,-88.8
1906,3.6,22.1,30.1,36.8,888.8,-88.8,-999.9,-88.8
1907,3.6,22.1,30.1,36.7,888.8,-88.8,-999.9,-88.8
1908,3.6,22.1,30.1,36.6,888.8,-88.8,-999.9,-88.8
1909,3.6,22.1,30.1,36.5,888.8,-88.8,-999.9,-88.8
1910,3.6,22.1,30.1,36.4,888.8,-88.8,-999.9,-88.8
1911,3.6,22.1,30.1,36.3,888.8,-88.8,-999.9,-88.8
1912,3.5,22.1,30.2,36.2,888.8,-88.8,-999.9,-88.8
1913,3.5,22.1,30.2,36.1,888.8,-88.8,-999.9,-88.8
1914,3.5,22.1,30.2,36,888.8,-88.8,-999.9,-88.8
1915,3.5,22.1,30.2,35.9,888.8,-88.8,-999.9,-88.8
1916,3.5,22.1,30.2,35.8,888.8,-88.8,-999.9,-88.8
1917,3.5,22.1,30.2,35.7,888.8,-88.8,-999.9,-88.8
1918,3.5,22.1,30.2,35.6,888.8,-88.8,-999.9,-88.8
1919,3.5,22.1,30.2,35.5,888.8,-88.8,-999.9,-88.8
1920,3.4,22.1,30.2,35.4,888.8,-88.8,-999.9,-88.8
1921,3.5,22.1,30.3,35.4,888.8,-88.8,-999.9,-88.8
1922,3.4,22.2,30.3,35.3,888.8,-88.8,-999.9,-88.8
1923,3.4,22.1,30.3,35.2,888.8,-88.8,-999.9,-88.8
1924,3.4,22.2,30.3,35.1,888.8,-88.8,-999.9,-88.8
1925,3.4,22.2,30.3,35.1,888.8,-88.8,-999.9,-88.8
1926,3.4,22.2,30.3,35,888.8,-88.8,-999.9,-88.8
1927,3.4,22.2,30.3,34.9,888.8,-88.8,-999.9,-88.8
1928,3.4,22.2,30.3,34.9,888.8,-88.8,-999.9,-88.8
1929,3.4,22.1,30.3,34.8,888.8,-88.8,-999.9,-88.8
1930,3.4,22.2,30.4,34.7,888.8,-88.8,-999.9,-88.8
1931,3.4,22.2,30.4,34.6,888.8,-88.8,-999.9,-88.8
1932,3.3,22.2,30.4,34.5,888.8,-88.8,-999.9,-88.8
1933,3.3,22.2,30.4,34.5,888.8,-88.8,-999.9,-88.8
1934,3.3,22.2,30.4,34.3,888.8,-88.8,-999.9,-88.8
1935,3.3,22.2,30.4,34.4,888.8,-88.8,-999.9,-88.8
1936,3.3,22.2,30.4,34.3,888.8,-88.8,-999.9,-88.8
1937,3.3,22.1,30.4,34.2,888.8,-88.8,-999.9,-88.8
1938,3.3,22.1,30.3,34.2,888.8,-88.8,-999.9,-88.8
1939,3.3,22.1,30.3,34.1,888.8,-88.8,-999.9,-88.8
1940,3.3,22,30.3,34,888.8,-88.8,-999.9,-88.8
1941,3.2,22,30.3,34,888.8,-88.8,-999.9,-88.8
1942,3.3,22,30.3,34,888.8,-88.8,-999.9,-88.8
1943,3.2,22,30.3,33.9,888.8,-88.8,-999.9,-88.8
1944,3.2,22,30.4,33.8,888.8,-88.8,-999.9,-88.8
1945,3.2,22,30.4,33.9,888.8,-88.8,-999.9,-88.8
1946,3.2,22,30.4,33.8,888.8,-88.8,-999.9,-88.8
1947,3.2,22,30.3,33.7,888.8,-88.8,-999.9,-88.8
1948,3.2,22,30.4,33.5,888.8,-88.8,-999.9,-88.8
1949,3.2,22,30.4,33.4,888.8,-88.8,-999.9,-88.8
1950,3.2,22,30.4,33.2,888.8,-88.8,-999.9,-88.8
1951,3.2,22,30.4,32.6,888.8,-88.8,-999.9,-88.8
1952,3.1,22,30.5,32.3,888.8,-88.8,-999.9,-88.8
1953,3.1,22,30.5,32.2,888.8,-88.8,-999.9,-88.8
1954,3.1,22,30.5,32.1,888.8,-88.8,-999.9,-88.8
1955,3.1,22,30.5,31.9,888.8,-88.8,-999.9,-88.8
1956,3.1,22,30.5,32.2,888.8,-88.8,-999.9,-88.8
1957,3.1,22,30.5,32.1,888.8,-88.8,-999.9,-88.8
1958,3.1,22,30.5,32,888.8,-88.8,-999.9,-88.8
1959,3.1,21.9,30.5,32,888.8,-88.8,-999.9,-88.8
2000,3.1,21.9,30.5,31.9,888.8,-88.8,-999.9,-88.8
2001,3.1,21.9,30.5,31.8,888.8,-88.8,-999.9,-88.8
2002,3.1,22,30.5,31.8,888.8,-88.8,-999.9,-88.8
2003,3.1,21.9,30.5,31.8,888.8,-88.8,-999.9,-88.8
2004,3.1,21.9,30.6,31.7,888.8,-88.8,-999.9,-88.8
2005,3.1,22,30.6,31.6,888.8,-88.8,-999.9,-88.8
2006,3,22,30.6,31.7,888.8,-88.8,-999.9,-88.8
2007,3,22,30.6,31.6,888.8,-88.8,-999.9,-88.8
2008,3,22,30.6,31.7,888.8,-88.8,-999.9,-88.8
2009,3,22,30.6,31.6,888.8,-88.8,-999.9,-88.8
2010,3,22,30.7,31.6,888.8,-88.8,-999.9,-88.8
2011,3,22,30.7,31.4,888.8,-88.8,-999.9,-88.8
2012,3,21.9,30.7,31.4,888.8,-88.8,-999.9,-88.8
2013,3,22,30.7,31.4,888.8,-88.8,-999.9,-88.8
2014,3,22,30.7,31.4,888.8,-88.8,-999.9,-88.8
2015,3,22,30.7,31.3,888.8,-88.8,-999.9,-88.8
2016,3,22,30.7,31.3,888.8,-88.8,-999.9,-88.8
2017,3,22,30.7,31.3,888.8,-88.8,-999.9,-88.8
2018,3,22,30.7,31.3,888.8,-88.8,-999.9,-88.8
2019,3,22,30.7,31.3,888.8,-88.8,-999.9,-88.8
2020,3,22,30.8,31.3,888.8,-88.8,-999.9,-88.8
2021,3,22,30.8,31.2,888.8,-88.8,-999.9,-88.8
2022,3,22,30.8,31.2,888.8,-88.8,-999.9,-88.8
2023,3,22,30.8,31.2,888.8,-88.8,-999.9,-88.8
2024,3,22,30.8,31.2,888.8,-88.8,-999.9,-88.8
2025,3,22,30.8,31.2,888.8,-88.8,-999.9,-88.8
2026,3,22,30.8,31.1,888.8,-88.8,-999.9,-88.8
2027,3,22,30.8,31.1,888.8,-88.8,-999.9,-88.8
2028,3,22.1,30.8,31.1,888.8,-88.8,-999.9,-88.8
2029,3,22,30.8,31,888.8,-88.8,-999.9,-88.8
2030,3,22.1,30.9,31,888.8,-88.8,-999.9,-88.8
2031,3,22.1,30.9,31,888.8,-88.8,-999.9,-88.8
2032,3,22.1,30.9,31,888.8,-88.8,-999.9,-88.8
2033,3,22,30.9,31,888.8,-88.8,-999.9,-88.8
2034,3,22.1,30.9,30.9,888.8,-88.8,-999.9,-88.8
2035,3,22.1,30.9,30.8,888.8,-88.8,-999.9,-88.8
2036,3,22.1,31,30.9,888.8,-88.8,-999.9,-88.8
2037,3,22.1,30.9,30.8,888.8,-88.8,-999.9,-88.8
2038,3,22.1,31,30.8,888.8,-88.8,-999.9,-88.8
2039,3,22.1,31,30.8,888.8,-88.8,-999.9,-88.8
2040,3,22.1,31,30.8,888.8,-88.8,-999.9,-88.8
2041,3,22.1,31,28.6,888.8,-88.8,-999.9,-88.8
2042,3,22.1,31,26.8,888.8,-88.8,-999.9,-88.8
2043,3,22.1,31,26.3,888.8,-88.8,-999.9,-88.8
2044,3,22.1,31,26,888.8,-88.8,-999.9,-88.8
2045,3,22.1,31.1,25.9,888.8,-88.8,-999.9,-88.8
2046,3,22.1,31.1,30.1,888.8,-88.8,-999.9,-88.8
2047,3,22.1,31,30.2,888.8,-88.8,-999.9,-88.8
2048,3,22.1,31.1,31,888.8,-88.8,-999.9,-88.8
2049,3,22.2,31.1,33.9,888.8,-88.8,-999.9,-88.8
2050,3,22.1,31.1,34.4,888.8,-88.8,-999.9,-88.8
2051,3,22.1,31.1,36.3,888.8,-88.8,-999.9,-88.8
2052,2.9,22.1,31.1,34.6,888.8,-88.8,-999.9,-88.8
2053,3,22.1,31.1,33.6,888.8,-88.8,-999.9,-88.8
2054,3,22.1,31.1,33.6,888.8,-88.8,-999.9,-88.8
2055,3,22.1,31.1,33.8,888.8,-88.8,-999.9,-88.8
2056,3,22.2,31.1,33.6,888.8,-88.8,-999.9,-88.8
2057,3,22.1,31.1,33.1,888.8,-88.8,-999.9,-88.8
2058,3,22.2,31.2,32.8,888.8,-88.8,-999.9,-88.8
2059,3,22.2,31.2,32.7,888.8,-88.8,-999.9,-88.8
2100,3,22.1,31.2,33.9,888.8,-88.8,-999.9,-88.8
2101,3,22.2,31.2,35.3,888.8,-88.8,-999.9,-88.8
2102,3,22.2,31.2,33.7,888.8,-88.8,-999.9,-88.8
2103,3,22.2,31.2,32.8,888.8,-88.8,-999.9,-88.8
2104,3,22.2,31.2,32.7,888.8,-88.8,-999.9,-88.8
2105,3,22.1,31.2,33,888.8,-88.8,-999.9,-88.8
2106,3,22.2,31.2,32.8,888.8,-88.8,-999.9,-88.8
2107,3,22.2,31.2,32.4,888.8,-88.8,-999.9,-88.8
2108,3,22.2,31.2,32.1,888.8,-88.8,-999.9,-88.8
2109,3,22.2,31.2,32.1,888.8,-88.8,-999.9,-88.8
2110,3,22.2,31.2,33.1,888.8,-88.8,-999.9,-88.8
2111,3,22.1,31.2,35.1,888.8,-88.8,-999.9,-88.8
2112,3,22.1,31.2,33.5,888.8,-88.8,-999.9,-88.8
2113,3,22.1,31.1,32.4,888.8,-88.8,-999.9,-88.8
2114,3,22.1,31.1,32.3,888.8,-88.8,-999.9,-88.8
2115,3,22.1,31,32.7,888.8,-88.8,-999.9,-88.8
2116,3,22,31,32.6,888.8,-88.8,-999.9,-88.8
2117,3,22,31,32.2,888.8,-88.8,-999.9,-88.8
2118,3,22,31,31.9,888.8,-88.8,-999.9,-88.8
2119,3,22,31,31.9,888.8,-88.8,-999.9,-88.8
2120,3,22,31,32.7,888.8,-88.8,-999.9,-88.8
2121,3,22,31,34.9,888.8,-88.8,-999.9,-88.8
2122,3,22,31,33.4,888.8,-88.8,-999.9,-88.8
2123,3,22,31,32.3,888.8,-88.8,-999.9,-88.8
2124,3,22,31,32.2,888.8,-88.8,-999.9,-88.8
2125,3,22,31,32.7,888.8,-88.8,-999.9,-88.8
2126,3,22,31,32.5,888.8,-88.8,-999.9,-88.8
2127,3,22,31,32.2,888.8,-88.8,-999.9,-88.8
2128,3,22,31,32,888.8,-88.8,-999.9,-88.8
2129,3,22,31,32,888.8,-88.8,-999.9,-88.8
2130,3,22,31,32.8,888.8,-88.8,-999.9,-88.8
2131,3,22.1,31,35.3,888.8,-88.8,-999.9,-88.8
2132,3,22,31,33.8,888.8,-88.8,-999.9,-88.8
2133,3,22,31,32.7,888.8,-88.8,-999.9,-88.8
2134,3,22,31,32.5,888.8,-88.8,-999.9,-88.8
2135,3,22.1,31,33.1,888.8,-88.8,-999.9,-88.8
2136,3,22,31,33.1,888.8,-88.8,-999.9,-88.8
2137,3,22,31,32.7,888.8,-88.8,-999.9,-88.8
2138,3,22.1,31,32.4,888.8,-88.8,-999.9,-88.8
2139,3,22.1,31,32.4,888.8,-88.8,-999.9,-88.8
2140,3,22.1,31,33,888.8,-88.8,-999.9,-88.8
2141,3.1,22.1,31,35.7,888.8,-88.8,-999.9,-88.8
2142,3.1,22.1,31,34.5,888.8,-88.8,-999.9,-88.8
2143,3,22.1,31,33.2,888.8,-88.8,-999.9,-88.8
2144,3.1,22.1,31,32.9,888.8,-88.8,-999.9,-88.8
2145,3.1,22.1,31,33.4,888.8,-88.8,-999.9,-88.8
2146,3.1,22.1,31,33.5,888.8,-88.8,-999.9,-88.8
2147,3.1,22.1,31,33.2,888.8,-88.8,-999.9,-88.8
2148,3.1,22.1,31,32.9,888.8,-88.8,-999.9,-88.8
2149,3.1,22.1,31,32.9,888.8,-88.8,-999.9,-88.8
2150,3.1,22.1,31,33.2,888.8,-88.8,-999.9,-88.8
2151,3.1,22.1,31,36,888.8,-88.8,-999.9,-88.8
2152,3.1,22.1,31,35.1,888.8,-88.8,-999.9,-88.8
2153,3.1,22.1,31,33.9,888.8,-88.8,-999.9,-88.8
2154,3.1,22.1,31,33.4,888.8,-88.8,-999.9,-88.8
2155,3.1,22.1,31,33.7,888.8,-88.8,-999.9,-88.8
2156,3.1,22.1,31,34,888.8,-88.8,-999.9,-88.8
2157,3.1,22.1,31,33.8,888.8,-88.8,-999.9,-88.8
2158,3.1,22.1,31,33.5,888.8,-88.8,-999.9,-88.8
2159,3.1,22.1,31,33.3,888.8,-88.8,-999.9,-88.8
2200,3.2,22.1,31,33.5,888.8,-88.8,-999.9,-88.8
2201,3.1,22.1,31,36.1,888.8,-88.8,-999.9,-88.8
2202,3.2,22.1,31,35.6,888.8,-88.8,-999.9,-88.8
2203,3.1,22.1,31,34.4,888.8,-88.8,-999.9,-88.8
2204,3.1,22.1,31,32.6,888.8,-88.8,-999.9,-88.8
2205,3.1,22.1,31,32.3,888.8,-88.8,-999.9,-88.8
2206,3.1,22.1,31,32.3,888.8,-88.8,-999.9,-88.8
2207,3.1,22.2,31,32.3,888.8,-88.8,-999.9,-88.8
2208,3.1,22.2,31,32.2,888.8,-88.8,-999.9,-88.8
2209,3.2,22.2,31,32.2,888.8,-88.8,-999.9,-88.8
2210,3.2,22.1,31,32.1,888.8,-88.8,-999.9,-88.8
2211,3.2,22.2,31,31.3,888.8,-88.8,-999.9,-88.8
2212,3.2,22.2,31,30.1,888.8,-88.8,-999.9,-88.8
2213,3.2,22.2,31,29.2,888.8,-88.8,-999.9,-88.8
2214,3.2,22.2,31,28.3,888.8,-88.8,-999.9,-88.8
2215,3.2,22.2,31,27.7,888.8,-88.8,-999.9,-88.8
2216,3.2,22.2,31,27.2,888.8,-88.8,-999.9,-88.8
2217,3.2,22.2,31,27,888.8,-88.8,-999.9,-88.8
2218,3.2,22.2,31,26.4,888.8,-88.8,-999.9,-88.8
2219,3.2,22.2,31,26.1,888.8,-88.8,-999.9,-88.8
2220,3.2,22.2,31,25.6,888.8,-88.8,-999.9,-88.8
2221,3.2,22.2,31,25,888.8,-88.8,-999.9,-88.8
2222,3.2,22.1,30.9,24.7,888.8,-88.8,-999.9,-88.8
2223,3.2,22.1,30.7,24.5,888.8,-88.8,-999.9,-88.8
2224,3.2,21.9,30.6,24.5,888.8,-88.8,-999.9,-88.8
2225,3.2,21.8,30.5,24.4,888.8,-88.8,-999.9,-88.8
2226,3.2,21.8,30.5,24.3,888.8,-88.8,-999.9,-88.8
2227,3.2,21.7,30.4,24.2,888.8,-88.8,-999.9,-88.8
2228,3.2,21.6,30.4,24.1,888.8,-88.8,-999.9,-88.8
2229,3.2,21.6,30.3,24.1,888.8,-88.8,-999.9,-88.8
2230,3.3,21.6,30.3,24,888.8,-88.8,-999.9,-88.8
2231,3.2,21.5,30.3,24,888.8,-88.8,-999.9,-88.8
2232,3.2,21.5,30.3,24,888.8,-88.8,-999.9,-88.8
2233,3.2,21.4,30.2,23.9,888.8,-88.8,-999.9,-88.8
2234,3.2,21.4,30.2,23.9,888.8,-88.8,-999.9,-88.8
2235,3.2,21.4,30.2,23.8,888.8,-88.8,-999.9,-88.8
2236,3.2,21.4,30.2,23.8,888.8,-88.8,-999.9,-88.8
2237,3.3,21.3,30.2,23.7,888.8,-88.8,-999.9,-88.8
2238,3.3,21.3,30.2,23.7,888.8,-88.8,-999.9,-88.8
2239,3.3,21.3,30.2,23.6,888.8,-88.8,-999.9,-88.8
2240,3.3,21.3,30.2,23.6,888.8,-88.8,-999.9,-88.8
2241,3.3,21.3,30.2,23.5,888.8,-88.8,-999.9,-88.8
2242,3.3,21.3,30.2,23.5,888.8,-88.8,-999.9,-88.8
2243,3.3,21.3,30.2,23.4,888.8,-88.8,-999.9,-88.8
2244,3.3,21.3,30.2,23.4,888.8,-88.8,-999.9,-88.8
2245,3.3,21.3,30.2,23.3,888.8,-88.8,-999.9,-88.8
2246,3.3,21.3,30.2,23.3,888.8,-88.8,-999.9,-88.8
2247,3.3,21.3,30.2,23.3,888.8,-88.8,-999.9,-88.8
2248,3.3,21.3,30.2,23.2,888.8,-88.8,-999.9,-88.8
2249,3.3,21.3,30.2,23.1,888.8,-88.8,-999.9,-88.8
2250,3.3,21.3,30.2,23.1,888.8,-88.8,-999.9,-88.8
2251,3.3,21.3,30.2,23,888.8,-88.8,-999.9,-88.8
2252,3.3,21.3,30.2,23,888.8,-88.8,-999.9,-88.8
2253,3.3,21.3,30.2,23,888.8,-88.8,-999.9,-88.8
2254,3.3,21.3,30.2,22.9,888.8,-88.8,-999.9,-88.8
2255,3.3,21.3,30.2,22.8,888.8,-88.8,-999.9,-88.8
2256,3.3,21.3,30.2,22.8,888.8,-88.8,-999.9,-88.8
2257,3.3,21.3,30.2,22.8,888.8,-88.8,-999.9,-88.8
2258,3.3,21.3,30.2,22.7,888.8,-88.8,-999.9,-88.8
2259,3.3,21.3,30.2,22.7,888.8,-88.8,-999.9,-88.8
2300,3.3,21.3,30.2,22.6,888.8,-88.8,-999.9,-88.8
2301,3.3,21.3,30.1,22.6,888.8,-88.8,-999.9,-88.8
2302,3.3,21.3,30.2,22.5,888.8,-88.8,-999.9,-88.8
2303,3.4,21.3,30.2,22.5,888.8,-88.8,-999.9,-88.8
2304,3.4,21.3,30.2,22.4,888.8,-88.8,-999.9,-88.8
2305,3.4,21.3,30.2,22.4,888.8,-88.8,-999.9,-88.8
2306,3.4,21.3,30.2,22.4,888.8,-88.8,-999.9,-88.8
2307,3.4,21.4,30.2,22.3,888.8,-88.8,-999.9,-88.8
2308,3.4,21.4,30.2,22.3,888.8,-88.8,-999.9,-88.8
2309,3.4,21.4,30.2,22.2,888.8,-88.8,-999.9,-88.8
2310,3.4,21.4,30.2,22.1,888.8,-88.8,-999.9,-88.8
2311,3.4,21.4,30.2,22.1,888.8,-88.8,-999.9,-88.8
2312,3.4,21.4,30.2,22.1,888.8,-88.8,-999.9,-88.8
2313,3.4,21.4,30.2,22.1,888.8,-88.8,-999.9,-88.8
2314,3.4,21.4,30.1,22,888.8,-88.8,-999.9,-88.8
2315,3.4,21.4,30.2,21.9,888.8,-88.8,-999.9,-88.8
2316,3.4,21.3,30.2,21.9,888.8,-88.8,-999.9,-88.8
2317,3.4,21.4,30.2,21.9,888.8,-88.8,-999.9,-88.8
2318,3.4,21.4,30.2,21.8,888.8,-88.8,-999.9,-88.8
2319,3.4,21.4,30.2,21.8,888.8,-88.8,-999.9,-88.8
2320,3.4,21.4,30.2,21.8,888.8,-88.8,-999.9,-88.8
2321,3.4,21.4,30.2,21.7,888.8,-88.8,-999.9,-88.8
2322,3.4,21.4,30.2,21.7,888.8,-88.8,-999.9,-88.8
2323,3.4,21.4,30.1,21.6,888.8,-88.8,-999.9,-88.8
2324,3.4,21.4,30.2,21.5,888.8,-88.8,-999.9,-88.8
2325,3.5,21.4,30.2,21.6,888.8,-88.8,-999.9,-88.8
2326,3.4,21.4,30.1,21.5,888.8,-88.8,-999.9,-88.8
2327,3.4,21.4,30.2,21.5,888.8,-88.8,-999.9,-88.8
2328,3.5,21.4,30.2,21.5,888.8,-88.8,-999.9,-88.8
2329,3.5,21.4,30.2,21.4,888.8,-88.8,-999.9,-88.8
2330,3.5,21.4,30.2,21.4,888.8,-88.8,-999.9,-88.8
2331,3.5,21.4,30.1,21.3,888.8,-88.8,-999.9,-88.8
2332,3.5,21.5,30.2,21.3,888.8,-88.8,-999.9,-88.8
2333,3.5,21.5,30.2,21.3,888.8,-88.8,-999.9,-88.8
2334,3.5,21.4,30.1,21.2,888.8,-88.8,-999.9,-88.8
2335,3.5,21.5,30.1,21.2,888.8,-88.8,-999.9,-88.8
2336,3.5,21.4,30.1,21.2,888.8,-88.8,-999.9,-88.8
2337,3.5,21.5,30.1,21.1,888.8,-88.8,-999.9,-88.8
2338,3.5,21.4,30.1,21.1,888.8,-88.8,-999.9,-88.8
2339,3.5,21.5,30.1,21,888.8,-88.8,-999.9,-88.8
2340,3.5,21.5,30.1,21,888.8,-88.8,-999.9,-88.8
2341,3.5,21.4,30.1,21,888.8,-88.8,-999.9,-88.8
2342,3.5,21.5,30.1,21,888.8,-88.8,-999.9,-88.8
2343,3.5,21.5,30.1,20.9,888.8,-88.8,-999.9,-88.8
2344,3.5,21.5,30.1,20.9,888.8,-88.8,-999.9,-88.8
2345,3.6,21.5,30.1,20.9,888.8,-88.8,-999.9,-88.8
2346,3.6,21.5,30.1,20.8,888.8,-88.8,-999.9,-88.8
2347,3.5,21.5,30.2,20.8,888.8,-88.8,-999.9,-88.8
2348,3.6,21.5,30.1,20.8,888.8,-88.8,-999.9,-88.8
2349,3.6,21.5,30.1,20.7,888.8,-88.8,-999.9,-88.8
2350,3.6,21.5,30.1,20.7,888.8,-88.8,-999.9,-88.8
2351,3.6,21.5,30.1,20.7,888.8,-88.8,-999.9,-88.8
2352,3.6,21.5,30.1,20.6,888.8,-88.8,-999.9,-88.8
2353,3.6,21.5,30.1,20.6,888.8,-88.8,-999.9,-88.8
2354,3.6,21.5,30.1,20.6,888.8,-88.8,-999.9,-88.8
2355,3.6,21.5,30.1,20.6,888.8,-88.8,-999.9,-88.8
2356,3.6,21.5,30.1,20.6,888.8,-88.8,-999.9,-88.8
2357,3.6,21.5,30.1,20.5,888.8,-88.8,-999.9,-88.8
2358,3.6,21.5,30.1,20.5,888.8,-88.8,-999.9,-88.8
2359,3.6,21.5,30.1,20.5,888.8,-88.8,-999.9,-88.8