0,3.7,21.5,30.1,20.4,888.8,-88.8,-999.9,-88.8
1,3.6,21.5,30.1,20.4,888.8,-88.8,-999.9,-88.8
2,3.6,21.5,30.1,20.4,888.8,-88.8,-999.9,-88.8
3,3.7,21.5,30.1,20.3,888.8,-88.8,-999.9,-88.8
4,3.7,21.5,30.1,20.3,888.8,-88.8,-999.9,-88.8
5,3.7,21.5,30.1,20.3,888.8,-88.8,-999.9,-88.8
6,3.7,21.5,30.1,20.3,888.8,-88.8,-999.9,-88.8
7,3.7,21.5,30.1,20.3,888.8,-88.8,-999.9,-88.8
8,3.7,21.5,30.1,20.2,888.8,-88.8,-999.9,-88.8
9,3.7,21.5,30.1,20.2,888.8,-88.8,-999.9,-88.8
10,3.7,21.5,30.1,20.2,888.8,-88.8,-999.9,-88.8
11,3.7,21.6,30.1,20.2,888.8,-88.8,-999.9,-88.8
12,3.7,21.6,30.1,20.1,888.8,-88.8,-999.9,-88.8
13,3.8,21.6,30.1,20.1,888.8,-88.8,-999.9,-88.8
14,3.7,21.6,30.1,20.1,888.8,-88.8,-999.9,-88.8
15,3.8,21.5,30.1,20,888.8,-88.8,-999.9,-88.8
16,3.8,21.6,30.1,20,888.8,-88.8,-999.9,-88.8
17,3.8,21.5,30.1,20,888.8,-88.8,-999.9,-88.8
18,3.8,21.6,30.1,20,888.8,-88.8,-999.9,-88.8
19,3.8,21.6,30.1,20,888.8,-88.8,-999.9,-88.8
20,3.8,21.6,30.1,20,888.8,-88.8,-999.9,-88.8
21,3.8,21.6,30.1,19.9,888.8,-88.8,-999.9,-88.8
22,3.8,21.6,30.1,19.9,888.8,-88.8,-999.9,-88.8
23,3.8,21.6,30.1,19.9,888.8,-88.8,-999.9,-88.8
24,3.8,21.6,30,19.9,888.8,-88.8,-999.9,-88.8
25,3.8,21.6,30.1,19.8,888.8,-88.8,-999.9,-88.8
26,3.9,21.5,30,19.8,888.8,-88.8,-999.9,-88.8
27,3.9,21.6,30.1,19.8,888.8,-88.8,-999.9,-88.8
28,3.9,21.6,30.1,19.8,888.8,-88.8,-999.9,-88.8
29,3.9,21.6,30.1,19.8,888.8,-88.8,-999.9,-88.8
30,3.9,21.6,30.1,19.7,888.8,-88.8,-999.9,-88.8
31,3.9,21.6,30,19.7,888.8,-88.8,-999.9,-88.8
32,3.9,21.6,30,19.7,888.8,-88.8,-999.9,-88.8
33,4,21.6,30,19.7,888.8,-88.8,-999.9,-88.8
34,4,21.6,30,19.6,888.8,-88.8,-999.9,-88.8
35,4,21.6,30,19.6,888.8,-88.8,-999.9,-88.8
36,4,21.6,30,19.6,888.8,-88.8,-999.9,-88.8
37,4,21.6,30,19.6,888.8,-88.8,-999.9,-88.8
38,4,21.6,30,19.6,888.8,-88.8,-999.9,-88.8
39,4,21.6,30,19.6,888.8,-88.8,-999.9,-88.8
40,4,21.6,30,19.6,888.8,-88.8,-999.9,-88.8
41,4.1,21.6,30,19.5,888.8,-88.8,-999.9,-88.8
42,4.1,21.6,30,19.5,888.8,-88.8,-999.9,-88.8
43,4.1,21.7,30,19.5,888.8,-88.8,-999.9,-88.8
44,4.1,21.6,30,19.4,888.8,-88.8,-999.9,-88.8
45,4.1,21.6,30,19.4,888.8,-88.8,-999.9,-88.8
46,4.2,21.6,30,19.4,888.8,-88.8,-999.9,-88.8
47,4.1,21.6,30,19.4,888.8,-88.8,-999.9,-88.8
48,4.2,21.6,30.1,19.4,888.8,-88.8,-999.9,-88.8
49,4.2,21.6,30,19.4,888.8,-88.8,-999.9,-88.8
50,4.2,21.6,30.1,19.3,888.8,-88.8,-999.9,-88.8
51,4.2,21.6,30,19.3,888.8,-88.8,-999.9,-88.8
52,4.2,21.7,30,19.3,888.8,-88.8,-999.9,-88.8
53,4.2,21.6,30,19.3,888.8,-88.8,-999.9,-88.8
54,4.2,21.7,30,19.3,888.8,-88.8,-999.9,-88.8
55,4.2,21.7,30,19.2,888.8,-88.8,-999.9,-88.8
56,4.2,21.6,30,19.3,888.8,-88.8,-999.9,-88.8
57,4.2,21.7,30,19.2,888.8,-88.8,-999.9,-88.8
58,4.2,21.7,30,19.2,888.8,-88.8,-999.9,-88.8
59,4.2,21.7,30,19.2,888.8,-88.8,-999.9,-88.8
100,4.3,21.7,30,19.2,888.8,-88.8,-999.9,-88.8
101,4.2,21.7,30,19.1,888.8,-88.8,-999.9,-88.8
102,4.3,21.7,30,19.1,888.8,-88.8,-999.9,-88.8
103,4.3,21.7,30,19.1,888.8,-88.8,-999.9,-88.8
104,4.3,21.7,30,19.1,888.8,-88.8,-999.9,-88.8
105,4.3,21.7,30,19.1,888.8,-88.8,-999.9,-88.8
106,4.3,21.7,30,19.1,888.8,-88.8,-999.9,-88.8
107,4.3,21.7,30,19,888.8,-88.8,-999.9,-88.8
108,4.3,21.7,30,19,888.8,-88.8,-999.9,-88.8
109,4.3,21.7,30,19,888.8,-88.8,-999.9,-88.8
110,4.3,21.7,30,19,888.8,-88.8,-999.9,-88.8
111,4.3,21.7,30,19,888.8,-88.8,-999.9,-88.8
112,4.3,21.7,30,19,888.8,-88.8,-999.9,-88.8
113,4.3,21.7,30,19,888.8,-88.8,-999.9,-88.8
114,4.3,21.7,30,18.9,888.8,-88.8,-999.9,-88.8
115,4.3,21.7,30,18.9,888.8,-88.8,-999.9,-88.8
116,4.3,21.7,30,18.9,888.8,-88.8,-999.9,-88.8
117,4.3,21.7,30,18.9,888.8,-88.8,-999.9,-88.8
118,4.3,21.7,30,18.9,888.8,-88.8,-999.9,-88.8
119,4.3,21.8,30,18.9,888.8,-88.8,-999.9,-88.8
120,4.3,21.8,30,18.9,888.8,-88.8,-999.9,-88.8
121,4.3,21.8,30,18.9,888.8,-88.8,-999.9,-88.8
122,4.3,21.8,30,18.9,888.8,-88.8,-999.9,-88.8
123,4.3,21.8,30,18.8,888.8,-88.8,-999.9,-88.8
124,4.3,21.8,30,18.8,888.8,-88.8,-999.9,-88.8
125,4.3,21.8,30,18.8,888.8,-88.8,-999.9,-88.8
126,4.3,21.7,30,18.8,888.8,-88.8,-999.9,-88.8
127,4.3,21.8,30,18.7,888.8,-88.8,-999.9,-88.8
128,4.3,21.8,30,18.8,888.8,-88.8,-999.9,-88.8
129,4.3,21.8,30,18.7,888.8,-88.8,-999.9,-88.8
130,4.3,21.8,29.9,18.7,888.8,-88.8,-999.9,-88.8
131,4.3,21.8,29.9,18.7,888.8,-88.8,-999.9,-88.8
132,4.3,21.8,30,18.7,888.8,-88.8,-999.9,-88.8
133,4.3,21.8,30,18.7,888.8,-88.8,-999.9,-88.8
134,4.3,21.8,30,18.7,888.8,-88.8,-999.9,-88.8
135,4.3,21.8,30,18.7,888.8,-88.8,-999.9,-88.8
136,4.3,21.8,29.9,18.7,888.8,-88.8,-999.9,-88.8
137,4.4,21.8,29.9,18.7,888.8,-88.8,-999.9,-88.8
138,4.3,21.8,30,18.6,888.8,-88.8,-999.9,-88.8
139,4.3,21.8,29.9,18.6,888.8,-88.8,-999.9,-88.8
140,4.3,21.8,30,18.6,888.8,-88.8,-999.9,-88.8
141,4.3,21.8,29.9,18.6,888.8,-88.8,-999.9,-88.8
142,4.3,21.8,29.9,18.6,888.8,-88.8,-999.9,-88.8
143,4.3,21.8,29.9,18.6,888.8,-88.8,-999.9,-88.8
144,4.4,21.8,29.9,18.6,888.8,-88.8,-999.9,-88.8
145,4.4,21.8,29.9,18.6,888.8,-88.8,-999.9,-88.8
146,4.3,21.8,29.9,18.6,888.8,-88.8,-999.9,-88.8
147,4.4,21.8,29.9,18.5,888.8,-88.8,-999.9,-88.8
148,4.4,21.8,29.9,18.6,888.8,-88.8,-999.9,-88.8
149,4.4,21.8,29.9,18.5,888.8,-88.8,-999.9,-88.8
150,4.3,21.8,29.9,18.5,888.8,-88.8,-999.9,-88.8
151,4.4,21.8,29.9,18.5,888.8,-88.8,-999.9,-88.8
152,4.4,21.8,29.9,18.5,888.8,-88.8,-999.9,-88.8
153,4.4,21.8,29.9,18.5,888.8,-88.8,-999.9,-88.8
154,4.4,21.8,29.9,18.5,888.8,-88.8,-999.9,-88.8
155,4.4,21.8,29.9,18.4,888.8,-88.8,-999.9,-88.8
156,4.4,21.8,29.9,18.4,888.8,-88.8,-999.9,-88.8
157,4.4,21.8,29.9,18.4,888.8,-88.8,-999.9,-88.8
158,4.4,21.8,29.9,18.4,888.8,-88.8,-999.9,-88.8
159,4.4,21.8,29.9,18.4,888.8,-88.8,-999.9,-88.8
200,4.4,21.9,29.9,18.4,888.8,-88.8,-999.9,-88.8
201,4.4,21.9,29.9,18.4,888.8,-88.8,-999.9,-88.8
202,4.4,21.9,29.9,18.4,888.8,-88.8,-999.9,-88.8
203,4.4,21.9,29.9,18.4,888.8,-88.8,-999.9,-88.8
204,4.4,21.9,29.9,18.4,888.8,-88.8,-999.9,-88.8
205,4.4,21.9,29.9,18.4,888.8,-88.8,-999.9,-88.8
206,4.4,21.9,29.9,18.3,888.8,-88.8,-999.9,-88.8
207,4.4,21.9,29.9,18.3,888.8,-88.8,-999.9,-88.8
208,4.4,21.9,29.9,18.3,888.8,-88.8,-999.9,-88.8
209,4.4,21.9,29.9,18.3,888.8,-88.8,-999.9,-88.8
210,4.4,21.9,29.9,18.3,888.8,-88.8,-999.9,-88.8
211,4.4,21.9,29.9,18.3,888.8,-88.8,-999.9,-88.8
212,4.4,21.9,29.9,18.3,888.8,-88.8,-999.9,-88.8
213,4.4,21.9,29.9,18.3,888.8,-88.8,-999.9,-88.8
214,4.4,21.9,29.9,18.3,888.8,-88.8,-999.9,-88.8
215,4.4,21.9,29.9,18.3,888.8,-88.8,-999.9,-88.8
216,4.4,21.9,29.9,18.3,888.8,-88.8,-999.9,-88.8
217,4.4,21.9,29.9,18.3,888.8,-88.8,-999.9,-88.8
218,4.4,21.9,29.9,18.3,888.8,-88.8,-999.9,-88.8
219,4.4,21.9,29.9,18.3,888.8,-88.8,-999.9,-88.8
220,4.5,21.9,29.9,18.3,888.8,-88.8,-999.9,-88.8
221,4.5,21.9,29.9,18.2,888.8,-88.8,-999.9,-88.8
222,4.4,21.9,29.9,18.2,888.8,-88.8,-999.9,-88.8
223,4.5,21.9,29.9,18.2,888.8,-88.8,-999.9,-88.8
224,4.5,21.9,29.9,18.2,888.8,-88.8,-999.9,-88.8
225,4.5,21.9,29.9,18.2,888.8,-88.8,-999.9,-88.8
226,4.5,21.9,29.9,18.2,888.8,-88.8,-999.9,-88.8
227,4.5,21.9,29.9,18.2,888.8,-88.8,-999.9,-88.8
228,4.5,21.9,29.9,18.2,888.8,-88.8,-999.9,-88.8
229,4.5,21.9,29.9,18.2,888.8,-88.8,-999.9,-88.8
230,4.5,21.9,29.8,18.1,888.8,-88.8,-999.9,-88.8
231,4.5,21.9,29.8,18.1,888.8,-88.8,-999.9,-88.8
232,4.5,21.9,29.9,18.1,888.8,-88.8,-999.9,-88.8
233,4.5,21.9,29.8,18.1,888.8,-88.8,-999.9,-88.8
234,4.5,21.9,29.8,18.1,888.8,-88.8,-999.9,-88.8
235,4.5,21.9,29.8,18.1,888.8,-88.8,-999.9,-88.8
236,4.5,21.9,29.8,18.1,888.8,-88.8,-999.9,-88.8
237,4.5,21.9,29.9,18.1,888.8,-88.8,-999.9,-88.8
238,4.4,21.9,29.8,18.1,888.8,-88.8,-999.9,-88.8
239,4.5,22,29.8,18.1,888.8,-88.8,-999.9,-88.8
240,4.4,21.9,29.8,18.1,888.8,-88.8,-999.9,-88.8
241,4.4,21.9,29.8,18.1,888.8,-88.8,-999.9,-88.8
242,4.4,21.9,29.8,18.1,888.8,-88.8,-999.9,-88.8
243,4.4,21.9,29.8,18.1,888.8,-88.8,-999.9,-88.8
244,4.4,21.9,29.8,18.1,888.8,-88.8,-999.9,-88.8
245,4.4,22,29.8,18.1,888.8,-88.8,-999.9,-88.8
246,4.4,22,29.8,18.1,888.8,-88.8,-999.9,-88.8
247,4.4,21.9,29.8,18.1,888.8,-88.8,-999.9,-88.8
248,4.4,22,29.8,18.1,888.8,-88.8,-999.9,-88.8
249,4.4,22,29.8,18,888.8,-88.8,-999.9,-88.8
250,4.3,22,29.8,18,888.8,-88.8,-999.9,-88.8
251,4.3,22,29.8,18,888.8,-88.8,-999.9,-88.8
252,4.3,22,29.8,18,888.8,-88.8,-999.9,-88.8
253,4.3,22,29.8,18,888.8,-88.8,-999.9,-88.8
254,4.3,22,29.8,18,888.8,-88.8,-999.9,-88.8
255,4.2,22,29.8,18,888.8,-88.8,-999.9,-88.8
256,4.2,22,29.8,18,888.8,-88.8,-999.9,-88.8
257,4.2,22,29.8,18,888.8,-88.8,-999.9,-88.8
258,4.2,22,29.8,18,888.8,-88.8,-999.9,-88.8
259,4.2,22,29.7,18,888.8,-88.8,-999.9,-88.8
300,4.2,22,29.8,18,888.8,-88.8,-999.9,-88.8
301,4.2,22,29.8,18,888.8,-88.8,-999.9,-88.8
302,4.2,22,29.8,18,888.8,-88.8,-999.9,-88.8
303,4.2,22,29.8,18,888.8,-88.8,-999.9,-88.8
304,4.1,22,29.8,18,888.8,-88.8,-999.9,-88.8
305,4.1,22,29.7,18,888.8,-88.8,-999.9,-88.8
306,4.1,22,29.8,17.9,888.8,-88.8,-999.9,-88.8
307,4.1,22,29.8,17.9,888.8,-88.8,-999.9,-88.8
308,4.1,22,29.7,18,888.8,-88.8,-999.9,-88.8
309,4.1,22,29.8,17.9,888.8,-88.8,-999.9,-88.8
310,4.1,22,29.8,17.9,888.8,-88.8,-999.9,-88.8
311,4.1,22,29.8,17.9,888.8,-88.8,-999.9,-88.8
312,4.1,22,29.7,17.9,888.8,-88.8,-999.9,-88.8
313,4,22.1,29.7,17.9,888.8,-88.8,-999.9,-88.8
314,4,22,29.8,17.9,888.8,-88.8,-999.9,-88.8
315,4,22,29.7,17.9,888.8,-88.8,-999.9,-88.8
316,4,22.1,29.7,17.9,888.8,-88.8,-999.9,-88.8
317,4,22.1,29.7,17.9,888.8,-88.8,-999.9,-88.8
318,4,22.1,29.7,17.9,888.8,-88.8,-999.9,-88.8
319,4,22.1,29.7,17.9,888.8,-88.8,-999.9,-88.8
320,3.9,22.1,29.7,17.9,888.8,-88.8,-999.9,-88.8
321,3.9,22.1,29.7,17.9,888.8,-88.8,-999.9,-88.8
322,3.9,22,29.7,17.9,888.8,-88.8,-999.9,-88.8
323,3.9,22,29.7,17.8,888.8,-88.8,-999.9,-88.8
324,3.9,22.1,29.7,17.9,888.8,-88.8,-999.9,-88.8
325,3.8,22.1,29.7,17.8,888.8,-88.8,-999.9,-88.8
326,3.8,22.1,29.7,17.8,888.8,-88.8,-999.9,-88.8
327,3.8,22.1,29.7,17.8,888.8,-88.8,-999.9,-88.8
328,3.8,22.1,29.7,17.8,888.8,-88.8,-999.9,-88.8
329,3.7,22.1,29.7,17.8,888.8,-88.8,-999.9,-88.8
330,3.7,22.1,29.7,17.8,888.8,-88.8,-999.9,-88.8
331,3.7,22.1,29.7,17.8,888.8,-88.8,-999.9,-88.8
332,3.6,22.1,29.7,17.8,888.8,-88.8,-999.9,-88.8
333,3.6,22,29.7,17.8,888.8,-88.8,-999.9,-88.8
334,3.6,22.1,29.7,17.7,888.8,-88.8,-999.9,-88.8
335,3.6,22.1,29.7,17.8,888.8,-88.8,-999.9,-88.8
336,3.5,22.1,29.7,17.8,888.8,-88.8,-999.9,-88.8
337,3.5,22.1,29.7,17.7,888.8,-88.8,-999.9,-88.8
338,3.5,22.1,29.7,17.7,888.8,-88.8,-999.9,-88.8
339,3.5,22.1,29.7,17.8,888.8,-88.8,-999.9,-88.8
340,3.4,22.1,29.7,17.7,888.8,-88.8,-999.9,-88.8
341,3.4,22.1,29.7,17.8,888.8,-88.8,-999.9,-88.8
342,3.4,22.1,29.7,17.7,888.8,-88.8,-999.9,-88.8
343,3.4,22.1,29.7,17.7,888.8,-88.8,-999.9,-88.8
344,3.3,22.1,29.7,17.7,888.8,-88.8,-999.9,-88.8
345,3.3,22.1,29.7,17.7,888.8,-88.8,-999.9,-88.8
346,3.3,22.1,29.7,17.7,888.8,-88.8,-999.9,-88.8
347,3.3,22.1,29.7,17.7,888.8,-88.8,-999.9,-88.8
348,3.3,22.1,29.7,17.7,888.8,-88.8,-999.9,-88.8
349,3.2,22.1,29.7,17.7,888.8,-88.8,-999.9,-88.8
350,3.2,22.1,29.7,17.7,888.8,-88.8,-999.9,-88.8
351,3.2,22.1,29.7,17.7,888.8,-88.8,-999.9,-88.8
352,3.1,22.1,29.7,17.7,888.8,-88.8,-999.9,-88.8
353,3.1,22.1,29.7,17.7,888.8,-88.8,-999.9,-88.8
354,3.1,22.1,29.7,17.7,888.8,-88.8,-999.9,-88.8
355,3.1,22.1,29.7,17.7,888.8,-88.8,-999.9,-88.8
356,3.1,22.1,29.7,17.7,888.8,-88.8,-999.9,-88.8
357,3.1,22.1,29.6,17.7,888.8,-88.8,-999.9,-88.8
358,3,22.1,29.6,17.7,888.8,-88.8,-999.9,-88.8
359,3,22.1,29.7,17.7,888.8,-88.8,-999.9,-88.8
400,3,22.1,29.6,17.7,888.8,-88.8,-999.9,-88.8
401,3,22.1,29.6,17.7,888.8,-88.8,-999.9,-88.8
402,3,22.1,29.6,17.7,888.8,-88.8,-999.9,-88.8
403,2.9,22.1,29.6,17.7,888.8,-88.8,-999.9,-88.8
404,2.9,22.1,29.6,17.7,888.8,-88.8,-999.9,-88.8
405,2.9,22.1,29.6,17.6,888.8,-88.8,-999.9,-88.8
406,2.9,22.2,29.6,17.6,888.8,-88.8,-999.9,-88.8
407,2.9,22.2,29.6,17.6,888.8,-88.8,-999.9,-88.8
408,2.9,22.2,29.6,17.6,888.8,-88.8,-999.9,-88.8
409,2.9,22.2,29.6,17.6,888.8,-88.8,-999.9,-88.8
410,2.8,22.2,29.6,17.6,888.8,-88.8,-999.9,-88.8
411,2.8,22.2,29.6,17.6,888.8,-88.8,-999.9,-88.8
412,2.8,22.2,29.6,17.6,888.8,-88.8,-999.9,-88.8
413,2.8,22.1,29.6,17.6,888.8,-88.8,-999.9,-88.8
414,2.8,22.2,29.6,17.6,888.8,-88.8,-999.9,-88.8
415,2.7,22.2,29.6,17.6,888.8,-88.8,-999.9,-88.8
416,2.7,22.2,29.6,17.6,888.8,-88.8,-999.9,-88.8
417,2.7,22.2,29.6,17.6,888.8,-88.8,-999.9,-88.8
418,2.7,22.2,29.6,17.6,888.8,-88.8,-999.9,-88.8
419,2.7,22.2,29.6,17.6,888.8,-88.8,-999.9,-88.8
420,2.7,22.2,29.6,17.6,888.8,-88.8,-999.9,-88.8
421,2.7,22.1,29.6,17.6,888.8,-88.8,-999.9,-88.8
422,2.7,22.2,29.5,17.6,888.8,-88.8,-999.9,-88.8
423,2.7,22.2,29.6,17.6,888.8,-88.8,-999.9,-88.8
424,2.6,22.2,29.6,17.6,888.8,-88.8,-999.9,-88.8
425,2.6,22.2,29.5,17.6,888.8,-88.8,-999.9,-88.8
426,2.6,22.2,29.6,17.6,888.8,-88.8,-999.9,-88.8
427,2.6,22.2,29.6,17.6,888.8,-88.8,-999.9,-88.8
428,2.6,22.2,29.6,17.6,888.8,-88.8,-999.9,-88.8
429,2.6,22.2,29.6,17.6,888.8,-88.8,-999.9,-88.8
430,2.6,22.2,29.6,17.6,888.8,-88.8,-999.9,-88.8
431,2.6,22.2,29.5,17.6,888.8,-88.8,-999.9,-88.8
432,2.5,22.3,29.5,17.6,888.8,-88.8,-999.9,-88.8
433,2.5,22.2,29.5,17.6,888.8,-88.8,-999.9,-88.8
434,2.5,22.2,29.5,17.6,888.8,-88.8,-999.9,-88.8
435,2.5,22.2,29.5,17.6,888.8,-88.8,-999.9,-88.8
436,2.5,22.2,29.6,17.6,888.8,-88.8,-999.9,-88.8
437,2.5,22.2,29.5,17.6,888.8,-88.8,-999.9,-88.8
438,2.4,22.2,29.5,17.6,888.8,-88.8,-999.9,-88.8
439,2.4,22.2,29.5,17.6,888.8,-88.8,-999.9,-88.8
440,2.4,22.2,29.5,17.5,888.8,-88.8,-999.9,-88.8
441,2.4,22.2,29.5,17.5,888.8,-88.8,-999.9,-88.8
442,2.4,22.2,29.5,17.6,888.8,-88.8,-999.9,-88.8
443,2.4,22.2,29.5,17.5,888.8,-88.8,-999.9,-88.8
444,2.3,22.2,29.5,17.5,888.8,-88.8,-999.9,-88.8
445,2.3,22.2,29.5,17.5,888.8,-88.8,-999.9,-88.8
446,2.3,22.2,29.5,17.5,888.8,-88.8,-999.9,-88.8
447,2.3,22.2,29.5,17.5,888.8,-88.8,-999.9,-88.8
448,2.2,22.2,29.5,17.5,888.8,-88.8,-999.9,-88.8
449,2.2,22.2,29.5,17.5,888.8,-88.8,-999.9,-88.8
450,2.2,22.2,29.5,17.5,888.8,-88.8,-999.9,-88.8
451,2.1,22.3,29.5,17.5,888.8,-88.8,-999.9,-88.8
452,2.1,22.2,29.5,17.5,888.8,-88.8,-999.9,-88.8
453,2.1,22.2,29.5,17.5,888.8,-88.8,-999.9,-88.8
454,2.1,22.3,29.5,17.5,888.8,-88.8,-999.9,-88.8
455,2.1,22.2,29.5,17.5,888.8,-88.8,-999.9,-88.8
456,2.1,22.2,29.5,17.5,888.8,-88.8,-999.9,-88.8
457,2,22.3,29.5,17.5,888.8,-88.8,-999.9,-88.8
458,2,22.3,29.5,17.5,888.8,-88.8,-999.9,-88.8
459,2,22.3,29.5,17.5,888.8,-88.8,-999.9,-88.8
500,1.9,22.2,29.4,17.5,888.8,-88.8,-999.9,-88.8
501,1.9,22.2,29.5,17.5,888.8,-88.8,-999.9,-88.8
502,1.9,22.3,29.5,17.5,888.8,-88.8,-999.9,-88.8
503,1.9,22.3,29.5,17.5,888.8,-88.8,-999.9,-88.8
504,1.9,22.3,29.5,17.5,888.8,-88.8,-999.9,-88.8
505,1.8,22.2,29.5,17.5,888.8,-88.8,-999.9,-88.8
506,1.8,22.3,29.5,17.5,888.8,-88.8,-999.9,-88.8
507,1.8,22.3,29.5,17.5,888.8,-88.8,-999.9,-88.8
508,1.8,22.2,29.5,17.4,888.8,-88.8,-999.9,-88.8
509,1.8,22.3,29.5,17.4,888.8,-88.8,-999.9,-88.8
510,1.8,22.2,29.5,17.4,888.8,-88.8,-999.9,-88.8
511,1.8,22.3,29.5,17.5,888.8,-88.8,-999.9,-88.8
512,1.7,22.3,29.5,17.4,888.8,-88.8,-999.9,-88.8
513,1.7,22.3,29.5,17.5,888.8,-88.8,-999.9,-88.8
514,1.7,22.3,29.5,17.4,888.8,-88.8,-999.9,-88.8
515,1.7,22.3,29.5,17.4,888.8,-88.8,-999.9,-88.8
516,1.7,22.3,29.5,17.4,888.8,-88.8,-999.9,-88.8
517,1.7,22.3,29.4,17.4,888.8,-88.8,-999.9,-88.8
518,1.7,22.3,29.5,17.4,888.8,-88.8,-999.9,-88.8
519,1.7,22.3,29.5,17.4,888.8,-88.8,-999.9,-88.8
520,1.6,22.3,29.4,17.4,888.8,-88.8,-999.9,-88.8
521,1.6,22.3,29.4,17.4,888.8,-88.8,-999.9,-88.8
522,1.6,22.3,29.5,17.4,888.8,-88.8,-999.9,-88.8
523,1.6,22.3,29.4,17.4,888.8,-88.8,-999.9,-88.8
524,1.6,22.3,29.4,17.4,888.8,-88.8,-999.9,-88.8
525,1.6,22.3,29.4,17.4,888.8,-88.8,-999.9,-88.8
526,1.6,22.3,29.4,17.4,888.8,-88.8,-999.9,-88.8
527,1.6,22.3,29.4,17.4,888.8,-88.8,-999.9,-88.8
528,1.6,22.3,29.4,17.4,888.8,-88.8,-999.9,-88.8
529,1.6,22.4,29.4,17.4,888.8,-88.8,-999.9,-88.8
530,1.6,22.3,29.4,17.4,888.8,-88.8,-999.9,-88.8
531,1.6,22.3,29.4,17.4,888.8,-88.8,-999.9,-88.8
532,1.6,22.3,29.4,17.4,888.8,-88.8,-999.9,-88.8
533,1.6,22.3,29.4,17.4,888.8,-88.8,-999.9,-88.8
534,1.6,22.3,29.4,17.4,888.8,-88.8,-999.9,-88.8
535,1.6,22.3,29.4,17.4,888.8,-88.8,-999.9,-88.8
536,1.6,22.4,29.4,17.8,888.8,-88.8,-999.9,-88.8
537,1.6,22.3,29.4,17.3,888.8,-88.8,-999.9,-88.8
538,1.6,22.4,29.4,17.6,888.8,-88.8,-999.9,-88.8
539,1.6,22.4,29.4,19.3,888.8,-88.8,-999.9,-88.8
540,1.6,22.4,29.4,23.8,888.8,-88.8,-999.9,-88.8
541,1.6,22.4,29.4,28.9,888.8,-88.8,-999.9,-88.8
542,1.6,22.4,29.4,32.8,888.8,-88.8,-999.9,-88.8
543,1.6,22.4,29.4,35.6,888.8,-88.8,-999.9,-88.8
544,1.6,22.4,29.4,38.4,888.8,-88.8,-999.9,-88.8
545,1.6,22.4,29.4,41.2,888.8,-88.8,-999.9,-88.8
546,1.6,22.4,29.4,43.8,888.8,-88.8,-999.9,-88.8
547,1.6,22.3,29.4,45.7,888.8,-88.8,-999.9,-88.8
548,1.6,22.4,29.4,47,888.8,-88.8,-999.9,-88.8
549,1.6,22.4,29.4,46.7,888.8,-88.8,-999.9,-88.8
550,1.6,22.4,29.4,47,888.8,-88.8,-999.9,-88.8
551,1.6,22.4,29.4,44.6,888.8,-88.8,-999.9,-88.8
552,1.6,22.4,29.4,42.7,888.8,-88.8,-999.9,-88.8
553,1.6,22.4,29.4,41.6,888.8,-88.8,-999.9,-88.8
554,1.6,22.4,29.4,40.7,888.8,-88.8,-999.9,-88.8
555,1.6,22.4,29.3,39.4,888.8,-88.8,-999.9,-88.8
556,1.6,22.3,29.3,38.4,888.8,-88.8,-999.9,-88.8
557,1.6,22.3,29.3,37.6,888.8,-88.8,-999.9,-88.8
558,1.6,22.3,29.2,36.9,888.8,-88.8,-999.9,-88.8
559,1.6,22.2,29.2,37.6,888.8,-88.8,-999.9,-88.8
600,1.6,22.2,29.2,40.3,888.8,-88.8,-999.9,-88.8
601,1.6,22.1,29.2,42.8,888.8,-88.8,-999.9,-88.8
602,1.6,22.1,29.2,44.5,888.8,-88.8,-999.9,-88.8
603,1.6,22.1,29.2,45.9,888.8,-88.8,-999.9,-88.8
604,1.6,22.1,29.1,44.6,888.8,-88.8,-999.9,-88.8
605,1.6,22.1,29.1,43.5,888.8,-88.8,-999.9,-88.8
606,1.6,22.1,29.1,40.8,888.8,-88.8,-999.9,-88.8
607,1.6,22.1,29.1,38.8,888.8,-88.8,-999.9,-88.8
608,1.6,22,29.1,37.4,888.8,-88.8,-999.9,-88.8
609,1.6,22,29.1,37.2,888.8,-88.8,-999.9,-88.8
610,1.6,22,29.1,38.4,888.8,-88.8,-999.9,-88.8
611,1.6,22,29.1,40.3,888.8,-88.8,-999.9,-88.8
612,1.6,22,29.1,42.2,888.8,-88.8,-999.9,-88.8
613,1.6,22.1,29.1,43.8,888.8,-88.8,-999.9,-88.8
614,1.6,22,29.1,45.1,888.8,-88.8,-999.9,-88.8
615,1.6,22,29.1,46.1,888.8,-88.8,-999.9,-88.8
616,1.6,22,29.1,46.3,888.8,-88.8,-999.9,-88.8
617,1.6,22,29.1,43.3,888.8,-88.8,-999.9,-88.8
618,1.6,22,29.1,41.9,888.8,-88.8,-999.9,-88.8
619,1.6,22,29.1,42.4,888.8,-88.8,-999.9,-88.8
620,1.6,22,29.1,44.2,888.8,-88.8,-999.9,-88.8
621,1.6,22,29,41.6,888.8,-88.8,-999.9,-88.8
622,1.6,22,29.1,39.3,888.8,-88.8,-999.9,-88.8
623,1.6,22,29.1,38.6,888.8,-88.8,-999.9,-88.8
624,1.6,22,29.1,38.5,888.8,-88.8,-999.9,-88.8
625,1.5,22.1,29.1,37.8,888.8,-88.8,-999.9,-88.8
626,1.6,22,29.1,37.2,888.8,-88.8,-999.9,-88.8
627,1.6,22,29.1,36.9,888.8,-88.8,-999.9,-88.8
628,1.5,22,29,36.8,888.8,-88.8,-999.9,-88.8
629,1.5,22,29,37.2,888.8,-88.8,-999.9,-88.8
630,1.5,22,29,39.3,888.8,-88.8,-999.9,-88.8
631,1.5,22.1,29,42,888.8,-88.8,-999.9,-88.8
632,1.5,22,29,44.4,888.8,-88.8,-999.9,-88.8
633,1.5,22.1,29,46,888.8,-88.8,-999.9,-88.8
634,1.5,22.1,29.1,46.2,888.8,-88.8,-999.9,-88.8
635,1.5,22.1,29,42.7,888.8,-88.8,-999.9,-88.8
636,1.5,22.1,29,40.7,888.8,-88.8,-999.9,-88.8
637,1.5,22.1,29,40.2,888.8,-88.8,-999.9,-88.8
638,1.5,22.1,29,39.7,888.8,-88.8,-999.9,-88.8
639,1.5,22.1,29,39.1,888.8,-88.8,-999.9,-88.8
640,1.5,22.1,29,40.8,888.8,-88.8,-999.9,-88.8
641,1.5,22.1,29,43.6,888.8,-88.8,-999.9,-88.8
642,1.5,22.1,29,41.8,888.8,-88.8,-999.9,-88.8
643,1.5,22.1,29,39.7,888.8,-88.8,-999.9,-88.8
644,1.5,22.1,29.1,38.8,888.8,-88.8,-999.9,-88.8
645,1.5,22.1,29,38.7,888.8,-88.8,-999.9,-88.8
646,1.4,22.1,29,38.4,888.8,-88.8,-999.9,-88.8
647,1.4,22.1,29,37.9,888.8,-88.8,-999.9,-88.8
648,1.4,22.1,29,37.4,888.8,-88.8,-999.9,-88.8
649,1.3,22.1,29,37.2,888.8,-88.8,-999.9,-88.8
650,1.3,22.1,29,38.7,888.8,-88.8,-999.9,-88.8
651,1.3,22.1,29,41.5,888.8,-88.8,-999.9,-88.8
652,1.3,22.1,29,44.5,888.8,-88.8,-999.9,-88.8
653,1.3,22.1,29,46.7,888.8,-88.8,-999.9,-88.8
654,1.2,22.1,29,44.3,888.8,-88.8,-999.9,-88.8
655,1.3,22.1,29,41.1,888.8,-88.8,-999.9,-88.8
656,1.2,22.1,29,39.8,888.8,-88.8,-999.9,-88.8
657,1.2,22.1,29,39.6,888.8,-88.8,-999.9,-88.8
658,1.2,22.1,29,39.1,888.8,-88.8,-999.9,-88.8
659,1.2,22.1,29,38.3,888.8,-88.8,-999.9,-88.8
700,1.2,22.1,29,39.6,888.8,-88.8,-999.9,-88.8
701,1.2,22.1,29,42.1,888.8,-88.8,-999.9,-88.8
702,1.2,22,29,41,888.8,-88.8,-999.9,-88.8
703,1.2,22.1,29,39,888.8,-88.8,-999.9,-88.8
704,1.1,22,29,37.9,888.8,-88.8,-999.9,-88.8
705,1.1,22,29,37.5,888.8,-88.8,-999.9,-88.8
706,1.1,22,28.9,36.8,888.8,-88.8,-999.9,-88.8
707,1.1,22,28.9,35.7,888.8,-88.8,-999.9,-88.8
708,1.1,22,28.9,36.5,888.8,-88.8,-999.9,-88.8
709,1.1,22,29,36.6,888.8,-88.8,-999.9,-88.8
710,1.1,22,28.9,37,888.8,-88.8,-999.9,-88.8
711,1,22,28.9,36.7,888.8,-88.8,-999.9,-88.8
712,1,22,28.9,36.4,888.8,-88.8,-999.9,-88.8
713,1,22,28.9,36,888.8,-88.8,-999.9,-88.8
714,1,22,28.9,35.6,888.8,-88.8,-999.9,-88.8
715,1,22,28.9,35.6,888.8,-88.8,-999.9,-88.8
716,1,22,28.9,35.6,888.8,-88.8,-999.9,-88.8
717,1,21.9,28.9,35.3,888.8,-88.8,-999.9,-88.8
718,0.9,21.9,28.9,32.9,888.8,-88.8,-999.9,-88.8
719,1,21.8,28.8,31.8,888.8,-88.8,-999.9,-88.8
720,0.9,21.8,28.8,31.2,888.8,-88.8,-999.9,-88.8
721,0.9,21.7,28.8,30.7,888.8,-88.8,-999.9,-88.8
722,0.9,21.6,28.8,30.2,888.8,-88.8,-999.9,-88.8
723,0.9,21.6,28.7,29.6,888.8,-88.8,-999.9,-88.8
724,0.9,21.6,28.8,29,888.8,-88.8,-999.9,-88.8
725,0.9,21.6,28.7,28.9,888.8,-88.8,-999.9,-88.8
726,0.9,21.6,28.7,29,888.8,-88.8,-999.9,-88.8
727,0.9,21.6,28.7,29.3,888.8,-88.8,-999.9,-88.8
728,0.9,21.6,28.7,29.2,888.8,-88.8,-999.9,-88.8
729,0.9,21.6,28.7,29.3,888.8,-88.8,-999.9,-88.8
730,0.9,21.6,28.7,29.7,888.8,-88.8,-999.9,-88.8
731,0.9,21.6,28.7,30.2,888.8,-88.8,-999.9,-88.8
732,0.9,21.6,28.7,30.7,888.8,-88.8,-999.9,-88.8
733,0.9,21.5,28.7,31.7,888.8,-88.8,-999.9,-88.8
734,0.9,21.5,28.7,31.5,888.8,-88.8,-999.9,-88.8
735,0.9,21.5,28.7,31.2,888.8,-88.8,-999.9,-88.8
736,0.8,21.5,28.7,31.5,888.8,-88.8,-999.9,-88.8
737,0.9,21.5,28.7,31.5,888.8,-88.8,-999.9,-88.8
738,0.9,21.5,28.7,31.9,888.8,-88.8,-999.9,-88.8
739,0.9,21.5,28.6,32.3,888.8,-88.8,-999.9,-88.8
740,0.9,21.4,28.6,32.5,888.8,-88.8,-999.9,-88.8
741,0.9,21.4,28.6,32.6,888.8,-88.8,-999.9,-88.8
742,0.9,21.4,28.6,32.7,888.8,-88.8,-999.9,-88.8
743,0.9,21.4,28.6,32.4,888.8,-88.8,-999.9,-88.8
744,0.8,21.4,28.6,32.1,888.8,-88.8,-999.9,-88.8
745,0.9,21.3,28.6,28.8,888.8,-88.8,-999.9,-88.8
746,0.8,21.3,28.6,27.2,888.8,-88.8,-999.9,-88.8
747,0.8,21.3,28.6,28.6,888.8,-88.8,-999.9,-88.8
748,0.8,21.4,28.6,31.7,888.8,-88.8,-999.9,-88.8
749,0.8,21.3,28.6,33.2,888.8,-88.8,-999.9,-88.8
750,0.9,21.3,28.6,37.8,888.8,-88.8,-999.9,-88.8
751,0.9,21.4,28.6,42.7,888.8,-88.8,-999.9,-88.8
752,0.8,21.3,28.6,46.5,888.8,-88.8,-999.9,-88.8
753,0.9,21.3,28.6,49,888.8,-88.8,-999.9,-88.8
754,0.8,21.4,28.6,50.1,888.8,-88.8,-999.9,-88.8
755,0.8,21.4,28.6,45.8,888.8,-88.8,-999.9,-88.8
756,0.9,21.4,28.6,43.4,888.8,-88.8,-999.9,-88.8
757,0.9,21.4,28.6,43,888.8,-88.8,-999.9,-88.8
758,0.9,21.3,28.6,42.9,888.8,-88.8,-999.9,-88.8
759,0.9,21.4,28.6,43.5,888.8,-88.8,-999.9,-88.8
800,0.9,21.4,28.6,45.6,888.8,-88.8,-999.9,-88.8
801,0.9,21.4,28.6,42.9,888.8,-88.8,-999.9,-88.8
802,0.9,21.4,28.6,40.6,888.8,-88.8,-999.9,-88.8
803,0.9,21.4,28.6,39.8,888.8,-88.8,-999.9,-88.8
804,0.9,21.4,28.6,39.7,888.8,-88.8,-999.9,-88.8
805,0.9,21.4,28.6,39.2,888.8,-88.8,-999.9,-88.8
806,0.9,21.4,28.6,38.1,888.8,-88.8,-999.9,-88.8
807,0.9,21.4,28.6,37.3,888.8,-88.8,-999.9,-88.8
808,0.9,21.4,28.6,36.7,888.8,-88.8,-999.9,-88.8
809,0.9,21.4,28.6,38,888.8,-88.8,-999.9,-88.8
810,0.9,21.4,28.6,42.5,888.8,-88.8,-999.9,-88.8
811,0.9,21.4,28.6,44.7,888.8,-88.8,-999.9,-88.8
812,0.9,21.5,28.6,40.6,888.8,-88.8,-999.9,-88.8
813,0.9,21.4,28.6,37.9,888.8,-88.8,-999.9,-88.8
814,0.9,21.5,28.6,37.6,888.8,-88.8,-999.9,-88.8
815,0.9,21.5,28.6,38.4,888.8,-88.8,-999.9,-88.8
816,0.9,21.4,28.6,38.1,888.8,-88.8,-999.9,-88.8
817,0.9,21.5,28.6,36.9,888.8,-88.8,-999.9,-88.8
818,0.9,21.5,28.6,36,888.8,-88.8,-999.9,-88.8
819,0.9,21.4,28.6,36.6,888.8,-88.8,-999.9,-88.8
820,0.9,21.5,28.6,40.8,888.8,-88.8,-999.9,-88.8
821,0.9,21.5,28.6,44.1,888.8,-88.8,-999.9,-88.8
822,0.9,21.5,28.6,40.6,888.8,-88.8,-999.9,-88.8
823,0.9,21.5,28.6,37.7,888.8,-88.8,-999.9,-88.8
824,0.9,21.5,28.6,36.9,888.8,-88.8,-999.9,-88.8
825,0.9,21.5,28.6,37.6,888.8,-88.8,-999.9,-88.8
826,0.9,21.5,28.6,38,888.8,-88.8,-999.9,-88.8
827,0.9,21.5,28.6,37.3,888.8,-88.8,-999.9,-88.8
828,0.9,21.5,28.6,36.3,888.8,-88.8,-999.9,-88.8
829,0.9,21.5,28.6,36.1,888.8,-88.8,-999.9,-88.8
830,1,21.5,28.6,39.3,888.8,-88.8,-999.9,-88.8
831,1,21.5,28.6,43.5,888.8,-88.8,-999.9,-88.8
832,1,21.5,28.6,41.6,888.8,-88.8,-999.9,-88.8
833,1,21.5,28.6,38.5,888.8,-88.8,-999.9,-88.8
834,1,21.5,28.6,37,888.8,-88.8,-999.9,-88.8
835,1,21.5,28.6,37.2,888.8,-88.8,-999.9,-88.8
836,1,21.5,28.6,37.9,888.8,-88.8,-999.9,-88.8
837,1,21.5,28.6,37.9,888.8,-88.8,-999.9,-88.8
838,1,21.5,28.6,37.3,888.8,-88.8,-999.9,-88.8
839,1.1,21.5,28.6,36.4,888.8,-88.8,-999.9,-88.8
840,1.1,21.5,28.6,37.2,888.8,-88.8,-999.9,-88.8
841,1.1,21.5,28.6,40.9,888.8,-88.8,-999.9,-88.8
842,1.1,21.6,28.6,41.7,888.8,-88.8,-999.9,-88.8
843,1.2,21.5,28.6,39.4,888.8,-88.8,-999.9,-88.8
844,1.2,21.5,28.6,37.5,888.8,-88.8,-999.9,-88.8
845,1.2,21.5,28.6,36.5,888.8,-88.8,-999.9,-88.8
846,1.3,21.6,28.6,36.5,888.8,-88.8,-999.9,-88.8
847,1.3,21.6,28.6,37,888.8,-88.8,-999.9,-88.8
848,1.4,21.6,28.6,37,888.8,-88.8,-999.9,-88.8
849,1.4,21.6,28.6,36.6,888.8,-88.8,-999.9,-88.8
850,1.5,21.6,28.6,36.5,888.8,-88.8,-999.9,-88.8
851,1.5,21.5,28.6,38.4,888.8,-88.8,-999.9,-88.8
852,1.6,21.6,28.6,41.2,888.8,-88.8,-999.9,-88.8
853,1.6,21.6,28.6,40.8,888.8,-88.8,-999.9,-88.8
854,1.7,21.6,28.6,38.9,888.8,-88.8,-999.9,-88.8
855,1.7,21.6,28.6,37.3,888.8,-88.8,-999.9,-88.8
856,1.8,21.6,28.6,36.2,888.8,-88.8,-999.9,-88.8
857,1.8,21.6,28.6,35.7,888.8,-88.8,-999.9,-88.8
858,1.8,21.6,28.6,35.7,888.8,-88.8,-999.9,-88.8
859,1.9,21.6,28.6,35.5,888.8,-88.8,-999.9,-88.8
900,1.9,21.6,28.6,35.6,888.8,-88.8,-999.9,-88.8
901,2,21.6,28.6,35.4,888.8,-88.8,-999.9,-88.8
902,2.1,21.6,28.6,35.4,888.8,-88.8,-999.9,-88.8
903,2.1,21.6,28.6,36,888.8,-88.8,-999.9,-88.8
904,2.2,21.6,28.6,37.7,888.8,-88.8,-999.9,-88.8
905,2.2,21.6,28.6,38.3,888.8,-88.8,-999.9,-88.8
906,2.3,21.6,28.6,37.6,888.8,-88.8,-999.9,-88.8
907,2.3,21.6,28.6,36.5,888.8,-88.8,-999.9,-88.8
908,2.4,21.6,28.6,35.4,888.8,-88.8,-999.9,-88.8
909,2.4,21.6,28.6,34.2,888.8,-88.8,-999.9,-88.8
910,2.5,21.6,28.6,33.9,888.8,-88.8,-999.9,-88.8
911,2.6,21.6,28.6,33.4,888.8,-88.8,-999.9,-88.8
912,2.6,21.6,28.6,33,888.8,-88.8,-999.9,-88.8
913,2.7,21.6,28.6,32.7,888.8,-88.8,-999.9,-88.8
914,2.8,21.6,28.6,32.5,888.8,-88.8,-999.9,-88.8
915,2.9,21.7,28.6,32.3,888.8,-88.8,-999.9,-88.8
916,3,21.6,28.6,31.9,888.8,-88.8,-999.9,-88.8
917,3.1,21.7,28.6,31.6,888.8,-88.8,-999.9,-88.8
918,3.2,21.7,28.6,31.2,888.8,-88.8,-999.9,-88.8
919,3.3,21.7,28.6,30.2,888.8,-88.8,-999.9,-88.8
920,3.4,21.7,28.6,29.6,888.8,-88.8,-999.9,-88.8
921,3.5,21.7,28.6,29.4,888.8,-88.8,-999.9,-88.8
922,3.6,21.7,28.6,29.4,888.8,-88.8,-999.9,-88.8
923,3.7,21.7,28.6,29.4,888.8,-88.8,-999.9,-88.8
924,3.8,21.7,28.6,29.4,888.8,-88.8,-999.9,-88.8
925,3.9,21.7,28.6,29.4,888.8,-88.8,-999.9,-88.8
926,4,21.7,28.6,29.3,888.8,-88.8,-999.9,-88.8
927,4,21.7,28.6,29.2,888.8,-88.8,-999.9,-88.8
928,4.1,21.7,28.6,29.2,888.8,-88.8,-999.9,-88.8
929,4.1,21.7,28.6,29.1,888.8,-88.8,-999.9,-88.8
930,4.2,21.7,28.6,29,888.8,-88.8,-999.9,-88.8
931,4.3,21.7,28.6,28.9,888.8,-88.8,-999.9,-88.8
932,4.4,21.7,28.6,28.9,888.8,-88.8,-999.9,-88.8
933,4.5,21.7,28.6,28.7,888.8,-88.8,-999.9,-88.8
934,4.5,21.7,28.6,28.6,888.8,-88.8,-999.9,-88.8
935,4.6,21.7,28.6,28.4,888.8,-88.8,-999.9,-88.8
936,4.7,21.7,28.6,28.1,888.8,-88.8,-999.9,-88.8
937,4.7,21.7,28.6,27.4,888.8,-88.8,-999.9,-88.8
938,4.9,21.8,28.6,26.2,888.8,-88.8,-999.9,-88.8
939,5,21.8,28.6,24.7,888.8,-88.8,-999.9,-88.8
940,5,21.8,28.6,23.3,888.8,-88.8,-999.9,-88.8
941,5.1,21.8,28.6,22.1,888.8,-88.8,-999.9,-88.8
942,5.2,21.8,28.6,21.4,888.8,-88.8,-999.9,-88.8
943,5.4,21.8,28.6,22.2,888.8,-88.8,-999.9,-88.8
944,5.5,21.8,28.6,26.6,888.8,-88.8,-999.9,-88.8
945,5.5,21.8,28.6,25.6,888.8,-88.8,-999.9,-88.8
946,5.6,21.8,28.6,23.4,888.8,-88.8,-999.9,-88.8
947,5.7,21.8,28.6,22.1,888.8,-88.8,-999.9,-88.8
948,5.8,21.8,28.6,21.5,888.8,-88.8,-999.9,-88.8
949,5.9,21.8,28.6,21.6,888.8,-88.8,-999.9,-88.8
950,6.1,21.8,28.6,22.1,888.8,-88.8,-999.9,-88.8
951,6.2,21.8,28.6,22.7,888.8,-88.8,-999.9,-88.8
952,6.4,21.8,28.6,23.5,888.8,-88.8,-999.9,-88.8
953,6.6,21.8,28.6,24.5,888.8,-88.8,-999.9,-88.8
954,6.7,21.8,28.6,25.4,888.8,-88.8,-999.9,-88.8
955,7,21.8,28.6,26.2,888.8,-88.8,-999.9,-88.8
956,7.1,21.8,28.6,26.8,888.8,-88.8,-999.9,-88.8
957,7.3,21.8,28.6,27,888.8,-88.8,-999.9,-88.8
958,7.5,21.8,28.6,26.9,888.8,-88.8,-999.9,-88.8
959,7.6,21.8,28.6,26.7,888.8,-88.8,-999.9,-88.8
1000,7.7,21.8,28.6,26.8,888.8,-88.8,-999.9,-88.8
1001,7.8,21.8,28.6,27.4,888.8,-88.8,-999.9,-88.8
1002,7.9,21.8,28.6,27.9,888.8,-88.8,-999.9,-88.8
1003,8,21.8,28.6,28.3,888.8,-88.8,-999.9,-88.8
1004,8.1,21.8,28.6,28.7,888.8,-88.8,-999.9,-88.8
1005,8.1,21.8,28.6,28.8,888.8,-88.8,-999.9,-88.8
1006,8.1,21.9,28.6,28.5,888.8,-88.8,-999.9,-88.8
1007,8.1,21.8,28.6,28,888.8,-88.8,-999.9,-88.8
1008,8.1,21.8,28.6,27.2,888.8,-88.8,-999.9,-88.8
1009,8.1,21.9,28.6,26.7,888.8,-88.8,-999.9,-88.8
1010,8.1,21.9,28.6,26.8,888.8,-88.8,-999.9,-88.8
1011,8.1,21.8,28.6,27.1,888.8,-88.8,-999.9,-88.8
1012,8,21.9,28.6,27.4,888.8,-88.8,-999.9,-88.8
1013,8,21.9,28.6,27.4,888.8,-88.8,-999.9,-88.8
1014,7.9,21.9,28.6,27.1,888.8,-88.8,-999.9,-88.8
1015,7.8,21.9,28.6,27.1,888.8,-88.8,-999.9,-88.8
1016,7.8,21.9,28.6,27,888.8,-88.8,-999.9,-88.8
1017,7.7,21.9,28.6,27,888.8,-88.8,-999.9,-88.8
1018,7.7,21.9,28.6,26.8,888.8,-88.8,-999.9,-88.8
1019,7.6,21.9,28.6,26.4,888.8,-88.8,-999.9,-88.8
1020,7.5,21.9,28.6,25.9,888.8,-88.8,-999.9,-88.8
1021,7.4,21.9,28.6,25.7,888.8,-88.8,-999.9,-88.8
1022,7.3,21.9,28.6,24.9,888.8,-88.8,-999.9,-88.8
1023,7.3,21.9,28.6,24.3,888.8,-88.8,-999.9,-88.8
1024,7.2,21.9,28.6,24.9,888.8,-88.8,-999.9,-88.8
1025,7.1,21.9,28.6,25.7,888.8,-88.8,-999.9,-88.8
1026,7.1,21.9,28.6,26.1,888.8,-88.8,-999.9,-88.8
1027,7,21.9,28.6,26.1,888.8,-88.8,-999.9,-88.8
1028,7,21.9,28.6,26.6,888.8,-88.8,-999.9,-88.8
1029,7,21.9,28.6,28.4,888.8,-88.8,-999.9,-88.8
1030,6.9,21.9,28.6,29.6,888.8,-88.8,-999.9,-88.8
1031,6.9,21.9,28.6,29.1,888.8,-88.8,-999.9,-88.8
1032,7,21.9,28.6,28.2,888.8,-88.8,-999.9,-88.8
1033,7,21.9,28.6,27.3,888.8,-88.8,-999.9,-88.8
1034,7.1,21.9,28.6,26.8,888.8,-88.8,-999.9,-88.8
1035,7.2,21.9,28.6,26.5,888.8,-88.8,-999.9,-88.8
1036,7.4,21.9,28.6,26.5,888.8,-88.8,-999.9,-88.8
1037,7.8,21.9,28.6,26.6,888.8,-88.8,-999.9,-88.8
1038,8.4,21.9,28.6,26.9,888.8,-88.8,-999.9,-88.8
1039,9.2,21.9,28.6,28.5,888.8,-88.8,-999.9,-88.8
1040,10.4,21.9,28.6,29.6,888.8,-88.8,-999.9,-88.8
1041,12.3,21.9,28.6,29.4,888.8,-88.8,-999.9,-88.8
1042,14.2,22,28.6,28.6,888.8,-88.8,-999.9,-88.8
1043,16.3,22,28.6,27.9,888.8,-88.8,-999.9,-88.8
1044,18.2,21.9,28.6,27.3,888.8,-88.8,-999.9,-88.8
1045,20.4,22,28.6,27,888.8,-88.8,-999.9,-88.8
1046,23,22,28.6,26.8,888.8,-88.8,-999.9,-88.8
1047,25.9,22,28.6,27.1,888.8,-88.8,-999.9,-88.8
1048,27.8,21.9,28.6,27.4,888.8,-88.8,-999.9,-88.8
1049,29,22,28.6,28.4,888.8,-88.8,-999.9,-88.8
1050,30.9,22,28.6,29.8,888.8,-88.8,-999.9,-88.8
1051,33.5,22,28.6,30,888.8,-88.8,-999.9,-88.8
1052,41.7,22.1,28.6,29.3,888.8,-88.8,-999.9,-88.8
1053,49.7,22,28.6,28.5,888.8,-88.8,-999.9,-88.8
1054,43.7,22,28.6,27.8,888.8,-88.8,-999.9,-88.8
1055,39.1,22.1,28.7,27.5,888.8,-88.8,-999.9,-88.8
1056,38.7,22.1,28.8,27.4,888.8,-88.8,-999.9,-88.8
1057,40.3,22.1,29,27.4,888.8,-88.8,-999.9,-88.8
1058,41.9,22.1,29.2,27.6,888.8,-88.8,-999.9,-88.8
1059,42.5,22.1,29.4,28.1,888.8,-88.8,-999.9,-88.8
1100,41.9,22.1,29.5,29.1,888.8,-88.8,-999.9,-88.8
1101,41.3,22.2,29.7,30.6,888.8,-88.8,-999.9,-88.8
1102,41.4,22.2,29.9,31.4,888.8,-88.8,-999.9,-88.8
1103,42.1,22.2,30,31,888.8,-88.8,-999.9,-88.8
1104,43.1,22.3,30.3,30.2,888.8,-88.8,-999.9,-88.8
1105,43.7,22.4,30.5,29.5,888.8,-88.8,-999.9,-88.8
1106,43.7,22.4,30.7,28.8,888.8,-88.8,-999.9,-88.8
1107,43.6,22.4,30.8,28.4,888.8,-88.8,-999.9,-88.8
1108,43.7,22.5,31,27.7,888.8,-88.8,-999.9,-88.8
1109,44,22.5,31.2,27.6,888.8,-88.8,-999.9,-88.8
1110,44.4,22.6,31.4,27.6,888.8,-88.8,-999.9,-88.8
1111,44.7,22.7,31.6,27.6,888.8,-88.8,-999.9,-88.8
1112,44.9,22.7,31.8,27.6,888.8,-88.8,-999.9,-88.8
1113,45.1,22.8,32,27.1,888.8,-88.8,-999.9,-88.8
1114,45.1,22.8,32.2,25.7,888.8,-88.8,-999.9,-88.8
1115,45.2,22.9,32.4,24,888.8,-88.8,-999.9,-88.8
1116,45.6,22.9,32.6,22.3,888.8,-88.8,-999.9,-88.8
1117,45.8,23,32.8,21.3,888.8,-88.8,-999.9,-88.8
1118,46.1,23,33,20.2,888.8,-88.8,-999.9,-88.8
1119,46.4,23.1,33.2,19.4,888.8,-88.8,-999.9,-88.8
1120,46.7,23.2,33.4,19,888.8,-88.8,-999.9,-88.8
1121,47,23.2,33.6,18.7,888.8,-88.8,-999.9,-88.8
1122,47.4,23.3,33.8,18.5,888.8,-88.8,-999.9,-88.8
1123,47.7,23.4,34,18.4,888.8,-88.8,-999.9,-88.8
1124,47.6,23.4,34.2,18.4,888.8,-88.8,-999.9,-88.8
1125,46.2,23.5,34.4,18.4,888.8,-88.8,-999.9,-88.8
1126,43.8,23.6,34.7,18.3,888.8,-88.8,-999.9,-88.8
1127,42.3,23.7,34.8,18.2,888.8,-88.8,-999.9,-88.8
1128,41.3,23.7,35,18.2,888.8,-88.8,-999.9,-88.8
1129,39.9,23.8,35.2,18.3,888.8,-88.8,-999.9,-88.8
1130,40.4,23.8,35.3,18.2,888.8,-88.8,-999.9,-88.8
1131,44.1,23.9,35.4,18.2,888.8,-88.8,-999.9,-88.8
1132,47.4,23.9,35.6,18.2,888.8,-88.8,-999.9,-88.8
1133,46.8,24,35.6,18.3,888.8,-88.8,-999.9,-88.8
1134,46.3,24,35.7,18.2,888.8,-88.8,-999.9,-88.8
1135,44.6,24.1,35.8,18.2,888.8,-88.8,-999.9,-88.8
1136,43,24.2,35.9,18.3,888.8,-88.8,-999.9,-88.8
1137,43.6,24.2,36.1,18.3,888.8,-88.8,-999.9,-88.8
1138,44.2,24.3,36.2,18.3,888.8,-88.8,-999.9,-88.8
1139,44.9,24.3,36.3,18.3,888.8,-88.8,-999.9,-88.8
1140,47.1,24.3,36.5,18.3,888.8,-88.8,-999.9,-88.8
1141,50.4,24.4,36.5,18.3,888.8,-88.8,-999.9,-88.8
1142,51.3,24.5,36.6,18.4,888.8,-88.8,-999.9,-88.8
1143,50.2,24.5,36.8,18.4,888.8,-88.8,-999.9,-88.8
1144,48.5,24.6,36.9,18.4,888.8,-88.8,-999.9,-88.8
1145,45.8,24.6,37.1,18.4,888.8,-88.8,-999.9,-88.8
1146,44,24.7,37.3,18.5,888.8,-88.8,-999.9,-88.8
1147,43.3,24.8,37.5,18.5,888.8,-88.8,-999.9,-88.8
1148,44.2,24.8,37.7,18.5,888.8,-88.8,-999.9,-88.8
1149,47,24.9,37.8,18.6,888.8,-88.8,-999.9,-88.8
1150,48,25,37.9,20.1,888.8,-88.8,-999.9,-88.8
1151,48.2,25,38,24,888.8,-88.8,-999.9,-88.8
1152,49.9,25.1,38.1,24.4,888.8,-88.8,-999.9,-88.8
1153,49.2,25.1,38.2,23.3,888.8,-88.8,-999.9,-88.8
1154,46.6,25.2,38.2,22.4,888.8,-88.8,-999.9,-88.8
1155,46,25.3,38.4,21.8,888.8,-88.8,-999.9,-88.8
1156,45.6,25.4,38.5,21.7,888.8,-88.8,-999.9,-88.8
1157,43.9,25.4,38.6,21.9,888.8,-88.8,-999.9,-88.8
1158,42.4,25.4,38.7,22.2,888.8,-88.8,-999.9,-88.8
1159,41.7,25.5,38.9,22.7,888.8,-88.8,-999.9,-88.8
1200,41.6,25.6,39,23.3,888.8,-88.8,-999.9,-88.8
1201,40.1,25.6,39,24,888.8,-88.8,-999.9,-88.8
1202,37.4,25.6,39,24.9,888.8,-88.8,-999.9,-88.8
1203,36,25.6,39,25.9,888.8,-88.8,-999.9,-88.8
1204,35.8,25.7,39,26.8,888.8,-88.8,-999.9,-88.8
1205,36.1,25.6,39.1,27.6,888.8,-88.8,-999.9,-88.8
1206,36.5,25.7,39.1,28.4,888.8,-88.8,-999.9,-88.8
1207,36.8,25.6,39.1,28.4,888.8,-88.8,-999.9,-88.8
1208,37,25.7,39,28.3,888.8,-88.8,-999.9,-88.8
1209,37.1,25.7,39,27.9,888.8,-88.8,-999.9,-88.8
1210,36.9,25.7,39.1,27.5,888.8,-88.8,-999.9,-88.8
1211,36.6,25.7,39.1,27.1,888.8,-88.8,-999.9,-88.8
1212,36.3,25.7,39,27.1,888.8,-88.8,-999.9,-88.8
1213,36.2,25.7,39,27.4,888.8,-88.8,-999.9,-88.8
1214,38.4,25.7,39.1,27.8,888.8,-88.8,-999.9,-88.8
1215,39.5,25.7,39.1,28.2,888.8,-88.8,-999.9,-88.8
1216,39.2,25.7,39,28.4,888.8,-88.8,-999.9,-88.8
1217,39,25.7,39,28.5,888.8,-88.8,-999.9,-88.8
1218,40.1,25.7,39.1,28.6,888.8,-88.8,-999.9,-88.8
1219,39.7,25.7,39.1,28.3,888.8,-88.8,-999.9,-88.8
1220,38.7,25.6,39.1,27.9,888.8,-88.8,-999.9,-88.8
1221,37.9,25.6,39,28,888.8,-88.8,-999.9,-88.8
1222,37.2,25.6,39.1,27.8,888.8,-88.8,-999.9,-88.8
1223,36.5,25.6,39,27.5,888.8,-88.8,-999.9,-88.8
1224,36.1,25.6,39.1,27.3,888.8,-88.8,-999.9,-88.8
1225,36.1,25.6,39.1,26.7,888.8,-88.8,-999.9,-88.8
1226,36.7,25.6,39,26.7,888.8,-88.8,-999.9,-88.8
1227,37.5,25.6,39.1,26.7,888.8,-88.8,-999.9,-88.8
1228,38.3,25.6,39,26.7,888.8,-88.8,-999.9,-88.8
1229,41.5,25.6,39.1,26.6,888.8,-88.8,-999.9,-88.8
1230,43.2,25.6,39,26.5,888.8,-88.8,-999.9,-88.8
1231,42.3,25.6,39.1,26.3,888.8,-88.8,-999.9,-88.8
1232,41.8,25.6,39,26.2,888.8,-88.8,-999.9,-88.8
1233,41.8,25.6,39,25.9,888.8,-88.8,-999.9,-88.8
1234,42.6,25.6,39,25.4,888.8,-88.8,-999.9,-88.8
1235,48.2,25.6,39,25.1,888.8,-88.8,-999.9,-88.8
1236,47.9,25.6,39,24.8,888.8,-88.8,-999.9,-88.8
1237,46.4,25.6,39.1,24.6,888.8,-88.8,-999.9,-88.8
1238,44.2,25.7,39.1,24.5,888.8,-88.8,-999.9,-88.8
1239,42.1,25.7,39.1,25.2,888.8,-88.8,-999.9,-88.8
1240,41,25.7,39.2,26.5,888.8,-88.8,-999.9,-88.8
1241,40.5,25.8,39.3,25,888.8,-88.8,-999.9,-88.8
1242,37.9,25.8,39.3,24.6,888.8,-88.8,-999.9,-88.8
1243,35.2,25.9,39.4,25.7,888.8,-88.8,-999.9,-88.8
1244,33.9,25.9,39.4,27.6,888.8,-88.8,-999.9,-88.8
1245,34.5,25.9,39.4,29.5,888.8,-88.8,-999.9,-88.8
1246,36.7,25.9,39.4,30.5,888.8,-88.8,-999.9,-88.8
1247,38.1,25.9,39.4,30.2,888.8,-88.8,-999.9,-88.8
1248,38.9,25.9,39.4,32.5,888.8,-88.8,-999.9,-88.8
1249,39.9,25.9,39.4,31.8,888.8,-88.8,-999.9,-88.8
1250,44.1,25.9,39.4,28.1,888.8,-88.8,-999.9,-88.8
1251,48.7,25.9,39.4,26.8,888.8,-88.8,-999.9,-88.8
1252,53.2,25.9,39.4,26.7,888.8,-88.8,-999.9,-88.8
1253,55.9,25.9,39.5,26.9,888.8,-88.8,-999.9,-88.8
1254,53,26,39.5,27.2,888.8,-88.8,-999.9,-88.8
1255,47.6,26,39.7,27.5,888.8,-88.8,-999.9,-88.8
1256,45.8,26.1,39.9,27.8,888.8,-88.8,-999.9,-88.8
1257,44.1,26.2,40,28.7,888.8,-88.8,-999.9,-88.8
1258,42.5,26.2,40.2,30.8,888.8,-88.8,-999.9,-88.8
1259,41.9,26.3,40.3,33.6,888.8,-88.8,-999.9,-88.8
1300,40.5,26.3,40.4,32.6,888.8,-88.8,-999.9,-88.8
1301,37.2,26.4,40.4,31,888.8,-88.8,-999.9,-88.8
1302,34.9,26.4,40.5,29.7,888.8,-88.8,-999.9,-88.8
1303,33.5,26.5,40.5,24.3,888.8,-88.8,-999.9,-88.8
1304,32.8,26.5,40.5,24.4,888.8,-88.8,-999.9,-88.8
1305,32.3,26.5,40.5,24.5,888.8,-88.8,-999.9,-88.8
1306,32.1,26.5,40.5,24.5,888.8,-88.8,-999.9,-88.8
1307,32.2,26.5,40.5,24.8,888.8,-88.8,-999.9,-88.8
1308,32.2,26.5,40.5,25.3,888.8,-88.8,-999.9,-88.8
1309,32.3,26.5,40.5,26.6,888.8,-88.8,-999.9,-88.8
1310,32.5,26.5,40.5,28.2,888.8,-88.8,-999.9,-88.8
1311,32.6,26.5,40.5,29.7,888.8,-88.8,-999.9,-88.8
1312,32.6,26.5,40.5,30.7,888.8,-88.8,-999.9,-88.8
1313,32.4,26.5,40.5,31,888.8,-88.8,-999.9,-88.8
1314,32.2,26.5,40.5,32,888.8,-88.8,-999.9,-88.8
1315,31.7,26.5,40.5,32.8,888.8,-88.8,-999.9,-88.8
1316,31.3,26.5,40.5,33.4,888.8,-88.8,-999.9,-88.8
1317,30.4,26.5,40.4,34,888.8,-88.8,-999.9,-88.8
1318,29.6,26.5,40.5,34.3,888.8,-88.8,-999.9,-88.8
1319,29,26.5,40.4,34.9,888.8,-88.8,-999.9,-88.8
1320,28.5,26.5,40.4,35.9,888.8,-88.8,-999.9,-88.8
1321,27.9,26.5,40.4,37,888.8,-88.8,-999.9,-88.8
1322,27.3,26.5,40.4,38.4,888.8,-88.8,-999.9,-88.8
1323,26.7,26.5,40.4,39.8,888.8,-88.8,-999.9,-88.8
1324,26.2,26.5,40.4,41.2,888.8,-88.8,-999.9,-88.8
1325,25.7,26.5,40.4,42.4,888.8,-88.8,-999.9,-88.8
1326,25.3,26.5,40.4,43.4,888.8,-88.8,-999.9,-88.8
1327,25,26.5,40.4,44.2,888.8,-88.8,-999.9,-88.8
1328,24.8,26.5,40.4,45,888.8,-88.8,-999.9,-88.8
1329,24.5,26.5,40.4,45.7,888.8,-88.8,-999.9,-88.8
1330,24.2,26.5,40.4,46.3,888.8,-88.8,-999.9,-88.8
1331,24,26.5,40.4,46.7,888.8,-88.8,-999.9,-88.8
1332,23.9,26.5,40.4,47.1,888.8,-88.8,-999.9,-88.8
1333,23.8,26.5,40.4,47.4,888.8,-88.8,-999.9,-88.8
1334,23.8,26.5,40.4,47.7,888.8,-88.8,-999.9,-88.8
1335,23.9,26.5,40.4,47.7,888.8,-88.8,-999.9,-88.8
1336,24.1,26.5,40.4,47.4,888.8,-88.8,-999.9,-88.8
1337,24.6,26.5,40.4,46.7,888.8,-88.8,-999.9,-88.8
1338,25.6,26.5,40.4,46.2,888.8,-88.8,-999.9,-88.8
1339,26.8,26.5,40.4,45.7,888.8,-88.8,-999.9,-88.8
1340,28.3,26.5,40.4,45.2,888.8,-88.8,-999.9,-88.8
1341,29.8,26.5,40.4,44.5,888.8,-88.8,-999.9,-88.8
1342,30.9,26.5,40.4,43.8,888.8,-88.8,-999.9,-88.8
1343,31.6,26.5,40.4,43.1,888.8,-88.8,-999.9,-88.8
1344,32,26.5,40.4,42.3,888.8,-88.8,-999.9,-88.8
1345,32.2,26.5,40.4,41.4,888.8,-88.8,-999.9,-88.8
1346,32.2,26.5,40.4,41.1,888.8,-88.8,-999.9,-88.8
1347,32,26.5,40.4,41.2,888.8,-88.8,-999.9,-88.8
1348,31.7,26.5,40.4,41.5,888.8,-88.8,-999.9,-88.8
1349,31.3,26.5,40.4,42.1,888.8,-88.8,-999.9,-88.8
1350,31,26.5,40.4,42.9,888.8,-88.8,-999.9,-88.8
1351,30.6,26.5,40.4,43.6,888.8,-88.8,-999.9,-88.8
1352,30.2,26.5,40.4,44.2,888.8,-88.8,-999.9,-88.8
1353,29.7,26.5,40.4,44.8,888.8,-88.8,-999.9,-88.8
1354,29.4,26.5,40.4,45.2,888.8,-88.8,-999.9,-88.8
1355,29,26.5,40.4,45.6,888.8,-88.8,-999.9,-88.8
1356,28.6,26.5,40.4,46,888.8,-88.8,-999.9,-88.8
1357,28.2,26.5,40.4,46.4,888.8,-88.8,-999.9,-88.8
1358,27.8,26.5,40.4,46.7,888.8,-88.8,-999.9,-88.8
1359,27.4,26.5,40.4,47.1,888.8,-88.8,-999.9,-88.8
1400,27.1,26.5,40.4,47.5,888.8,-88.8,-999.9,-88.8
1401,26.8,26.5,40.4,47.6,888.8,-88.8,-999.9,-88.8
1402,26.6,26.5,40.4,47.2,888.8,-88.8,-999.9,-88.8
1403,26.4,26.5,40.4,46.6,888.8,-88.8,-999.9,-88.8
1404,26.2,26.5,40.4,45.9,888.8,-88.8,-999.9,-88.8
1405,26,26.5,40.4,45,888.8,-88.8,-999.9,-88.8
1406,25.8,26.5,40.3,43.9,888.8,-88.8,-999.9,-88.8
1407,25.6,26.5,40.4,42.7,888.8,-88.8,-999.9,-88.8
1408,25.5,26.5,40.3,41.5,888.8,-88.8,-999.9,-88.8
1409,25.3,26.5,40.3,40.3,888.8,-88.8,-999.9,-88.8
1410,25.1,26.5,40.4,39.1,888.8,-88.8,-999.9,-88.8
1411,24.9,26.5,40.4,37.9,888.8,-88.8,-999.9,-88.8
1412,24.7,26.5,40.4,36.3,888.8,-88.8,-999.9,-88.8
1413,24.5,26.5,40.3,35.1,888.8,-88.8,-999.9,-88.8
1414,24.3,26.5,40.3,34.4,888.8,-88.8,-999.9,-88.8
1415,24.4,26.6,40.3,34,888.8,-88.8,-999.9,-88.8
1416,25,26.5,40.4,33.5,888.8,-88.8,-999.9,-88.8
1417,27,26.5,40.4,32.3,888.8,-88.8,-999.9,-88.8
1418,32.6,26.5,40.3,25.8,888.8,-88.8,-999.9,-88.8
1419,41.6,26.5,40.3,22.8,888.8,-88.8,-999.9,-88.8
1420,49.7,26.5,40.3,21.6,888.8,-88.8,-999.9,-88.8
1421,54.7,26.5,40.3,22,888.8,-88.8,-999.9,-88.8
1422,56,26.6,40.3,24.1,888.8,-88.8,-999.9,-88.8
1423,52,26.6,40.3,29.1,888.8,-88.8,-999.9,-88.8
1424,49.7,26.7,40.3,34.1,888.8,-88.8,-999.9,-88.8
1425,50.1,26.7,40.4,39.5,888.8,-88.8,-999.9,-88.8
1426,51.6,26.8,40.6,34.9,888.8,-88.8,-999.9,-88.8
1427,53,26.8,40.6,31.8,888.8,-88.8,-999.9,-88.8
1428,53.4,26.9,40.7,31.3,888.8,-88.8,-999.9,-88.8
1429,52.7,27,40.8,31.9,888.8,-88.8,-999.9,-88.8
1430,51.9,27,40.8,33,888.8,-88.8,-999.9,-88.8
1431,51.8,27.2,41,32.7,888.8,-88.8,-999.9,-88.8
1432,52.3,27.2,41,31.5,888.8,-88.8,-999.9,-88.8
1433,52.8,27.3,41.1,31.9,888.8,-88.8,-999.9,-88.8
1434,53.2,27.4,41.2,33.1,888.8,-88.8,-999.9,-88.8
1435,53.3,27.5,41.3,33.3,888.8,-88.8,-999.9,-88.8
1436,53.2,27.6,41.3,33.9,888.8,-88.8,-999.9,-88.8
1437,53.1,27.6,41.4,35.2,888.8,-88.8,-999.9,-88.8
1438,53.2,27.8,41.5,36.6,888.8,-88.8,-999.9,-88.8
1439,53.4,27.8,41.6,37.8,888.8,-88.8,-999.9,-88.8
1440,53.6,27.9,41.6,38.7,888.8,-88.8,-999.9,-88.8
1441,53.7,28,41.7,39.4,888.8,-88.8,-999.9,-88.8
1442,53.7,28.1,41.8,40.1,888.8,-88.8,-999.9,-88.8
1443,53.6,28.2,41.9,40.5,888.8,-88.8,-999.9,-88.8
1444,53.7,28.3,42,40.4,888.8,-88.8,-999.9,-88.8
1445,53.9,28.4,42.1,40,888.8,-88.8,-999.9,-88.8
1446,54.3,28.5,42.2,39.7,888.8,-88.8,-999.9,-88.8
1447,54.4,28.6,42.4,39.6,888.8,-88.8,-999.9,-88.8
1448,54.5,28.7,42.4,39.1,888.8,-88.8,-999.9,-88.8
1449,54.6,28.8,42.5,37.6,888.8,-88.8,-999.9,-88.8
1450,54.8,28.9,42.6,36.6,888.8,-88.8,-999.9,-88.8
1451,54.7,29,42.7,36.2,888.8,-88.8,-999.9,-88.8
1452,53.9,29,42.8,36,888.8,-88.8,-999.9,-88.8
1453,52.1,29.2,42.9,35.8,888.8,-88.8,-999.9,-88.8
1454,50.8,29.2,42.9,35.6,888.8,-88.8,-999.9,-88.8
1455,49.4,29.3,43,35.4,888.8,-88.8,-999.9,-88.8
1456,47.6,29.4,43.1,35.3,888.8,-88.8,-999.9,-88.8
1457,45.5,29.4,43.3,34.9,888.8,-88.8,-999.9,-88.8
1458,44.5,29.4,43.3,34.5,888.8,-88.8,-999.9,-88.8
1459,42.9,29.5,43.4,34.2,888.8,-88.8,-999.9,-88.8
1500,40,29.5,43.4,33.9,888.8,-88.8,-999.9,-88.8
1501,37.9,29.5,43.4,33.7,888.8,-88.8,-999.9,-88.8
1502,36.7,29.5,43.4,33.3,888.8,-88.8,-999.9,-88.8
1503,36,29.4,43.4,33.2,888.8,-88.8,-999.9,-88.8
1504,35.6,29.3,43.3,32.9,888.8,-88.8,-999.9,-88.8
1505,35.4,29.2,43.3,32.8,888.8,-88.8,-999.9,-88.8
1506,35.4,29,43.4,32.7,888.8,-88.8,-999.9,-88.8
1507,35.4,29,43.4,32.4,888.8,-88.8,-999.9,-88.8
1508,35.4,28.9,43.4,32.1,888.8,-88.8,-999.9,-88.8
1509,35.3,28.8,43.3,31.8,888.8,-88.8,-999.9,-88.8
1510,35.2,28.8,43.3,31.7,888.8,-88.8,-999.9,-88.8
1511,34.9,28.8,43.3,31.6,888.8,-88.8,-999.9,-88.8
1512,34.4,28.7,43.3,31.4,888.8,-88.8,-999.9,-88.8
1513,33.9,28.7,43.3,31.2,888.8,-88.8,-999.9,-88.8
1514,33.3,28.7,43.2,31,888.8,-88.8,-999.9,-88.8
1515,32.7,28.7,43.2,30.9,888.8,-88.8,-999.9,-88.8
1516,32,28.7,43.1,30.7,888.8,-88.8,-999.9,-88.8
1517,31.2,28.7,43.1,30.7,888.8,-88.8,-999.9,-88.8
1518,30.4,28.7,43.1,30.3,888.8,-88.8,-999.9,-88.8
1519,29.7,28.7,43.1,29.8,888.8,-88.8,-999.9,-88.8
1520,29.1,28.7,43.1,29.2,888.8,-88.8,-999.9,-88.8
1521,28.6,28.7,43,28.2,888.8,-88.8,-999.9,-88.8
1522,28,28.7,43,27.3,888.8,-88.8,-999.9,-88.8
1523,27.5,28.6,43,26.9,888.8,-88.8,-999.9,-88.8
1524,27,28.6,43,26.6,888.8,-88.8,-999.9,-88.8
1525,26.6,28.6,42.9,26.7,888.8,-88.8,-999.9,-88.8
1526,26.2,28.5,42.9,26.7,888.8,-88.8,-999.9,-88.8
1527,25.7,28.5,42.9,26.8,888.8,-88.8,-999.9,-88.8
1528,25.3,28.4,42.9,27.1,888.8,-88.8,-999.9,-88.8
1529,24.9,28.2,42.9,27.7,888.8,-88.8,-999.9,-88.8
1530,24.5,28.1,42.9,28.3,888.8,-88.8,-999.9,-88.8
1531,24.1,28,42.9,29.1,888.8,-88.8,-999.9,-88.8
1532,23.7,27.9,42.9,30,888.8,-88.8,-999.9,-88.8
1533,23.3,27.8,42.9,31,888.8,-88.8,-999.9,-88.8
1534,22.9,27.8,42.9,31.8,888.8,-88.8,-999.9,-88.8
1535,22.5,27.7,42.9,32.6,888.8,-88.8,-999.9,-88.8
1536,22.2,27.7,42.9,33.2,888.8,-88.8,-999.9,-88.8
1537,21.8,27.7,42.9,33.7,888.8,-88.8,-999.9,-88.8
1538,21.4,27.7,42.9,34.4,888.8,-88.8,-999.9,-88.8
1539,21,27.7,42.9,35.3,888.8,-88.8,-999.9,-88.8
1540,20.7,27.7,42.9,35.8,888.8,-88.8,-999.9,-88.8
1541,20.5,27.6,42.9,36.4,888.8,-88.8,-999.9,-88.8
1542,20.2,27.6,42.9,37.1,888.8,-88.8,-999.9,-88.8
1543,19.8,27.6,42.9,37.6,888.8,-88.8,-999.9,-88.8
1544,19.5,27.7,42.9,38.2,888.8,-88.8,-999.9,-88.8
1545,19.2,27.6,42.9,38.7,888.8,-88.8,-999.9,-88.8
1546,18.9,27.6,42.9,39.1,888.8,-88.8,-999.9,-88.8
1547,18.6,27.7,42.9,39.6,888.8,-88.8,-999.9,-88.8
1548,18.3,27.6,42.9,40.2,888.8,-88.8,-999.9,-88.8
1549,18,27.6,42.9,40.6,888.8,-88.8,-999.9,-88.8
1550,17.7,27.6,42.8,40.6,888.8,-88.8,-999.9,-88.8
1551,17.4,27.6,42.9,40.2,888.8,-88.8,-999.9,-88.8
1552,17.1,27.6,42.9,39.9,888.8,-88.8,-999.9,-88.8
1553,16.8,27.6,42.9,39.5,888.8,-88.8,-999.9,-88.8
1554,16.5,27.6,42.9,39.3,888.8,-88.8,-999.9,-88.8
1555,16.3,27.7,42.9,38.8,888.8,-88.8,-999.9,-88.8
1556,16,27.7,42.9,38.4,888.8,-88.8,-999.9,-88.8
1557,15.7,27.7,42.8,38,888.8,-88.8,-999.9,-88.8
1558,15.4,27.7,42.8,37.5,888.8,-88.8,-999.9,-88.8
1559,15.2,27.7,42.8,37.2,888.8,-88.8,-999.9,-88.8
1600,14.8,27.7,42.8,36.7,888.8,-88.8,-999.9,-88.8
1601,14.6,27.7,42.8,36.3,888.8,-88.8,-999.9,-88.8
1602,14.3,27.6,42.8,35.9,888.8,-88.8,-999.9,-88.8
1603,14.1,27.7,42.9,35.6,888.8,-88.8,-999.9,-88.8
1604,13.8,27.7,42.8,35.3,888.8,-88.8,-999.9,-88.8
1605,13.6,27.7,42.8,35,888.8,-88.8,-999.9,-88.8
1606,13.3,27.7,42.7,34.6,888.8,-88.8,-999.9,-88.8
1607,13,27.7,42.8,34.4,888.8,-88.8,-999.9,-88.8
1608,12.8,27.7,42.8,34,888.8,-88.8,-999.9,-88.8
1609,12.6,27.7,42.7,33.9,888.8,-88.8,-999.9,-88.8
1610,12.3,27.7,42.8,33.7,888.8,-88.8,-999.9,-88.8
1611,12.1,27.7,42.8,33.3,888.8,-88.8,-999.9,-88.8
1612,11.9,27.7,42.7,33,888.8,-88.8,-999.9,-88.8
1613,11.6,27.7,42.7,32.8,888.8,-88.8,-999.9,-88.8
1614,11.4,27.7,42.8,32.6,888.8,-88.8,-999.9,-88.8
1615,11.2,27.7,42.7,32.4,888.8,-88.8,-999.9,-88.8
1616,11,27.7,42.7,32.2,888.8,-88.8,-999.9,-88.8
1617,10.8,27.7,42.7,32,888.8,-88.8,-999.9,-88.8
1618,10.6,27.7,42.7,31.8,888.8,-88.8,-999.9,-88.8
1619,10.4,27.7,42.7,31.8,888.8,-88.8,-999.9,-88.8
1620,10.1,27.7,42.7,31.7,888.8,-88.8,-999.9,-88.8
1621,10,27.8,42.7,31.4,888.8,-88.8,-999.9,-88.8
1622,9.8,27.7,42.6,31.1,888.8,-88.8,-999.9,-88.8
1623,9.6,27.8,42.6,31,888.8,-88.8,-999.9,-88.8
1624,9.4,27.8,42.6,30.9,888.8,-88.8,-999.9,-88.8
1625,9.2,27.8,42.6,30.8,888.8,-88.8,-999.9,-88.8
1626,9,27.8,42.6,30.7,888.8,-88.8,-999.9,-88.8
1627,8.8,27.8,42.6,30.5,888.8,-88.8,-999.9,-88.8
1628,8.6,27.8,42.5,30.4,888.8,-88.8,-999.9,-88.8
1629,8.4,27.8,42.5,30.2,888.8,-88.8,-999.9,-88.8
1630,8.3,27.8,42.5,30.3,888.8,-88.8,-999.9,-88.8
1631,8.1,27.8,42.5,30.3,888.8,-88.8,-999.9,-88.8
1632,7.9,27.8,42.5,30,888.8,-88.8,-999.9,-88.8
1633,7.8,27.8,42.5,29.9,888.8,-88.8,-999.9,-88.8
1634,7.6,27.8,42.5,29.9,888.8,-88.8,-999.9,-88.8
1635,7.4,27.8,42.5,29.9,888.8,-88.8,-999.9,-88.8
1636,7.3,27.8,42.5,29.8,888.8,-88.8,-999.9,-88.8
1637,7.1,27.8,42.5,29.6,888.8,-88.8,-999.9,-88.8
1638,6.9,27.8,42.4,29.5,888.8,-88.8,-999.9,-88.8
1639,6.7,27.8,42.4,29.5,888.8,-88.8,-999.9,-88.8
1640,6.6,27.8,42.4,29.2,888.8,-88.8,-999.9,-88.8
1641,6.5,27.8,42.4,29.5,888.8,-88.8,-999.9,-88.8
1642,6.3,27.8,42.4,30,888.8,-88.8,-999.9,-88.8
1643,6.1,27.8,42.4,30.8,888.8,-88.8,-999.9,-88.8
1644,6,27.8,42.4,31.8,888.8,-88.8,-999.9,-88.8
1645,5.8,27.8,42.4,33,888.8,-88.8,-999.9,-88.8
1646,5.7,27.8,42.4,34.1,888.8,-88.8,-999.9,-88.8
1647,5.5,27.8,42.4,35.1,888.8,-88.8,-999.9,-88.8
1648,5.4,27.8,42.4,35.9,888.8,-88.8,-999.9,-88.8
1649,5.3,27.8,42.4,36.7,888.8,-88.8,-999.9,-88.8
1650,5.1,27.8,42.4,37.5,888.8,-88.8,-999.9,-88.8
1651,5,27.8,42.4,38.2,888.8,-88.8,-999.9,-88.8
1652,4.9,27.8,42.4,38.8,888.8,-88.8,-999.9,-88.8
1653,4.7,27.8,42.4,38.6,888.8,-88.8,-999.9,-88.8
1654,4.6,27.8,42.3,38.2,888.8,-88.8,-999.9,-88.8
1655,4.5,27.8,42.4,38,888.8,-88.8,-999.9,-88.8
1656,4.4,27.8,42.3,37.9,888.8,-88.8,-999.9,-88.8
1657,4.2,27.8,42.4,37.5,888.8,-88.8,-999.9,-88.8
1658,4.1,27.9,42.4,37.2,888.8,-88.8,-999.9,-88.8
1659,4,27.9,42.4,36.7,888.8,-88.8,-999.9,-88.8
1700,3.9,27.9,42.4,36.2,888.8,-88.8,-999.9,-88.8
1701,3.8,27.9,42.4,35.8,888.8,-88.8,-999.9,-88.8
1702,3.7,27.9,42.4,35.4,888.8,-88.8,-999.9,-88.8
1703,3.6,27.9,42.4,35.2,888.8,-88.8,-999.9,-88.8
1704,3.5,27.9,42.4,35.1,888.8,-88.8,-999.9,-88.8
1705,3.4,27.9,42.3,34.5,888.8,-88.8,-999.9,-88.8
1706,3.3,27.9,42.4,34.3,888.8,-88.8,-999.9,-88.8
1707,3.2,27.9,42.3,34,888.8,-88.8,-999.9,-88.8
1708,3.1,27.9,42.3,33.9,888.8,-88.8,-999.9,-88.8
1709,3,27.9,42.3,33.6,888.8,-88.8,-999.9,-88.8
1710,2.9,27.9,42.3,33.3,888.8,-88.8,-999.9,-88.8
1711,2.8,27.9,42.3,33,888.8,-88.8,-999.9,-88.8
1712,2.7,27.9,42.3,32.7,888.8,-88.8,-999.9,-88.8
1713,2.7,27.9,42.3,32.2,888.8,-88.8,-999.9,-88.8
1714,2.6,27.9,42.3,32.4,888.8,-88.8,-999.9,-88.8
1715,2.5,27.9,42.3,32.8,888.8,-88.8,-999.9,-88.8
1716,2.4,27.9,42.3,33.5,888.8,-88.8,-999.9,-88.8
1717,2.3,27.9,42.3,34.3,888.8,-88.8,-999.9,-88.8
1718,2.3,27.9,42.3,35.2,888.8,-88.8,-999.9,-88.8
1719,2.2,27.9,42.3,36.2,888.8,-88.8,-999.9,-88.8
1720,2.1,27.9,42.3,37,888.8,-88.8,-999.9,-88.8
1721,2.1,27.9,42.3,37.7,888.8,-88.8,-999.9,-88.8
1722,2,27.9,42.3,38.3,888.8,-88.8,-999.9,-88.8
1723,1.9,27.9,42.3,39,888.8,-88.8,-999.9,-88.8
1724,1.8,27.9,42.3,39.3,888.8,-88.8,-999.9,-88.8
1725,1.8,27.9,42.3,39,888.8,-88.8,-999.9,-88.8
1726,1.7,27.9,42.3,39,888.8,-88.8,-999.9,-88.8
1727,1.6,27.9,42.3,34.8,888.8,-88.8,-999.9,-88.8
1728,1.6,27.9,42.3,34.5,888.8,-88.8,-999.9,-88.8
1729,1.5,27.9,42.3,35.3,888.8,-88.8,-999.9,-88.8
1730,1.5,28,42.3,35.7,888.8,-88.8,-999.9,-88.8
1731,1.4,28,42.3,35.2,888.8,-88.8,-999.9,-88.8
1732,1.3,28,42.2,35,888.8,-88.8,-999.9,-88.8
1733,1.3,28,42.3,36.5,888.8,-88.8,-999.9,-88.8
1734,1.2,28,42.3,37.4,888.8,-88.8,-999.9,-88.8
1735,1.2,28,42.3,36.8,888.8,-88.8,-999.9,-88.8
1736,1.1,28,42.3,36.3,888.8,-88.8,-999.9,-88.8
1737,1.1,28,42.3,35.8,888.8,-88.8,-999.9,-88.8
1738,1,28,42.3,35.3,888.8,-88.8,-999.9,-88.8
1739,1,28,42.3,34.9,888.8,-88.8,-999.9,-88.8
1740,0.9,28,42.3,34.5,888.8,-88.8,-999.9,-88.8
1741,0.9,28,42.3,34.2,888.8,-88.8,-999.9,-88.8
1742,0.8,28,42.3,34.9,888.8,-88.8,-999.9,-88.8
1743,0.8,28,42.3,34.9,888.8,-88.8,-999.9,-88.8
1744,0.7,28,42.3,34.2,888.8,-88.8,-999.9,-88.8
1745,0.7,28,42.3,33.7,888.8,-88.8,-999.9,-88.8
1746,0.6,28,42.3,33.4,888.8,-88.8,-999.9,-88.8
1747,0.6,28,42.3,33.1,888.8,-88.8,-999.9,-88.8
1748,0.5,27.9,42.2,32.8,888.8,-88.8,-999.9,-88.8
1749,0.5,27.9,42.2,32.5,888.8,-88.8,-999.9,-88.8
1750,0.5,28,42.2,32.2,888.8,-88.8,-999.9,-88.8
1751,0.4,27.9,42.2,32,888.8,-88.8,-999.9,-88.8
1752,0.4,28,42.2,32.6,888.8,-88.8,-999.9,-88.8
1753,0.4,28,42.2,33.5,888.8,-88.8,-999.9,-88.8
1754,0.3,28,42.2,34,888.8,-88.8,-999.9,-88.8
1755,0.3,28,42.2,34.7,888.8,-88.8,-999.9,-88.8
1756,0.3,27.9,42.2,35.1,888.8,-88.8,-999.9,-88.8
1757,0.2,27.9,42.1,34.2,888.8,-88.8,-999.9,-88.8
1758,0.1,27.8,42.2,33.8,888.8,-88.8,-999.9,-88.8
1759,0.1,27.8,42.1,33.4,888.8,-88.8,-999.9,-88.8
1800,0.1,27.8,42.1,33.1,888.8,-88.8,-999.9,-88.8
1801,0,27.8,42.1,32.8,888.8,-88.8,-999.9,-88.8
1802,0,27.7,42.1,33.5,888.8,-88.8,-999.9,-88.8
1803,0,27.7,42.1,34.8,888.8,-88.8,-999.9,-88.8
1804,0,27.7,42.1,35.5,888.8,-88.8,-999.9,-88.8
1805,0,27.7,42.1,35.7,888.8,-88.8,-999.9,-88.8
1806,0,27.7,42.1,35,888.8,-88.8,-999.9,-88.8
1807,0,27.7,42.1,34.4,888.8,-88.8,-999.9,-88.8
1808,-0.1,27.7,42.1,34.1,888.8,-88.8,-999.9,-88.8
1809,-0.1,27.6,42.2,33.8,888.8,-88.8,-999.9,-88.8
1810,-0.1,27.4,42.1,33.4,888.8,-88.8,-999.9,-88.8
1811,-0.1,27.1,42,33.2,888.8,-88.8,-999.9,-88.8
1812,-0.2,26.9,41.8,34,888.8,-88.8,-999.9,-88.8
1813,-0.2,26.5,41.5,35.2,888.8,-88.8,-999.9,-88.8
1814,-0.2,26.2,41.2,35.7,888.8,-88.8,-999.9,-88.8
1815,-0.3,25.9,40.9,35.1,888.8,-88.8,-999.9,-88.8
1816,-0.3,25.5,40.5,34.6,888.8,-88.8,-999.9,-88.8
1817,-0.3,25.2,40.2,34.3,888.8,-88.8,-999.9,-88.8
1818,-0.4,24.8,39.8,33.9,888.8,-88.8,-999.9,-88.8
1819,-0.4,24.5,39.3,33.5,888.8,-88.8,-999.9,-88.8
1820,-0.4,24.2,39,33.2,888.8,-88.8,-999.9,-88.8
1821,-0.5,23.9,38.6,33,888.8,-88.8,-999.9,-88.8
1822,-0.5,23.7,38.3,33.9,888.8,-88.8,-999.9,-88.8
1823,-0.5,23.6,38.1,34.9,888.8,-88.8,-999.9,-88.8
1824,-0.6,23.5,38,35.4,888.8,-88.8,-999.9,-88.8
1825,-0.6,23.4,37.9,35.9,888.8,-88.8,-999.9,-88.8
1826,-0.6,23.3,37.9,35.4,888.8,-88.8,-999.9,-88.8
1827,-0.7,23.3,37.8,34.8,888.8,-88.8,-999.9,-88.8
1828,-0.7,23.2,37.8,34.4,888.8,-88.8,-999.9,-88.8
1829,-0.8,23.2,37.8,34,888.8,-88.8,-999.9,-88.8
1830,-0.8,23.1,37.8,33.7,888.8,-88.8,-999.9,-88.8
1831,-0.8,23.1,37.7,33.4,888.8,-88.8,-999.9,-88.8
1832,-0.8,23.1,37.7,34.2,888.8,-88.8,-999.9,-88.8
1833,-0.9,23.1,37.7,35.4,888.8,-88.8,-999.9,-88.8
1834,-0.9,23.1,37.7,35.9,888.8,-88.8,-999.9,-88.8
1835,-0.9,23.1,37.7,36.4,888.8,-88.8,-999.9,-88.8
1836,-1,23.1,37.7,37,888.8,-88.8,-999.9,-88.8
1837,-1.1,23.1,37.7,37.6,888.8,-88.8,-999.9,-88.8
1838,-1.1,23.1,37.7,38.2,888.8,-88.8,-999.9,-88.8
1839,-1.1,23,37.7,38.8,888.8,-88.8,-999.9,-88.8
1840,-1.1,23,37.7,39.2,888.8,-88.8,-999.9,-88.8
1841,-1.2,23,37.7,38.1,888.8,-88.8,-999.9,-88.8
1842,-1.2,23,37.6,38.3,888.8,-88.8,-999.9,-88.8
1843,-1.3,23,37.6,37.9,888.8,-88.8,-999.9,-88.8
1844,-1.3,23,37.6,37.2,888.8,-88.8,-999.9,-88.8
1845,-1.3,23,37.6,36.6,888.8,-88.8,-999.9,-88.8
1846,-1.3,23,37.6,36.2,888.8,-88.8,-999.9,-88.8
1847,-1.4,23,37.6,36,888.8,-88.8,-999.9,-88.8
1848,-1.4,23,37.6,35.7,888.8,-88.8,-999.9,-88.8
1849,-1.4,23,37.5,35.3,888.8,-88.8,-999.9,-88.8
1850,-1.5,23,37.5,35,888.8,-88.8,-999.9,-88.8
1851,-1.5,23,37.6,34.7,888.8,-88.8,-999.9,-88.8
1852,-1.5,23,37.6,35.1,888.8,-88.8,-999.9,-88.8
1853,-1.5,23,37.6,35.2,888.8,-88.8,-999.9,-88.8
1854,-1.6,23,37.5,34.4,888.8,-88.8,-999.9,-88.8
1855,-1.6,23,37.5,34,888.8,-88.8,-999.9,-88.8
1856,-1.6,23,37.5,33.6,888.8,-88.8,-999.9,-88.8
1857,-1.7,23,37.5,33.3,888.8,-88.8,-999.9,-88.8
1858,-1.8,23,37.5,32.9,888.8,-88.8,-999.9,-88.8
1859,-1.8,23,37.5,32.6,888.8,-88.8,-999.9,-88.8
1900,-1.8,23,37.5,32.3,888.8,-88.8,-999.9,-88.8
1901,-1.9,23,37.5,28.3,888.8,-88.8,-999.9,-88.8
1902,-1.9,23,37.5,27,888.8,-88.8,-999.9,-88.8
1903,-1.9,23,37.5,26.6,888.8,-88.8,-999.9,-88.8
1904,-1.9,23,37.5,26.3,888.8,-88.8,-999.9,-88.8
1905,-1.9,23,37.5,26.1,888.8,-88.8,-999.9,-88.8
1906,-1.9,23,37.5,31.3,888.8,-88.8,-999.9,-88.8
1907,-2,23,37.5,31,888.8,-88.8,-999.9,-88.8
1908,-2.1,23,37.5,31.7,888.8,-88.8,-999.9,-88.8
1909,-2.1,23,37.5,32.1,888.8,-88.8,-999.9,-88.8
1910,-2.1,23,37.5,32.5,888.8,-88.8,-999.9,-88.8
1911,-2.1,23,37.5,33,888.8,-88.8,-999.9,-88.8
1912,-2.1,23,37.5,33.6,888.8,-88.8,-999.9,-88.8
1913,-2.2,22.9,37.4,34.2,888.8,-88.8,-999.9,-88.8
1914,-2.2,22.9,37.4,34.7,888.8,-88.8,-999.9,-88.8
1915,-2.2,22.9,37.3,35.3,888.8,-88.8,-999.9,-88.8
1916,-2.2,22.8,37.3,35.9,888.8,-88.8,-999.9,-88.8
1917,-2.3,22.8,37.2,36.3,888.8,-88.8,-999.9,-88.8
1918,-2.3,22.7,37.2,36.8,888.8,-88.8,-999.9,-88.8
1919,-2.3,22.7,37.2,37.2,888.8,-88.8,-999.9,-88.8
1920,-2.3,22.7,37.2,37.6,888.8,-88.8,-999.9,-88.8
1921,-2.3,22.6,37.1,38,888.8,-88.8,-999.9,-88.8
1922,-2.4,22.6,37.1,37.9,888.8,-88.8,-999.9,-88.8
1923,-2.4,22.5,37.1,37.2,888.8,-88.8,-999.9,-88.8
1924,-2.4,22.5,37.1,36.9,888.8,-88.8,-999.9,-88.8
1925,-2.4,22.5,37.1,36.7,888.8,-88.8,-999.9,-88.8
1926,-2.4,22.5,37,36.5,888.8,-88.8,-999.9,-88.8
1927,-2.5,22.5,37,36.4,888.8,-88.8,-999.9,-88.8
1928,-2.5,22.5,37,36.3,888.8,-88.8,-999.9,-88.8
1929,-2.5,22.5,37,36.2,888.8,-88.8,-999.9,-88.8
1930,-2.6,22.5,37,36,888.8,-88.8,-999.9,-88.8
1931,-2.6,22.5,37,35.8,888.8,-88.8,-999.9,-88.8
1932,-2.6,22.5,37,35.7,888.8,-88.8,-999.9,-88.8
1933,-2.6,22.5,37,35.5,888.8,-88.8,-999.9,-88.8
1934,-2.6,22.4,37,35.2,888.8,-88.8,-999.9,-88.8
1935,-2.6,22.5,37,35,888.8,-88.8,-999.9,-88.8
1936,-2.7,22.5,37,34.8,888.8,-88.8,-999.9,-88.8
1937,-2.7,22.4,37,34.6,888.8,-88.8,-999.9,-88.8
1938,-2.7,22.4,37,34.5,888.8,-88.8,-999.9,-88.8
1939,-2.7,22.4,37,34.9,888.8,-88.8,-999.9,-88.8
1940,-2.7,22.4,37,35.6,888.8,-88.8,-999.9,-88.8
1941,-2.7,22.4,37,36,888.8,-88.8,-999.9,-88.8
1942,-2.8,22.4,37,36.4,888.8,-88.8,-999.9,-88.8
1943,-2.8,22.4,36.9,36.7,888.8,-88.8,-999.9,-88.8
1944,-2.8,22.4,36.9,36.6,888.8,-88.8,-999.9,-88.8
1945,-2.8,22.5,36.9,36.2,888.8,-88.8,-999.9,-88.8
1946,-2.8,22.4,37,36.1,888.8,-88.8,-999.9,-88.8
1947,-2.9,22.5,36.9,35.8,888.8,-88.8,-999.9,-88.8
1948,-2.9,22.5,37,35.7,888.8,-88.8,-999.9,-88.8
1949,-2.9,22.5,36.9,35.5,888.8,-88.8,-999.9,-88.8
1950,-2.9,22.4,36.9,35.4,888.8,-88.8,-999.9,-88.8
1951,-2.9,22.5,36.9,36,888.8,-88.8,-999.9,-88.8
1952,-2.9,22.5,36.9,36.7,888.8,-88.8,-999.9,-88.8
1953,-2.9,22.5,37,37,888.8,-88.8,-999.9,-88.8
1954,-3,22.5,36.9,37.4,888.8,-88.8,-999.9,-88.8
1955,-3,22.4,36.9,37.8,888.8,-88.8,-999.9,-88.8
1956,-3,22.5,36.9,38.1,888.8,-88.8,-999.9,-88.8
1957,-3,22.5,36.9,38.5,888.8,-88.8,-999.9,-88.8
1958,-3,22.4,36.9,38.8,888.8,-88.8,-999.9,-88.8
1959,-3,22.4,36.8,39.3,888.8,-88.8,-999.9,-88.8
2000,-3.1,22.4,36.8,39.6,888.8,-88.8,-999.9,-88.8
2001,-3,22.3,36.8,39.8,888.8,-88.8,-999.9,-88.8
2002,-3.1,22.3,36.8,40.2,888.8,-88.8,-999.9,-88.8
2003,-3.1,22.3,36.7,40.5,888.8,-88.8,-999.9,-88.8
2004,-3.1,22.2,36.6,40.8,888.8,-88.8,-999.9,-88.8
2005,-3.1,22.2,36.6,41.1,888.8,-88.8,-999.9,-88.8
2006,-3.1,22.1,36.5,41.4,888.8,-88.8,-999.9,-88.8
2007,-3.2,22,36.5,41.7,888.8,-88.8,-999.9,-88.8
2008,-3.2,21.9,36.4,41.9,888.8,-88.8,-999.9,-88.8
2009,-3.2,21.9,36.4,41.1,888.8,-88.8,-999.9,-88.8
2010,-3.2,21.8,36.4,40.7,888.8,-88.8,-999.9,-88.8
2011,-3.3,21.8,36.3,40.4,888.8,-88.8,-999.9,-88.8
2012,-3.3,21.7,36.3,40.1,888.8,-88.8,-999.9,-88.8
2013,-3.3,21.6,36.3,39.8,888.8,-88.8,-999.9,-88.8
2014,-3.3,21.7,36.3,39.8,888.8,-88.8,-999.9,-88.8
2015,-3.3,21.6,36.3,40.4,888.8,-88.8,-999.9,-88.8
2016,-3.3,21.6,36.2,40.6,888.8,-88.8,-999.9,-88.8
2017,-3.3,21.5,36.2,40.7,888.8,-88.8,-999.9,-88.8
2018,-3.3,21.5,36.2,40.9,888.8,-88.8,-999.9,-88.8
2019,-3.3,21.5,36.2,41.1,888.8,-88.8,-999.9,-88.8
2020,-3.3,21.5,36.2,41.3,888.8,-88.8,-999.9,-88.8
2021,-3.3,21.6,36.2,41.6,888.8,-88.8,-999.9,-88.8
2022,-3.4,21.5,36.2,41.2,888.8,-88.8,-999.9,-88.8
2023,-3.4,21.5,36.2,40.6,888.8,-88.8,-999.9,-88.8
2024,-3.4,21.5,36.2,40.3,888.8,-88.8,-999.9,-88.8
2025,-3.4,21.5,36.2,40,888.8,-88.8,-999.9,-88.8
2026,-3.4,21.5,36.1,40.5,888.8,-88.8,-999.9,-88.8
2027,-3.4,21.5,36.1,41.2,888.8,-88.8,-999.9,-88.8
2028,-3.4,21.5,36.1,41.4,888.8,-88.8,-999.9,-88.8
2029,-3.4,21.5,36.1,41.6,888.8,-88.8,-999.9,-88.8
2030,-3.4,21.5,36.1,41.9,888.8,-88.8,-999.9,-88.8
2031,-3.4,21.5,36.1,42.1,888.8,-88.8,-999.9,-88.8
2032,-3.4,21.5,36.1,42.2,888.8,-88.8,-999.9,-88.8
2033,-3.4,21.5,36.1,42.5,888.8,-88.8,-999.9,-88.8
2034,-3.4,21.5,36.1,42.9,888.8,-88.8,-999.9,-88.8
2035,-3.4,21.5,36.1,43.2,888.8,-88.8,-999.9,-88.8
2036,-3.4,21.5,36.1,43.5,888.8,-88.8,-999.9,-88.8
2037,-3.4,21.5,36.1,43.7,888.8,-88.8,-999.9,-88.8
2038,-3.4,21.5,36.1,44,888.8,-88.8,-999.9,-88.8
2039,-3.4,21.5,36.1,44.2,888.8,-88.8,-999.9,-88.8
2040,-3.4,21.5,36.1,44.4,888.8,-88.8,-999.9,-88.8
2041,-3.4,21.5,36.1,44.6,888.8,-88.8,-999.9,-88.8
2042,-3.3,21.5,36.1,44.9,888.8,-88.8,-999.9,-88.8
2043,-3.3,21.5,36.1,45,888.8,-88.8,-999.9,-88.8
2044,-3.3,21.5,36.1,45.2,888.8,-88.8,-999.9,-88.8
2045,-3.3,21.5,36.1,45.4,888.8,-88.8,-999.9,-88.8
2046,-3.3,21.6,36.1,45.2,888.8,-88.8,-999.9,-88.8
2047,-3.2,21.5,36.1,44.2,888.8,-88.8,-999.9,-88.8
2048,-3.3,21.5,36,43.7,888.8,-88.8,-999.9,-88.8
2049,-3.2,21.5,36.1,43.3,888.8,-88.8,-999.9,-88.8
2050,-3.3,21.5,36,42.8,888.8,-88.8,-999.9,-88.8
2051,-3.2,21.6,36,42.4,888.8,-88.8,-999.9,-88.8
2052,-3.2,21.6,36,43.6,888.8,-88.8,-999.9,-88.8
2053,-3.1,21.6,36,44.3,888.8,-88.8,-999.9,-88.8
2054,-3.1,21.6,36.1,44.5,888.8,-88.8,-999.9,-88.8
2055,-3.1,21.6,36,44.9,888.8,-88.8,-999.9,-88.8
2056,-3.1,21.6,36,45.1,888.8,-88.8,-999.9,-88.8
2057,-3.1,21.6,36,44.1,888.8,-88.8,-999.9,-88.8
2058,-3.1,21.6,36,43.2,888.8,-88.8,-999.9,-88.8
2059,-3,21.6,36,42.8,888.8,-88.8,-999.9,-88.8
2100,-3.1,21.6,36,42.3,888.8,-88.8,-999.9,-88.8
2101,-3,21.6,36,42.3,888.8,-88.8,-999.9,-88.8
2102,-3,21.6,36,43.5,888.8,-88.8,-999.9,-88.8
2103,-3,21.6,36,44,888.8,-88.8,-999.9,-88.8
2104,-3,21.6,36,44.4,888.8,-88.8,-999.9,-88.8
2105,-3,21.6,36,44.8,888.8,-88.8,-999.9,-88.8
2106,-3,21.6,36,45.2,888.8,-88.8,-999.9,-88.8
2107,-3,21.6,36,45.6,888.8,-88.8,-999.9,-88.8
2108,-3,21.6,36,45.3,888.8,-88.8,-999.9,-88.8
2109,-3,21.6,36,44.2,888.8,-88.8,-999.9,-88.8
2110,-3,21.6,36,43.7,888.8,-88.8,-999.9,-88.8
2111,-3.1,21.6,36,43.3,888.8,-88.8,-999.9,-88.8
2112,-3,21.6,35.9,42.8,888.8,-88.8,-999.9,-88.8
2113,-3.1,21.7,36,42.3,888.8,-88.8,-999.9,-88.8
2114,-3.1,21.6,36,42.5,888.8,-88.8,-999.9,-88.8
2115,-3.1,21.6,36,43.7,888.8,-88.8,-999.9,-88.8
2116,-3.1,21.6,35.9,44.2,888.8,-88.8,-999.9,-88.8
2117,-3.1,21.6,35.9,44.5,888.8,-88.8,-999.9,-88.8
2118,-3.1,21.7,35.9,45,888.8,-88.8,-999.9,-88.8
2119,-3.1,21.7,35.9,45,888.8,-88.8,-999.9,-88.8
2120,-3.1,21.6,35.9,43.9,888.8,-88.8,-999.9,-88.8
2121,-3.1,21.6,35.9,43.4,888.8,-88.8,-999.9,-88.8
2122,-3.1,21.7,35.9,43,888.8,-88.8,-999.9,-88.8
2123,-3.1,21.7,35.9,42.6,888.8,-88.8,-999.9,-88.8
2124,-3.1,21.7,35.9,42.2,888.8,-88.8,-999.9,-88.8
2125,-3.2,21.7,35.9,41.9,888.8,-88.8,-999.9,-88.8
2126,-3.2,21.7,35.9,43,888.8,-88.8,-999.9,-88.8
2127,-3.2,21.7,35.9,43.9,888.8,-88.8,-999.9,-88.8
2128,-3.2,21.7,35.9,44.2,888.8,-88.8,-999.9,-88.8
2129,-3.2,21.7,35.9,44.6,888.8,-88.8,-999.9,-88.8
2130,-3.2,21.7,35.9,45,888.8,-88.8,-999.9,-88.8
2131,-3.2,21.7,35.9,44.1,888.8,-88.8,-999.9,-88.8
2132,-3.2,21.7,35.9,43.4,888.8,-88.8,-999.9,-88.8
2133,-3.2,21.8,35.9,43,888.8,-88.8,-999.9,-88.8
2134,-3.2,21.7,35.9,42.7,888.8,-88.8,-999.9,-88.8
2135,-3.2,21.7,35.9,42.3,888.8,-88.8,-999.9,-88.8
2136,-3.3,21.8,35.9,41.9,888.8,-88.8,-999.9,-88.8
2137,-3.3,21.7,35.9,42.1,888.8,-88.8,-999.9,-88.8
2138,-3.3,21.8,35.8,43.4,888.8,-88.8,-999.9,-88.8
2139,-3.3,21.8,35.9,43.9,888.8,-88.8,-999.9,-88.8
2140,-3.3,21.8,35.9,44.2,888.8,-88.8,-999.9,-88.8
2141,-3.3,21.8,35.9,43.5,888.8,-88.8,-999.9,-88.8
2142,-3.3,21.8,35.9,42.8,888.8,-88.8,-999.9,-88.8
2143,-3.2,21.8,35.9,42.5,888.8,-88.8,-999.9,-88.8
2144,-3.2,21.8,35.9,42.1,888.8,-88.8,-999.9,-88.8
2145,-3.2,21.8,35.9,41.8,888.8,-88.8,-999.9,-88.8
2146,-3.2,21.8,35.9,41.5,888.8,-88.8,-999.9,-88.8
2147,-3.2,21.8,35.8,41.2,888.8,-88.8,-999.9,-88.8
2148,-3.2,21.8,35.9,41,888.8,-88.8,-999.9,-88.8
2149,-3.1,21.8,35.8,40.7,888.8,-88.8,-999.9,-88.8
2150,-3.1,21.8,35.9,40.5,888.8,-88.8,-999.9,-88.8
2151,-3.1,21.8,35.8,40.3,888.8,-88.8,-999.9,-88.8
2152,-3.1,21.8,35.8,40,888.8,-88.8,-999.9,-88.8
2153,-3.1,21.8,35.9,39.8,888.8,-88.8,-999.9,-88.8
2154,-3,21.8,35.9,39.6,888.8,-88.8,-999.9,-88.8
2155,-3,21.8,35.8,39.3,888.8,-88.8,-999.9,-88.8
2156,-2.9,21.8,35.8,39.2,888.8,-88.8,-999.9,-88.8
2157,-2.9,21.8,35.8,40.4,888.8,-88.8,-999.9,-88.8
2158,-2.9,21.8,35.8,41.2,888.8,-88.8,-999.9,-88.8
2159,-2.8,21.9,35.8,41.8,888.8,-88.8,-999.9,-88.8
2200,-2.8,21.9,35.8,41,888.8,-88.8,-999.9,-88.8
2201,-2.8,21.9,35.8,40.5,888.8,-88.8,-999.9,-88.8
2202,-2.8,21.9,35.8,40.2,888.8,-88.8,-999.9,-88.8
2203,-2.7,21.9,35.8,38.2,888.8,-88.8,-999.9,-88.8
2204,-2.7,21.8,35.8,36.6,888.8,-88.8,-999.9,-88.8
2205,-2.6,21.9,35.8,35.5,888.8,-88.8,-999.9,-88.8
2206,-2.6,21.9,35.8,35.4,888.8,-88.8,-999.9,-88.8
2207,-2.6,21.9,35.8,35,888.8,-88.8,-999.9,-88.8
2208,-2.6,21.9,35.8,34.2,888.8,-88.8,-999.9,-88.8
2209,-2.5,21.9,35.8,32.5,888.8,-88.8,-999.9,-88.8
2210,-2.5,21.9,35.8,31.6,888.8,-88.8,-999.9,-88.8
2211,-2.5,21.9,35.8,30.5,888.8,-88.8,-999.9,-88.8
2212,-2.5,21.9,35.8,28.7,888.8,-88.8,-999.9,-88.8
2213,-2.4,21.9,35.8,27.5,888.8,-88.8,-999.9,-88.8
2214,-2.4,21.9,35.8,26.7,888.8,-88.8,-999.9,-88.8
2215,-2.4,21.9,35.8,26.2,888.8,-88.8,-999.9,-88.8
2216,-2.4,21.9,35.8,25.9,888.8,-88.8,-999.9,-88.8
2217,-2.4,21.9,35.8,25.7,888.8,-88.8,-999.9,-88.8
2218,-2.4,22,35.8,25.6,888.8,-88.8,-999.9,-88.8
2219,-2.4,21.9,35.8,25.6,888.8,-88.8,-999.9,-88.8
2220,-2.4,21.9,35.8,25.4,888.8,-88.8,-999.9,-88.8
2221,-2.3,21.9,35.8,25.4,888.8,-88.8,-999.9,-88.8
2222,-2.3,21.9,35.8,25.3,888.8,-88.8,-999.9,-88.8
2223,-2.3,21.9,35.8,25.3,888.8,-88.8,-999.9,-88.8
2224,-2.3,21.9,35.8,25.1,888.8,-88.8,-999.9,-88.8
2225,-2.3,21.9,35.8,25,888.8,-88.8,-999.9,-88.8
2226,-2.3,22,35.8,25,888.8,-88.8,-999.9,-88.8
2227,-2.3,21.9,35.8,24.9,888.8,-88.8,-999.9,-88.8
2228,-2.3,22,35.8,24.9,888.8,-88.8,-999.9,-88.8
2229,-2.2,21.9,35.8,24.9,888.8,-88.8,-999.9,-88.8
2230,-2.2,22,35.8,24.8,888.8,-88.8,-999.9,-88.8
2231,-2.2,22,35.8,24.7,888.8,-88.8,-999.9,-88.8
2232,-2.2,22,35.8,24.6,888.8,-88.8,-999.9,-88.8
2233,-2.2,21.9,35.8,24.5,888.8,-88.8,-999.9,-88.8
2234,-2.2,22,35.8,24.5,888.8,-88.8,-999.9,-88.8
2235,-2.2,22,35.8,24.4,888.8,-88.8,-999.9,-88.8
2236,-2.2,22,35.8,24.4,888.8,-88.8,-999.9,-88.8
2237,-2.1,22,35.8,24.3,888.8,-88.8,-999.9,-88.8
2238,-2.1,22,35.8,24.2,888.8,-88.8,-999.9,-88.8
2239,-2.1,22,35.8,24.2,888.8,-88.8,-999.9,-88.8
2240,-2.1,22,35.8,24.1,888.8,-88.8,-999.9,-88.8
2241,-2.1,22,35.8,24,888.8,-88.8,-999.9,-88.8
2242,-2.1,22,35.8,24,888.8,-88.8,-999.9,-88.8
2243,-2.1,22,35.8,23.9,888.8,-88.8,-999.9,-88.8
2244,-2.1,22,35.8,23.8,888.8,-88.8,-999.9,-88.8
2245,-2.1,22.1,35.7,23.7,888.8,-88.8,-999.9,-88.8
2246,-2,22,35.8,23.7,888.8,-88.8,-999.9,-88.8
2247,-2,22.1,35.8,23.6,888.8,-88.8,-999.9,-88.8
2248,-2,22.1,35.8,23.6,888.8,-88.8,-999.9,-88.8
2249,-2,22.1,35.8,23.4,888.8,-88.8,-999.9,-88.8
2250,-2,22.1,35.8,23.4,888.8,-88.8,-999.9,-88.8
2251,-2,22.1,35.8,23.3,888.8,-88.8,-999.9,-88.8
2252,-2,22.1,35.8,23.3,888.8,-88.8,-999.9,-88.8
2253,-2,22.1,35.8,23.2,888.8,-88.8,-999.9,-88.8
2254,-2,22.1,35.7,23.1,888.8,-88.8,-999.9,-88.8
2255,-2,22.1,35.8,23.1,888.8,-88.8,-999.9,-88.8
2256,-2,22.1,35.8,23,888.8,-88.8,-999.9,-88.8
2257,-1.9,22.1,35.7,22.9,888.8,-88.8,-999.9,-88.8
2258,-1.9,22.1,35.7,22.8,888.8,-88.8,-999.9,-88.8
2259,-1.9,22.1,35.8,22.8,888.8,-88.8,-999.9,-88.8
2300,-1.9,22.1,35.7,22.7,888.8,-88.8,-999.9,-88.8
2301,-1.9,22.1,35.7,22.7,888.8,-88.8,-999.9,-88.8
2302,-1.9,22.1,35.7,22.6,888.8,-88.8,-999.9,-88.8
2303,-1.9,22.1,35.7,22.5,888.8,-88.8,-999.9,-88.8
2304,-1.9,22.1,35.7,22.5,888.8,-88.8,-999.9,-88.8
2305,-1.9,22.2,35.8,22.4,888.8,-88.8,-999.9,-88.8
2306,-1.9,22.2,35.7,22.4,888.8,-88.8,-999.9,-88.8
2307,-1.9,22.1,35.7,22.3,888.8,-88.8,-999.9,-88.8
2308,-1.9,22.1,35.7,22.2,888.8,-88.8,-999.9,-88.8
2309,-1.9,22.1,35.7,22.2,888.8,-88.8,-999.9,-88.8
2310,-1.8,22.1,35.7,22.1,888.8,-88.8,-999.9,-88.8
2311,-1.9,22.2,35.7,22.1,888.8,-88.8,-999.9,-88.8
2312,-1.8,22.1,35.7,22,888.8,-88.8,-999.9,-88.8
2313,-1.8,22.2,35.7,21.9,888.8,-88.8,-999.9,-88.8
2314,-1.8,22.2,35.7,21.9,888.8,-88.8,-999.9,-88.8
2315,-1.8,22.2,35.7,21.8,888.8,-88.8,-999.9,-88.8
2316,-1.8,22.2,35.7,21.8,888.8,-88.8,-999.9,-88.8
2317,-1.8,22.2,35.7,21.7,888.8,-88.8,-999.9,-88.8
2318,-1.8,22.2,35.7,21.6,888.8,-88.8,-999.9,-88.8
2319,-1.8,22.2,35.7,21.6,888.8,-88.8,-999.9,-88.8
2320,-1.8,22.2,35.7,21.5,888.8,-88.8,-999.9,-88.8
2321,-1.8,22.2,35.7,21.5,888.8,-88.8,-999.9,-88.8
2322,-1.8,22.2,35.7,21.4,888.8,-88.8,-999.9,-88.8
2323,-1.8,22.2,35.7,21.3,888.8,-88.8,-999.9,-88.8
2324,-1.8,22.2,35.7,21.3,888.8,-88.8,-999.9,-88.8
2325,-1.8,22.2,35.7,21.3,888.8,-88.8,-999.9,-88.8
2326,-1.8,22.2,35.6,21.2,888.8,-88.8,-999.9,-88.8
2327,-1.8,22.2,35.7,21.2,888.8,-88.8,-999.9,-88.8
2328,-1.8,22.2,35.7,21.1,888.8,-88.8,-999.9,-88.8
2329,-1.8,22.2,35.6,21,888.8,-88.8,-999.9,-88.8
2330,-1.8,22.2,35.7,21,888.8,-88.8,-999.9,-88.8
2331,-1.8,22.2,35.7,20.9,888.8,-88.8,-999.9,-88.8
2332,-1.8,22.2,35.6,20.9,888.8,-88.8,-999.9,-88.8
2333,-1.8,22.2,35.6,20.9,888.8,-88.8,-999.9,-88.8
2334,-1.8,22.2,35.6,20.8,888.8,-88.8,-999.9,-88.8
2335,-1.8,22.2,35.6,20.7,888.8,-88.8,-999.9,-88.8
2336,-1.8,22.2,35.6,20.7,888.8,-88.8,-999.9,-88.8
2337,-1.8,22.2,35.6,20.7,888.8,-88.8,-999.9,-88.8
2338,-1.8,22.3,35.6,20.6,888.8,-88.8,-999.9,-88.8
2339,-1.8,22.3,35.6,20.6,888.8,-88.8,-999.9,-88.8
2340,-1.8,22.3,35.6,20.5,888.8,-88.8,-999.9,-88.8
2341,-1.8,22.2,35.6,20.4,888.8,-88.8,-999.9,-88.8
2342,-1.8,22.3,35.6,20.5,888.8,-88.8,-999.9,-88.8
2343,-1.8,22.3,35.6,20.4,888.8,-88.8,-999.9,-88.8
2344,-1.8,22.3,35.6,20.4,888.8,-88.8,-999.9,-88.8
2345,-1.8,22.3,35.6,20.3,888.8,-88.8,-999.9,-88.8
2346,-1.8,22.3,35.6,20.3,888.8,-88.8,-999.9,-88.8
2347,-1.7,22.3,35.6,20.2,888.8,-88.8,-999.9,-88.8
2348,-1.7,22.3,35.6,20.2,888.8,-88.8,-999.9,-88.8
2349,-1.7,22.3,35.6,20.2,888.8,-88.8,-999.9,-88.8
2350,-1.7,22.4,35.6,20.1,888.8,-88.8,-999.9,-88.8
2351,-1.8,22.3,35.6,20.1,888.8,-88.8,-999.9,-88.8
2352,-1.7,22.3,35.6,20,888.8,-88.8,-999.9,-88.8
2353,-1.7,22.3,35.6,20,888.8,-88.8,-999.9,-88.8
2354,-1.7,22.4,35.6,19.9,888.8,-88.8,-999.9,-88.8
2355,-1.7,22.4,35.6,19.9,888.8,-88.8,-999.9,-88.8
2356,-1.7,22.3,35.6,19.9,888.8,-88.8,-999.9,-88.8
2357,-1.7,22.3,35.5,19.8,888.8,-88.8,-999.9,-88.8
2358,-1.7,22.2,35.5,19.8,888.8,-88.8,-999.9,-88.8
2359,-1.7,22.2,35.5,19.7,888.8,-88.8,-999.9,-88.8