0,-2.1,21.7,31,27.6,888.8,-88.8,-999.9,-88.8
1,-2.1,21.8,31,27.8,888.8,-88.8,-999.9,-88.8
2,-2.1,21.7,31,27.8,888.8,-88.8,-999.9,-88.8
3,-2.1,21.7,31,27.9,888.8,-88.8,-999.9,-88.8
4,-2.1,21.8,31,27.9,888.8,-88.8,-999.9,-88.8
5,-2.1,21.7,31,27.9,888.8,-88.8,-999.9,-88.8
6,-2.1,21.8,31,27.9,888.8,-88.8,-999.9,-88.8
7,-2.1,21.8,31,27.8,888.8,-88.8,-999.9,-88.8
8,-2.1,21.8,31,27.7,888.8,-88.8,-999.9,-88.8
9,-2.1,21.8,31.1,26.9,888.8,-88.8,-999.9,-88.8
10,-2.1,21.8,31,27,888.8,-88.8,-999.9,-88.8
11,-2.1,21.8,31.1,27,888.8,-88.8,-999.9,-88.8
12,-2.1,21.8,31,27,888.8,-88.8,-999.9,-88.8
13,-2.2,21.8,31.1,27,888.8,-88.8,-999.9,-88.8
14,-2.1,21.8,31,26.9,888.8,-88.8,-999.9,-88.8
15,-2.2,21.8,31.1,26.9,888.8,-88.8,-999.9,-88.8
16,-2.1,21.8,31.1,26.8,888.8,-88.8,-999.9,-88.8
17,-2.2,21.8,31.1,26.8,888.8,-88.8,-999.9,-88.8
18,-2.2,21.8,31.1,26.5,888.8,-88.8,-999.9,-88.8
19,-2.2,21.8,31.1,26,888.8,-88.8,-999.9,-88.8
20,-2.2,21.8,31.1,25,888.8,-88.8,-999.9,-88.8
21,-2.2,21.8,31.1,23.7,888.8,-88.8,-999.9,-88.8
22,-2.2,21.8,31,22.4,888.8,-88.8,-999.9,-88.8
23,-2.2,21.8,31.1,21.4,888.8,-88.8,-999.9,-88.8
24,-2.2,21.8,31.1,20.7,888.8,-88.8,-999.9,-88.8
25,-2.2,21.8,31.1,20.1,888.8,-88.8,-999.9,-88.8
26,-2.2,21.8,31.1,19.7,888.8,-88.8,-999.9,-88.8
27,-2.2,21.8,31.1,19.4,888.8,-88.8,-999.9,-88.8
28,-2.2,21.8,31.1,19.1,888.8,-88.8,-999.9,-88.8
29,-2.2,21.8,31.1,18.9,888.8,-88.8,-999.9,-88.8
30,-2.2,21.8,31.1,18.6,888.8,-88.8,-999.9,-88.8
31,-2.2,21.8,31.1,18.5,888.8,-88.8,-999.9,-88.8
32,-2.2,21.9,31.1,18.6,888.8,-88.8,-999.9,-88.8
33,-2.2,21.8,31.1,18.3,888.8,-88.8,-999.9,-88.8
34,-2.2,21.8,31.1,18.1,888.8,-88.8,-999.9,-88.8
35,-2.2,21.8,31.1,18.1,888.8,-88.8,-999.9,-88.8
36,-2.2,21.8,31.1,18,888.8,-88.8,-999.9,-88.8
37,-2.2,21.8,31.1,17.9,888.8,-88.8,-999.9,-88.8
38,-2.2,21.8,31.1,17.8,888.8,-88.8,-999.9,-88.8
39,-2.3,21.8,31.1,17.9,888.8,-88.8,-999.9,-88.8
40,-2.3,21.8,31.1,17.9,888.8,-88.8,-999.9,-88.8
41,-2.3,21.8,31.1,17.7,888.8,-88.8,-999.9,-88.8
42,-2.3,21.8,31,18,888.8,-88.8,-999.9,-88.8
43,-2.3,21.8,31,19.9,888.8,-88.8,-999.9,-88.8
44,-2.3,21.8,31.1,22.1,888.8,-88.8,-999.9,-88.8
45,-2.3,21.8,31,23,888.8,-88.8,-999.9,-88.8
46,-2.3,21.8,31.1,23.3,888.8,-88.8,-999.9,-88.8
47,-2.3,21.8,31,23.3,888.8,-88.8,-999.9,-88.8
48,-2.3,21.8,31.1,23.3,888.8,-88.8,-999.9,-88.8
49,-2.3,21.8,31.1,23.6,888.8,-88.8,-999.9,-88.8
50,-2.3,21.8,31.1,23.5,888.8,-88.8,-999.9,-88.8
51,-2.3,21.8,31.1,23,888.8,-88.8,-999.9,-88.8
52,-2.3,21.8,31.1,22.9,888.8,-88.8,-999.9,-88.8
53,-2.3,21.8,31.1,23.2,888.8,-88.8,-999.9,-88.8
54,-2.3,21.8,31.1,23.7,888.8,-88.8,-999.9,-88.8
55,-2.3,21.8,31.1,24.1,888.8,-88.8,-999.9,-88.8
56,-2.3,21.8,31.1,24.5,888.8,-88.8,-999.9,-88.8
57,-2.3,21.8,31.1,25,888.8,-88.8,-999.9,-88.8
58,-2.3,21.8,31.1,25.3,888.8,-88.8,-999.9,-88.8
59,-2.3,21.8,31.1,25.4,888.8,-88.8,-999.9,-88.8
100,-2.3,21.9,31.2,25.4,888.8,-88.8,-999.9,-88.8
101,-2.3,21.8,31.1,25.4,888.8,-88.8,-999.9,-88.8
102,-2.3,21.9,31.1,25.3,888.8,-88.8,-999.9,-88.8
103,-2.3,21.8,31.2,25.2,888.8,-88.8,-999.9,-88.8
104,-2.3,21.9,31.1,25.1,888.8,-88.8,-999.9,-88.8
105,-2.3,21.8,31.2,25,888.8,-88.8,-999.9,-88.8
106,-2.3,21.9,31.2,25,888.8,-88.8,-999.9,-88.8
107,-2.3,21.8,31.2,25,888.8,-88.8,-999.9,-88.8
108,-2.3,21.9,31.2,25,888.8,-88.8,-999.9,-88.8
109,-2.3,21.9,31.2,25,888.8,-88.8,-999.9,-88.8
110,-2.3,21.9,31.2,25,888.8,-88.8,-999.9,-88.8
111,-2.3,21.9,31.2,25,888.8,-88.8,-999.9,-88.8
112,-2.3,21.9,31.2,25,888.8,-88.8,-999.9,-88.8
113,-2.3,21.9,31.2,25,888.8,-88.8,-999.9,-88.8
114,-2.2,21.9,31.2,24.9,888.8,-88.8,-999.9,-88.8
115,-2.2,21.9,31.2,24.8,888.8,-88.8,-999.9,-88.8
116,-2.2,21.9,31.2,24.7,888.8,-88.8,-999.9,-88.8
117,-2.2,21.9,31.2,24.6,888.8,-88.8,-999.9,-88.8
118,-2.2,21.9,31.2,24.5,888.8,-88.8,-999.9,-88.8
119,-2.2,21.9,31.2,24.4,888.8,-88.8,-999.9,-88.8
120,-2.2,21.9,31.2,24.3,888.8,-88.8,-999.9,-88.8
121,-2.2,21.9,31.2,24.3,888.8,-88.8,-999.9,-88.8
122,-2.2,21.9,31.2,24.3,888.8,-88.8,-999.9,-88.8
123,-2.2,21.9,31.2,24.2,888.8,-88.8,-999.9,-88.8
124,-2.2,21.9,31.2,24.2,888.8,-88.8,-999.9,-88.8
125,-2.2,21.9,31.2,24.1,888.8,-88.8,-999.9,-88.8
126,-2.2,21.9,31.3,24.1,888.8,-88.8,-999.9,-88.8
127,-2.2,21.9,31.3,24,888.8,-88.8,-999.9,-88.8
128,-2.2,21.9,31.3,24,888.8,-88.8,-999.9,-88.8
129,-2.2,21.9,31.3,23.9,888.8,-88.8,-999.9,-88.8
130,-2.2,22,31.3,23.9,888.8,-88.8,-999.9,-88.8
131,-2.2,21.9,31.3,23.9,888.8,-88.8,-999.9,-88.8
132,-2.2,21.9,31.3,23.8,888.8,-88.8,-999.9,-88.8
133,-2.2,21.9,31.3,24.2,888.8,-88.8,-999.9,-88.8
134,-2.2,21.9,31.3,24.3,888.8,-88.8,-999.9,-88.8
135,-2.2,21.9,31.3,23.6,888.8,-88.8,-999.9,-88.8
136,-2.2,21.9,31.3,23.3,888.8,-88.8,-999.9,-88.8
137,-2.1,21.9,31.3,23,888.8,-88.8,-999.9,-88.8
138,-2.1,21.9,31.3,22.9,888.8,-88.8,-999.9,-88.8
139,-2.1,21.9,31.3,22.8,888.8,-88.8,-999.9,-88.8
140,-2.1,21.9,31.4,22.8,888.8,-88.8,-999.9,-88.8
141,-2.1,21.9,31.4,22.8,888.8,-88.8,-999.9,-88.8
142,-2.1,21.9,31.4,22.8,888.8,-88.8,-999.9,-88.8
143,-2.1,22,31.4,22.8,888.8,-88.8,-999.9,-88.8
144,-2.1,22,31.4,22.8,888.8,-88.8,-999.9,-88.8
145,-2.1,21.9,31.4,22.9,888.8,-88.8,-999.9,-88.8
146,-2.1,22,31.5,22.9,888.8,-88.8,-999.9,-88.8
147,-2.1,22,31.5,23,888.8,-88.8,-999.9,-88.8
148,-2.1,22,31.5,23.1,888.8,-88.8,-999.9,-88.8
149,-2.1,21.9,31.5,23.1,888.8,-88.8,-999.9,-88.8
150,-2.1,22,31.5,23.2,888.8,-88.8,-999.9,-88.8
151,-2.1,22,31.5,23.3,888.8,-88.8,-999.9,-88.8
152,-2.1,22,31.5,23.5,888.8,-88.8,-999.9,-88.8
153,-2.1,22,31.5,23.7,888.8,-88.8,-999.9,-88.8
154,-2.1,22,31.6,23.8,888.8,-88.8,-999.9,-88.8
155,-2.1,22,31.6,23.9,888.8,-88.8,-999.9,-88.8
156,-2.1,22,31.6,24.1,888.8,-88.8,-999.9,-88.8
157,-2.1,22,31.6,24.1,888.8,-88.8,-999.9,-88.8
158,-2.1,22,31.6,24.1,888.8,-88.8,-999.9,-88.8
159,-2.1,22,31.6,24.2,888.8,-88.8,-999.9,-88.8
200,-2.1,22,31.6,24.2,888.8,-88.8,-999.9,-88.8
201,-2.1,22,31.7,24.2,888.8,-88.8,-999.9,-88.8
202,-2.1,22,31.7,24.2,888.8,-88.8,-999.9,-88.8
203,-2.1,22,31.7,24.2,888.8,-88.8,-999.9,-88.8
204,-2.1,22,31.7,24.2,888.8,-88.8,-999.9,-88.8
205,-2.1,22,31.7,24.2,888.8,-88.8,-999.9,-88.8
206,-2.1,22,31.7,24.3,888.8,-88.8,-999.9,-88.8
207,-2.1,22,31.7,24.3,888.8,-88.8,-999.9,-88.8
208,-2.1,22,31.7,24.3,888.8,-88.8,-999.9,-88.8
209,-2.1,22,31.8,24.3,888.8,-88.8,-999.9,-88.8
210,-2.1,22,31.8,24.3,888.8,-88.8,-999.9,-88.8
211,-2.1,22,31.8,24.3,888.8,-88.8,-999.9,-88.8
212,-2.1,22.1,31.8,24.3,888.8,-88.8,-999.9,-88.8
213,-2,22.1,31.8,24.4,888.8,-88.8,-999.9,-88.8
214,-2.1,22.1,31.8,24.3,888.8,-88.8,-999.9,-88.8
215,-2.1,22,31.8,24.3,888.8,-88.8,-999.9,-88.8
216,-2.1,22,31.8,24.3,888.8,-88.8,-999.9,-88.8
217,-2.1,22.1,31.8,24.3,888.8,-88.8,-999.9,-88.8
218,-2.1,22.1,31.9,24.3,888.8,-88.8,-999.9,-88.8
219,-2.1,22.1,31.9,24.3,888.8,-88.8,-999.9,-88.8
220,-2.1,22.1,31.9,24.3,888.8,-88.8,-999.9,-88.8
221,-2.1,22.1,31.9,24.3,888.8,-88.8,-999.9,-88.8
222,-2.1,22.1,31.9,24.3,888.8,-88.8,-999.9,-88.8
223,-2.1,22.1,32,24.3,888.8,-88.8,-999.9,-88.8
224,-2.1,22.1,32,24.2,888.8,-88.8,-999.9,-88.8
225,-2.1,22.1,32,24.2,888.8,-88.8,-999.9,-88.8
226,-2.1,22.1,32,24.2,888.8,-88.8,-999.9,-88.8
227,-2.1,22.1,32,24.2,888.8,-88.8,-999.9,-88.8
228,-2.1,22.1,32,24.2,888.8,-88.8,-999.9,-88.8
229,-2.1,22.1,32,24,888.8,-88.8,-999.9,-88.8
230,-2.1,22.1,32,24.1,888.8,-88.8,-999.9,-88.8
231,-2.1,22.1,32.1,24.4,888.8,-88.8,-999.9,-88.8
232,-2.1,22.1,32.1,24.1,888.8,-88.8,-999.9,-88.8
233,-2,22.1,32.1,24.1,888.8,-88.8,-999.9,-88.8
234,-2.1,22.1,32.1,24,888.8,-88.8,-999.9,-88.8
235,-2.1,22.1,32.1,24,888.8,-88.8,-999.9,-88.8
236,-2.1,22.1,32.2,23.9,888.8,-88.8,-999.9,-88.8
237,-2.1,22.1,32.2,23.7,888.8,-88.8,-999.9,-88.8
238,-2.1,22.1,32.2,23.5,888.8,-88.8,-999.9,-88.8
239,-2.1,22.1,32.2,23.4,888.8,-88.8,-999.9,-88.8
240,-2.1,22.1,32.2,23.3,888.8,-88.8,-999.9,-88.8
241,-2.1,22.1,32.3,23.3,888.8,-88.8,-999.9,-88.8
242,-2.1,22.1,32.2,23.3,888.8,-88.8,-999.9,-88.8
243,-2.1,22.1,32.2,23.3,888.8,-88.8,-999.9,-88.8
244,-2.1,22.1,32.2,23.3,888.8,-88.8,-999.9,-88.8
245,-2,22.1,32.3,23.3,888.8,-88.8,-999.9,-88.8
246,-2.1,22.1,32.3,23.3,888.8,-88.8,-999.9,-88.8
247,-2.1,22.1,32.3,23.4,888.8,-88.8,-999.9,-88.8
248,-2.1,22.1,32.3,23.4,888.8,-88.8,-999.9,-88.8
249,-2.1,22.1,32.3,23.5,888.8,-88.8,-999.9,-88.8
250,-2,22.1,32.3,23.5,888.8,-88.8,-999.9,-88.8
251,-2.1,22.1,32.3,23.6,888.8,-88.8,-999.9,-88.8
252,-2.1,22.1,32.3,23.6,888.8,-88.8,-999.9,-88.8
253,-2.1,22.1,32.3,23.6,888.8,-88.8,-999.9,-88.8
254,-2.1,22.2,32.4,23.7,888.8,-88.8,-999.9,-88.8
255,-2.1,22.1,32.4,23.7,888.8,-88.8,-999.9,-88.8
256,-2.1,22.2,32.4,23.7,888.8,-88.8,-999.9,-88.8
257,-2.1,22.1,32.4,23.7,888.8,-88.8,-999.9,-88.8
258,-2.1,22.1,32.5,23.7,888.8,-88.8,-999.9,-88.8
259,-2.1,22.2,32.4,23.7,888.8,-88.8,-999.9,-88.8
300,-2.1,22.1,32.4,23.8,888.8,-88.8,-999.9,-88.8
301,-2.1,22.2,32.4,23.7,888.8,-88.8,-999.9,-88.8
302,-2.1,22.2,32.4,23.7,888.8,-88.8,-999.9,-88.8
303,-2.1,22.2,32.4,23.9,888.8,-88.8,-999.9,-88.8
304,-2.1,22.2,32.4,24,888.8,-88.8,-999.9,-88.8
305,-2.1,22.2,32.4,24,888.8,-88.8,-999.9,-88.8
306,-2.1,22.1,32.4,24,888.8,-88.8,-999.9,-88.8
307,-2.1,22.2,32.4,24.1,888.8,-88.8,-999.9,-88.8
308,-2.1,22.2,32.4,24.2,888.8,-88.8,-999.9,-88.8
309,-2.1,22.2,32.4,24,888.8,-88.8,-999.9,-88.8
310,-2.1,22.1,32.4,23.9,888.8,-88.8,-999.9,-88.8
311,-2.1,22.2,32.4,23.9,888.8,-88.8,-999.9,-88.8
312,-2.1,22.2,32.4,23.9,888.8,-88.8,-999.9,-88.8
313,-2.2,22.2,32.3,23.9,888.8,-88.8,-999.9,-88.8
314,-2.1,22.2,32.4,24,888.8,-88.8,-999.9,-88.8
315,-2.2,22.2,32.4,23.9,888.8,-88.8,-999.9,-88.8
316,-2.2,22.2,32.4,23.9,888.8,-88.8,-999.9,-88.8
317,-2.2,22.2,32.4,23.9,888.8,-88.8,-999.9,-88.8
318,-2.1,22.2,32.3,23.8,888.8,-88.8,-999.9,-88.8
319,-2.2,22.2,32.4,23.8,888.8,-88.8,-999.9,-88.8
320,-2.2,22.2,32.3,23.8,888.8,-88.8,-999.9,-88.8
321,-2.2,22.2,32.4,23.7,888.8,-88.8,-999.9,-88.8
322,-2.2,22.2,32.4,23.4,888.8,-88.8,-999.9,-88.8
323,-2.2,22.2,32.4,23.3,888.8,-88.8,-999.9,-88.8
324,-2.2,22.2,32.3,23.1,888.8,-88.8,-999.9,-88.8
325,-2.2,22.2,32.3,23.1,888.8,-88.8,-999.9,-88.8
326,-2.2,22.2,32.3,23,888.8,-88.8,-999.9,-88.8
327,-2.2,22.2,32.3,23,888.8,-88.8,-999.9,-88.8
328,-2.2,22.2,32.3,23,888.8,-88.8,-999.9,-88.8
329,-2.2,22.2,32.3,22.9,888.8,-88.8,-999.9,-88.8
330,-2.1,22.2,32.3,22.9,888.8,-88.8,-999.9,-88.8
331,-2.2,22.2,32.3,22.9,888.8,-88.8,-999.9,-88.8
332,-2.2,22.2,32.3,22.9,888.8,-88.8,-999.9,-88.8
333,-2.2,22.2,32.3,22.8,888.8,-88.8,-999.9,-88.8
334,-2.2,22.2,32.3,22.9,888.8,-88.8,-999.9,-88.8
335,-2.2,22.2,32.3,22.8,888.8,-88.8,-999.9,-88.8
336,-2.2,22.2,32.2,22.9,888.8,-88.8,-999.9,-88.8
337,-2.2,22.2,32.2,23,888.8,-88.8,-999.9,-88.8
338,-2.2,22.2,32.2,23,888.8,-88.8,-999.9,-88.8
339,-2.2,22.2,32.2,22.7,888.8,-88.8,-999.9,-88.8
340,-2.2,22.2,32.2,22.6,888.8,-88.8,-999.9,-88.8
341,-2.2,22.2,32.2,22.6,888.8,-88.8,-999.9,-88.8
342,-2.2,22.2,32.2,22.6,888.8,-88.8,-999.9,-88.8
343,-2.2,22.2,32.2,22.6,888.8,-88.8,-999.9,-88.8
344,-2.2,22.2,32.2,22.4,888.8,-88.8,-999.9,-88.8
345,-2.2,22.2,32.2,22.2,888.8,-88.8,-999.9,-88.8
346,-2.2,22.2,32.1,22.2,888.8,-88.8,-999.9,-88.8
347,-2.2,22.2,32.1,22.2,888.8,-88.8,-999.9,-88.8
348,-2.2,22.2,32.1,22.1,888.8,-88.8,-999.9,-88.8
349,-2.2,22.2,32.1,22.1,888.8,-88.8,-999.9,-88.8
350,-2.2,22.2,32.1,22.1,888.8,-88.8,-999.9,-88.8
351,-2.2,22.2,32,22.1,888.8,-88.8,-999.9,-88.8
352,-2.2,22.2,32.1,22.1,888.8,-88.8,-999.9,-88.8
353,-2.2,22.2,32,22.2,888.8,-88.8,-999.9,-88.8
354,-2.2,22.2,32,22.1,888.8,-88.8,-999.9,-88.8
355,-2.2,22.2,32,22.1,888.8,-88.8,-999.9,-88.8
356,-2.2,22.2,32,22.1,888.8,-88.8,-999.9,-88.8
357,-2.2,22.2,31.9,22,888.8,-88.8,-999.9,-88.8
358,-2.3,22.3,31.9,21.9,888.8,-88.8,-999.9,-88.8
359,-2.3,22.3,31.9,21.8,888.8,-88.8,-999.9,-88.8
400,-2.3,22.2,31.9,21.8,888.8,-88.8,-999.9,-88.8
401,-2.3,22.3,31.9,21.8,888.8,-88.8,-999.9,-88.8
402,-2.3,22.3,31.8,21.8,888.8,-88.8,-999.9,-88.8
403,-2.3,22.3,31.8,21.8,888.8,-88.8,-999.9,-88.8
404,-2.3,22.3,31.8,21.8,888.8,-88.8,-999.9,-88.8
405,-2.3,22.2,31.8,21.8,888.8,-88.8,-999.9,-88.8
406,-2.3,22.3,31.8,21.8,888.8,-88.8,-999.9,-88.8
407,-2.3,22.2,31.7,21.8,888.8,-88.8,-999.9,-88.8
408,-2.3,22.3,31.7,21.8,888.8,-88.8,-999.9,-88.8
409,-2.3,22.3,31.7,21.8,888.8,-88.8,-999.9,-88.8
410,-2.3,22.3,31.7,21.8,888.8,-88.8,-999.9,-88.8
411,-2.3,22.2,31.7,21.8,888.8,-88.8,-999.9,-88.8
412,-2.3,22.3,31.6,21.9,888.8,-88.8,-999.9,-88.8
413,-2.3,22.3,31.7,21.9,888.8,-88.8,-999.9,-88.8
414,-2.3,22.3,31.6,21.9,888.8,-88.8,-999.9,-88.8
415,-2.3,22.3,31.6,21.9,888.8,-88.8,-999.9,-88.8
416,-2.3,22.3,31.6,21.9,888.8,-88.8,-999.9,-88.8
417,-2.3,22.3,31.6,21.9,888.8,-88.8,-999.9,-88.8
418,-2.3,22.3,31.5,21.9,888.8,-88.8,-999.9,-88.8
419,-2.3,22.2,31.5,21.9,888.8,-88.8,-999.9,-88.8
420,-2.3,22.3,31.5,22,888.8,-88.8,-999.9,-88.8
421,-2.3,22.3,31.5,22,888.8,-88.8,-999.9,-88.8
422,-2.3,22.3,31.5,22,888.8,-88.8,-999.9,-88.8
423,-2.3,22.3,31.5,22,888.8,-88.8,-999.9,-88.8
424,-2.3,22.3,31.4,22,888.8,-88.8,-999.9,-88.8
425,-2.3,22.3,31.4,21.9,888.8,-88.8,-999.9,-88.8
426,-2.3,22.3,31.4,21.9,888.8,-88.8,-999.9,-88.8
427,-2.3,22.3,31.3,21.9,888.8,-88.8,-999.9,-88.8
428,-2.3,22.4,31.3,21.9,888.8,-88.8,-999.9,-88.8
429,-2.3,22.3,31.3,21.8,888.8,-88.8,-999.9,-88.8
430,-2.3,22.3,31.3,21.8,888.8,-88.8,-999.9,-88.8
431,-2.3,22.3,31.3,21.8,888.8,-88.8,-999.9,-88.8
432,-2.3,22.3,31.3,21.8,888.8,-88.8,-999.9,-88.8
433,-2.3,22.3,31.2,21.8,888.8,-88.8,-999.9,-88.8
434,-2.3,22.3,31.2,21.7,888.8,-88.8,-999.9,-88.8
435,-2.3,22.3,31.2,21.7,888.8,-88.8,-999.9,-88.8
436,-2.3,22.3,31.2,21.8,888.8,-88.8,-999.9,-88.8
437,-2.3,22.3,31.2,21.8,888.8,-88.8,-999.9,-88.8
438,-2.3,22.3,31.1,21.7,888.8,-88.8,-999.9,-88.8
439,-2.3,22.3,31.1,21.8,888.8,-88.8,-999.9,-88.8
440,-2.3,22.3,31.1,21.8,888.8,-88.8,-999.9,-88.8
441,-2.3,22.4,31.1,21.7,888.8,-88.8,-999.9,-88.8
442,-2.3,22.4,31,21.6,888.8,-88.8,-999.9,-88.8
443,-2.3,22.3,31,21.5,888.8,-88.8,-999.9,-88.8
444,-2.3,22.3,31,21.5,888.8,-88.8,-999.9,-88.8
445,-2.3,22.4,31,21.5,888.8,-88.8,-999.9,-88.8
446,-2.3,22.4,31,21.5,888.8,-88.8,-999.9,-88.8
447,-2.3,22.4,31,21.4,888.8,-88.8,-999.9,-88.8
448,-2.3,22.4,31,21.4,888.8,-88.8,-999.9,-88.8
449,-2.3,22.4,30.9,21.4,888.8,-88.8,-999.9,-88.8
450,-2.3,22.4,30.9,21.3,888.8,-88.8,-999.9,-88.8
451,-2.2,22.4,30.9,21.3,888.8,-88.8,-999.9,-88.8
452,-2.3,22.4,30.8,21.3,888.8,-88.8,-999.9,-88.8
453,-2.3,22.4,30.8,21.3,888.8,-88.8,-999.9,-88.8
454,-2.3,22.4,30.8,21.3,888.8,-88.8,-999.9,-88.8
455,-2.2,22.4,30.8,21.3,888.8,-88.8,-999.9,-88.8
456,-2.3,22.4,30.8,21.3,888.8,-88.8,-999.9,-88.8
457,-2.3,22.4,30.8,21.3,888.8,-88.8,-999.9,-88.8
458,-2.3,22.4,30.8,21.2,888.8,-88.8,-999.9,-88.8
459,-2.3,22.4,30.7,21.2,888.8,-88.8,-999.9,-88.8
500,-2.3,22.4,30.7,21.2,888.8,-88.8,-999.9,-88.8
501,-2.3,22.4,30.7,21.2,888.8,-88.8,-999.9,-88.8
502,-2.3,22.4,30.7,21.2,888.8,-88.8,-999.9,-88.8
503,-2.3,22.4,30.7,21.2,888.8,-88.8,-999.9,-88.8
504,-2.3,22.4,30.6,21.2,888.8,-88.8,-999.9,-88.8
505,-2.3,22.4,30.6,21.2,888.8,-88.8,-999.9,-88.8
506,-2.3,22.4,30.6,20.9,888.8,-88.8,-999.9,-88.8
507,-2.3,22.4,30.6,20.1,888.8,-88.8,-999.9,-88.8
508,-2.3,22.4,30.6,19.8,888.8,-88.8,-999.9,-88.8
509,-2.3,22.4,30.5,19.6,888.8,-88.8,-999.9,-88.8
510,-2.3,22.4,30.6,19.6,888.8,-88.8,-999.9,-88.8
511,-2.3,22.4,30.6,19.5,888.8,-88.8,-999.9,-88.8
512,-2.3,22.4,30.5,19.4,888.8,-88.8,-999.9,-88.8
513,-2.3,22.4,30.6,19.4,888.8,-88.8,-999.9,-88.8
514,-2.3,22.4,30.6,19.4,888.8,-88.8,-999.9,-88.8
515,-2.3,22.4,30.6,19.4,888.8,-88.8,-999.9,-88.8
516,-2.3,22.4,30.6,19.4,888.8,-88.8,-999.9,-88.8
517,-2.3,22.4,30.6,19.4,888.8,-88.8,-999.9,-88.8
518,-2.3,22.4,30.6,19.4,888.8,-88.8,-999.9,-88.8
519,-2.3,22.4,30.5,19.4,888.8,-88.8,-999.9,-88.8
520,-2.3,22.4,30.6,19.4,888.8,-88.8,-999.9,-88.8
521,-2.3,22.4,30.6,19.9,888.8,-88.8,-999.9,-88.8
522,-2.3,22.4,30.6,20.6,888.8,-88.8,-999.9,-88.8
523,-2.3,22.4,30.6,20.6,888.8,-88.8,-999.9,-88.8
524,-2.3,22.4,30.6,21.6,888.8,-88.8,-999.9,-88.8
525,-2.3,22.4,30.6,22,888.8,-88.8,-999.9,-88.8
526,-2.3,22.4,30.6,22.1,888.8,-88.8,-999.9,-88.8
527,-2.3,22.4,30.6,22.4,888.8,-88.8,-999.9,-88.8
528,-2.3,22.4,30.6,22.7,888.8,-88.8,-999.9,-88.8
529,-2.3,22.4,30.6,23,888.8,-88.8,-999.9,-88.8
530,-2.3,22.4,30.6,23.2,888.8,-88.8,-999.9,-88.8
531,-2.3,22.4,30.7,23.5,888.8,-88.8,-999.9,-88.8
532,-2.3,22.4,30.7,23.8,888.8,-88.8,-999.9,-88.8
533,-2.3,22.4,30.7,24.1,888.8,-88.8,-999.9,-88.8
534,-2.3,22.4,30.7,24.3,888.8,-88.8,-999.9,-88.8
535,-2.3,22.4,30.7,24.6,888.8,-88.8,-999.9,-88.8
536,-2.3,22.4,30.7,24.8,888.8,-88.8,-999.9,-88.8
537,-2.3,22.4,30.7,25.1,888.8,-88.8,-999.9,-88.8
538,-2.3,22.4,30.7,25.3,888.8,-88.8,-999.9,-88.8
539,-2.3,22.4,30.7,26.3,888.8,-88.8,-999.9,-88.8
540,-2.3,22.4,30.7,27.2,888.8,-88.8,-999.9,-88.8
541,-2.3,22.5,30.7,28.3,888.8,-88.8,-999.9,-88.8
542,-2.3,22.4,30.7,29.5,888.8,-88.8,-999.9,-88.8
543,-2.3,22.4,30.7,30.3,888.8,-88.8,-999.9,-88.8
544,-2.3,22.4,30.7,31,888.8,-88.8,-999.9,-88.8
545,-2.3,22.4,30.7,31.7,888.8,-88.8,-999.9,-88.8
546,-2.3,22.4,30.7,32.7,888.8,-88.8,-999.9,-88.8
547,-2.3,22.4,30.7,33.6,888.8,-88.8,-999.9,-88.8
548,-2.3,22.4,30.7,34.6,888.8,-88.8,-999.9,-88.8
549,-2.3,22.4,30.7,35.5,888.8,-88.8,-999.9,-88.8
550,-2.3,22.4,30.7,36.3,888.8,-88.8,-999.9,-88.8
551,-2.3,22.4,30.7,37.2,888.8,-88.8,-999.9,-88.8
552,-2.3,22.4,30.7,38.1,888.8,-88.8,-999.9,-88.8
553,-2.3,22.4,30.7,38.6,888.8,-88.8,-999.9,-88.8
554,-2.3,22.4,30.7,39.4,888.8,-88.8,-999.9,-88.8
555,-2.3,22.4,30.7,39.9,888.8,-88.8,-999.9,-88.8
556,-2.3,22.4,30.7,40.3,888.8,-88.8,-999.9,-88.8
557,-2.4,22.3,30.7,39.7,888.8,-88.8,-999.9,-88.8
558,-2.3,22.3,30.7,39.9,888.8,-88.8,-999.9,-88.8
559,-2.3,22.2,30.7,40.6,888.8,-88.8,-999.9,-88.8
600,-2.3,22.3,30.6,41,888.8,-88.8,-999.9,-88.8
601,-2.3,22.2,30.6,41.2,888.8,-88.8,-999.9,-88.8
602,-2.3,22.2,30.7,41.3,888.8,-88.8,-999.9,-88.8
603,-2.4,22.2,30.6,41.4,888.8,-88.8,-999.9,-88.8
604,-2.3,22.2,30.6,41.5,888.8,-88.8,-999.9,-88.8
605,-2.3,22.2,30.6,41.6,888.8,-88.8,-999.9,-88.8
606,-2.4,22.2,30.6,41.9,888.8,-88.8,-999.9,-88.8
607,-2.3,22.2,30.6,42.3,888.8,-88.8,-999.9,-88.8
608,-2.3,22.2,30.6,42.5,888.8,-88.8,-999.9,-88.8
609,-2.4,22.2,30.6,42.9,888.8,-88.8,-999.9,-88.8
610,-2.3,22.2,30.6,43.3,888.8,-88.8,-999.9,-88.8
611,-2.3,22.2,30.7,43.5,888.8,-88.8,-999.9,-88.8
612,-2.4,22.2,30.6,43.9,888.8,-88.8,-999.9,-88.8
613,-2.4,22.2,30.6,44.2,888.8,-88.8,-999.9,-88.8
614,-2.3,22.2,30.6,43.2,888.8,-88.8,-999.9,-88.8
615,-2.4,22.2,30.6,43.8,888.8,-88.8,-999.9,-88.8
616,-2.4,22.2,30.6,42,888.8,-88.8,-999.9,-88.8
617,-2.4,22.2,30.6,41,888.8,-88.8,-999.9,-88.8
618,-2.4,22.2,30.6,40.8,888.8,-88.8,-999.9,-88.8
619,-2.4,22.2,30.6,39.6,888.8,-88.8,-999.9,-88.8
620,-2.4,22.2,30.6,38.5,888.8,-88.8,-999.9,-88.8
621,-2.4,22.2,30.6,38,888.8,-88.8,-999.9,-88.8
622,-2.4,22.2,30.7,37.8,888.8,-88.8,-999.9,-88.8
623,-2.4,22.2,30.6,37.6,888.8,-88.8,-999.9,-88.8
624,-2.3,22.2,30.6,38.1,888.8,-88.8,-999.9,-88.8
625,-2.3,22.2,30.6,39.5,888.8,-88.8,-999.9,-88.8
626,-2.4,22.2,30.7,41.2,888.8,-88.8,-999.9,-88.8
627,-2.3,22.2,30.6,42.5,888.8,-88.8,-999.9,-88.8
628,-2.4,22.2,30.6,43,888.8,-88.8,-999.9,-88.8
629,-2.3,22.2,30.6,40.7,888.8,-88.8,-999.9,-88.8
630,-2.4,22.2,30.6,39.5,888.8,-88.8,-999.9,-88.8
631,-2.4,22.2,30.6,39.1,888.8,-88.8,-999.9,-88.8
632,-2.3,22.2,30.6,38.7,888.8,-88.8,-999.9,-88.8
633,-2.3,22.3,30.7,38.4,888.8,-88.8,-999.9,-88.8
634,-2.4,22.2,30.6,39.2,888.8,-88.8,-999.9,-88.8
635,-2.4,22.2,30.6,40,888.8,-88.8,-999.9,-88.8
636,-2.4,22.3,30.7,39.1,888.8,-88.8,-999.9,-88.8
637,-2.3,22.3,30.6,38.8,888.8,-88.8,-999.9,-88.8
638,-2.3,22.3,30.6,38.7,888.8,-88.8,-999.9,-88.8
639,-2.4,22.3,30.6,38.5,888.8,-88.8,-999.9,-88.8
640,-2.3,22.3,30.6,38.3,888.8,-88.8,-999.9,-88.8
641,-2.3,22.3,30.7,38.2,888.8,-88.8,-999.9,-88.8
642,-2.3,22.3,30.7,38.1,888.8,-88.8,-999.9,-88.8
643,-2.3,22.3,30.7,38,888.8,-88.8,-999.9,-88.8
644,-2.3,22.3,30.7,38,888.8,-88.8,-999.9,-88.8
645,-2.3,22.2,30.7,39.2,888.8,-88.8,-999.9,-88.8
646,-2.3,22.3,30.7,38.6,888.8,-88.8,-999.9,-88.8
647,-2.3,22.3,30.7,38,888.8,-88.8,-999.9,-88.8
648,-2.3,22.3,30.6,37.9,888.8,-88.8,-999.9,-88.8
649,-2.3,22.3,30.7,37.8,888.8,-88.8,-999.9,-88.8
650,-2.3,22.3,30.7,37.5,888.8,-88.8,-999.9,-88.8
651,-2.3,22.3,30.7,37.4,888.8,-88.8,-999.9,-88.8
652,-2.3,22.3,30.7,37.3,888.8,-88.8,-999.9,-88.8
653,-2.3,22.3,30.7,37.2,888.8,-88.8,-999.9,-88.8
654,-2.3,22.3,30.7,37.2,888.8,-88.8,-999.9,-88.8
655,-2.3,22.3,30.7,38.7,888.8,-88.8,-999.9,-88.8
656,-2.3,22.3,30.7,38.4,888.8,-88.8,-999.9,-88.8
657,-2.3,22.3,30.7,37.6,888.8,-88.8,-999.9,-88.8
658,-2.3,22.3,30.7,37.5,888.8,-88.8,-999.9,-88.8
659,-2.3,22.3,30.7,37.4,888.8,-88.8,-999.9,-88.8
700,-2.3,22.3,30.6,37.3,888.8,-88.8,-999.9,-88.8
701,-2.3,22.3,30.7,37.2,888.8,-88.8,-999.9,-88.8
702,-2.3,22.3,30.7,37,888.8,-88.8,-999.9,-88.8
703,-2.3,22.3,30.7,36.9,888.8,-88.8,-999.9,-88.8
704,-2.3,22.3,30.7,36.9,888.8,-88.8,-999.9,-88.8
705,-2.3,22.3,30.7,37,888.8,-88.8,-999.9,-88.8
706,-2.2,22.3,30.7,37.9,888.8,-88.8,-999.9,-88.8
707,-2.2,22.3,30.7,37.8,888.8,-88.8,-999.9,-88.8
708,-2.2,22.3,30.7,37.5,888.8,-88.8,-999.9,-88.8
709,-2.2,22.3,30.7,37.4,888.8,-88.8,-999.9,-88.8
710,-2.2,22.3,30.7,37.7,888.8,-88.8,-999.9,-88.8
711,-2.2,22.3,30.6,37.8,888.8,-88.8,-999.9,-88.8
712,-2.2,22.3,30.6,37.7,888.8,-88.8,-999.9,-88.8
713,-2.2,22.2,30.6,37.3,888.8,-88.8,-999.9,-88.8
714,-2.2,22.2,30.6,36.9,888.8,-88.8,-999.9,-88.8
715,-2.2,22.2,30.6,36.8,888.8,-88.8,-999.9,-88.8
716,-2.2,22.2,30.6,37.2,888.8,-88.8,-999.9,-88.8
717,-2.2,22.2,30.6,37.3,888.8,-88.8,-999.9,-88.8
718,-2.2,22.1,30.6,37,888.8,-88.8,-999.9,-88.8
719,-2.2,22.1,30.6,37.4,888.8,-88.8,-999.9,-88.8
720,-2.2,22.1,30.5,37.7,888.8,-88.8,-999.9,-88.8
721,-2.2,22.1,30.5,37.5,888.8,-88.8,-999.9,-88.8
722,-2.2,22,30.5,36.5,888.8,-88.8,-999.9,-88.8
723,-2.2,21.9,30.5,36,888.8,-88.8,-999.9,-88.8
724,-2.2,21.9,30.5,36.4,888.8,-88.8,-999.9,-88.8
725,-2.2,21.9,30.5,35.7,888.8,-88.8,-999.9,-88.8
726,-2.1,21.9,30.5,35.9,888.8,-88.8,-999.9,-88.8
727,-2.1,21.8,30.4,35.2,888.8,-88.8,-999.9,-88.8
728,-2.1,21.8,30.4,34.4,888.8,-88.8,-999.9,-88.8
729,-2.1,21.8,30.4,33.6,888.8,-88.8,-999.9,-88.8
730,-2.1,21.7,30.4,32.3,888.8,-88.8,-999.9,-88.8
731,-2.1,21.8,30.4,32.4,888.8,-88.8,-999.9,-88.8
732,-2.1,21.7,30.3,35,888.8,-88.8,-999.9,-88.8
733,-2.1,21.7,30.4,33.4,888.8,-88.8,-999.9,-88.8
734,-2.1,21.7,30.3,33.5,888.8,-88.8,-999.9,-88.8
735,-2.1,21.7,30.4,33.4,888.8,-88.8,-999.9,-88.8
736,-2.1,21.7,30.4,33.5,888.8,-88.8,-999.9,-88.8
737,-2.1,21.7,30.4,33.2,888.8,-88.8,-999.9,-88.8
738,-2.1,21.7,30.4,31.1,888.8,-88.8,-999.9,-88.8
739,-2.1,21.7,30.3,24.6,888.8,-88.8,-999.9,-88.8
740,-2.1,21.7,30.4,22.1,888.8,-88.8,-999.9,-88.8
741,-2.1,21.7,30.4,19.6,888.8,-88.8,-999.9,-88.8
742,-2.1,21.6,30.4,18.4,888.8,-88.8,-999.9,-88.8
743,-2.1,21.7,30.4,18.1,888.8,-88.8,-999.9,-88.8
744,-2.1,21.7,30.3,18,888.8,-88.8,-999.9,-88.8
745,-2.1,21.6,30.4,24.8,888.8,-88.8,-999.9,-88.8
746,-2.1,21.6,30.3,28.3,888.8,-88.8,-999.9,-88.8
747,-2.1,21.6,30.4,29.7,888.8,-88.8,-999.9,-88.8
748,-2.1,21.6,30.4,30.8,888.8,-88.8,-999.9,-88.8
749,-2.1,21.6,30.4,31,888.8,-88.8,-999.9,-88.8
750,-2.1,21.6,30.3,31.2,888.8,-88.8,-999.9,-88.8
751,-2.1,21.6,30.4,31.6,888.8,-88.8,-999.9,-88.8
752,-2.1,21.6,30.4,31.9,888.8,-88.8,-999.9,-88.8
753,-2,21.6,30.4,32,888.8,-88.8,-999.9,-88.8
754,-2,21.6,30.4,32.2,888.8,-88.8,-999.9,-88.8
755,-2,21.6,30.4,32.2,888.8,-88.8,-999.9,-88.8
756,-2,21.6,30.4,32.1,888.8,-88.8,-999.9,-88.8
757,-2,21.6,30.4,32.1,888.8,-88.8,-999.9,-88.8
758,-2,21.6,30.4,32.2,888.8,-88.8,-999.9,-88.8
759,-2,21.6,30.4,32.1,888.8,-88.8,-999.9,-88.8
800,-2,21.6,30.4,31.9,888.8,-88.8,-999.9,-88.8
801,-2,21.6,30.4,31.8,888.8,-88.8,-999.9,-88.8
802,-2,21.6,30.4,31.6,888.8,-88.8,-999.9,-88.8
803,-2,21.6,30.4,31.4,888.8,-88.8,-999.9,-88.8
804,-2,21.6,30.4,31.1,888.8,-88.8,-999.9,-88.8
805,-2,21.6,30.4,30.9,888.8,-88.8,-999.9,-88.8
806,-2,21.6,30.4,30.7,888.8,-88.8,-999.9,-88.8
807,-2,21.6,30.4,30.6,888.8,-88.8,-999.9,-88.8
808,-2,21.6,30.4,30.5,888.8,-88.8,-999.9,-88.8
809,-2,21.6,30.4,30.3,888.8,-88.8,-999.9,-88.8
810,-2,21.6,30.4,30.3,888.8,-88.8,-999.9,-88.8
811,-2,21.6,30.4,30.2,888.8,-88.8,-999.9,-88.8
812,-2,21.6,30.4,30.2,888.8,-88.8,-999.9,-88.8
813,-2,21.6,30.5,30.2,888.8,-88.8,-999.9,-88.8
814,-2,21.6,30.5,30.2,888.8,-88.8,-999.9,-88.8
815,-1.9,21.6,30.5,30.3,888.8,-88.8,-999.9,-88.8
816,-1.9,21.6,30.5,30.3,888.8,-88.8,-999.9,-88.8
817,-1.9,21.6,30.5,30.5,888.8,-88.8,-999.9,-88.8
818,-1.9,21.6,30.5,30.7,888.8,-88.8,-999.9,-88.8
819,-1.9,21.6,30.5,30.9,888.8,-88.8,-999.9,-88.8
820,-1.9,21.6,30.5,31.1,888.8,-88.8,-999.9,-88.8
821,-1.9,21.6,30.5,31.3,888.8,-88.8,-999.9,-88.8
822,-1.9,21.6,30.5,31.4,888.8,-88.8,-999.9,-88.8
823,-1.9,21.6,30.5,31.5,888.8,-88.8,-999.9,-88.8
824,-1.9,21.6,30.5,31.7,888.8,-88.8,-999.9,-88.8
825,-1.9,21.5,30.5,31.7,888.8,-88.8,-999.9,-88.8
826,-1.9,21.5,30.5,31.8,888.8,-88.8,-999.9,-88.8
827,-1.8,21.6,30.5,31.9,888.8,-88.8,-999.9,-88.8
828,-1.8,21.5,30.5,31.9,888.8,-88.8,-999.9,-88.8
829,-1.8,21.6,30.5,32,888.8,-88.8,-999.9,-88.8
830,-1.8,21.6,30.5,32,888.8,-88.8,-999.9,-88.8
831,-1.8,21.6,30.6,32,888.8,-88.8,-999.9,-88.8
832,-1.8,21.6,30.6,32.1,888.8,-88.8,-999.9,-88.8
833,-1.8,21.6,30.6,32.1,888.8,-88.8,-999.9,-88.8
834,-1.8,21.6,30.6,32.2,888.8,-88.8,-999.9,-88.8
835,-1.7,21.6,30.6,32.2,888.8,-88.8,-999.9,-88.8
836,-1.7,21.6,30.6,32.2,888.8,-88.8,-999.9,-88.8
837,-1.7,21.6,30.6,32.2,888.8,-88.8,-999.9,-88.8
838,-1.7,21.6,30.7,32.3,888.8,-88.8,-999.9,-88.8
839,-1.7,21.6,30.6,32.3,888.8,-88.8,-999.9,-88.8
840,-1.6,21.6,30.7,32.3,888.8,-88.8,-999.9,-88.8
841,-1.6,21.6,30.7,32.3,888.8,-88.8,-999.9,-88.8
842,-1.6,21.6,30.7,32.3,888.8,-88.8,-999.9,-88.8
843,-1.6,21.6,30.7,32.4,888.8,-88.8,-999.9,-88.8
844,-1.5,21.6,30.7,32.4,888.8,-88.8,-999.9,-88.8
845,-1.5,21.6,30.7,32.4,888.8,-88.8,-999.9,-88.8
846,-1.5,21.6,30.7,32.4,888.8,-88.8,-999.9,-88.8
847,-1.5,21.6,30.7,32.5,888.8,-88.8,-999.9,-88.8
848,-1.4,21.6,30.7,32.5,888.8,-88.8,-999.9,-88.8
849,-1.4,21.6,30.8,32.5,888.8,-88.8,-999.9,-88.8
850,-1.4,21.6,30.8,32.4,888.8,-88.8,-999.9,-88.8
851,-1.3,21.6,30.7,32.5,888.8,-88.8,-999.9,-88.8
852,-1.3,21.6,30.8,32.4,888.8,-88.8,-999.9,-88.8
853,-1.3,21.6,30.8,32.3,888.8,-88.8,-999.9,-88.8
854,-1.3,21.6,30.8,32.3,888.8,-88.8,-999.9,-88.8
855,-1.2,21.6,30.8,32.3,888.8,-88.8,-999.9,-88.8
856,-1.2,21.7,30.8,32.3,888.8,-88.8,-999.9,-88.8
857,-1.2,21.6,30.8,32.3,888.8,-88.8,-999.9,-88.8
858,-1.1,21.7,30.8,32.2,888.8,-88.8,-999.9,-88.8
859,-1.1,21.7,30.8,32.3,888.8,-88.8,-999.9,-88.8
900,-1.1,21.6,30.8,32.2,888.8,-88.8,-999.9,-88.8
901,-1,21.7,30.8,32.2,888.8,-88.8,-999.9,-88.8
902,-1,21.7,30.8,32.2,888.8,-88.8,-999.9,-88.8
903,-0.9,21.7,30.9,32.2,888.8,-88.8,-999.9,-88.8
904,-0.9,21.7,30.9,30.6,888.8,-88.8,-999.9,-88.8
905,-0.8,21.7,30.9,30.1,888.8,-88.8,-999.9,-88.8
906,-0.8,21.7,30.9,30.1,888.8,-88.8,-999.9,-88.8
907,-0.7,21.7,30.9,29.9,888.8,-88.8,-999.9,-88.8
908,-0.7,21.7,30.9,29.5,888.8,-88.8,-999.9,-88.8
909,-0.6,21.7,31,29.3,888.8,-88.8,-999.9,-88.8
910,-0.6,21.7,31,29.1,888.8,-88.8,-999.9,-88.8
911,-0.5,21.7,31,28.9,888.8,-88.8,-999.9,-88.8
912,-0.5,21.7,31,28.9,888.8,-88.8,-999.9,-88.8
913,-0.4,21.7,31,28.8,888.8,-88.8,-999.9,-88.8
914,-0.3,21.7,31.1,28.6,888.8,-88.8,-999.9,-88.8
915,-0.3,21.7,31.1,28.6,888.8,-88.8,-999.9,-88.8
916,-0.2,21.7,31.1,28.4,888.8,-88.8,-999.9,-88.8
917,-0.2,21.7,31.1,28.2,888.8,-88.8,-999.9,-88.8
918,-0.1,21.8,31.1,27.8,888.8,-88.8,-999.9,-88.8
919,-0.1,21.8,31.2,27.3,888.8,-88.8,-999.9,-88.8
920,0,21.8,31.2,27.2,888.8,-88.8,-999.9,-88.8
921,0,21.8,31.2,27.2,888.8,-88.8,-999.9,-88.8
922,0,21.8,31.2,27.2,888.8,-88.8,-999.9,-88.8
923,0.1,21.8,31.2,27.2,888.8,-88.8,-999.9,-88.8
924,0.1,21.8,31.2,27.2,888.8,-88.8,-999.9,-88.8
925,0.2,21.8,31.2,27.1,888.8,-88.8,-999.9,-88.8
926,0.3,21.8,31.3,27.1,888.8,-88.8,-999.9,-88.8
927,0.4,21.8,31.3,27,888.8,-88.8,-999.9,-88.8
928,0.4,21.8,31.3,27,888.8,-88.8,-999.9,-88.8
929,0.5,21.8,31.3,27,888.8,-88.8,-999.9,-88.8
930,0.5,21.8,31.3,27,888.8,-88.8,-999.9,-88.8
931,0.6,21.8,31.4,27,888.8,-88.8,-999.9,-88.8
932,0.7,21.8,31.4,26.9,888.8,-88.8,-999.9,-88.8
933,0.7,21.8,31.4,26.7,888.8,-88.8,-999.9,-88.8
934,0.8,21.8,31.5,26.6,888.8,-88.8,-999.9,-88.8
935,0.9,21.8,31.5,26.6,888.8,-88.8,-999.9,-88.8
936,1,21.8,31.5,26.5,888.8,-88.8,-999.9,-88.8
937,1,21.8,31.5,26.4,888.8,-88.8,-999.9,-88.8
938,1.1,21.8,31.5,26.3,888.8,-88.8,-999.9,-88.8
939,1.2,21.8,31.5,26.1,888.8,-88.8,-999.9,-88.8
940,1.2,21.8,31.6,26,888.8,-88.8,-999.9,-88.8
941,1.3,21.9,31.6,25.9,888.8,-88.8,-999.9,-88.8
942,1.4,21.8,31.6,25.8,888.8,-88.8,-999.9,-88.8
943,1.5,21.8,31.6,25.7,888.8,-88.8,-999.9,-88.8
944,1.5,21.8,31.7,25.7,888.8,-88.8,-999.9,-88.8
945,1.6,21.8,31.7,25.6,888.8,-88.8,-999.9,-88.8
946,1.7,21.8,31.7,25.5,888.8,-88.8,-999.9,-88.8
947,1.8,21.8,31.7,25.4,888.8,-88.8,-999.9,-88.8
948,1.9,21.9,31.7,25.4,888.8,-88.8,-999.9,-88.8
949,1.9,21.8,31.8,25.3,888.8,-88.8,-999.9,-88.8
950,2,21.8,31.8,25.3,888.8,-88.8,-999.9,-88.8
951,2.1,21.9,31.8,25.2,888.8,-88.8,-999.9,-88.8
952,2.2,21.9,31.8,25.1,888.8,-88.8,-999.9,-88.8
953,2.2,21.9,31.8,25.1,888.8,-88.8,-999.9,-88.8
954,2.3,21.9,31.9,25,888.8,-88.8,-999.9,-88.8
955,2.4,21.9,31.9,25,888.8,-88.8,-999.9,-88.8
956,2.5,21.9,32,25,888.8,-88.8,-999.9,-88.8
957,2.6,21.9,32,24.9,888.8,-88.8,-999.9,-88.8
958,2.7,21.9,32,24.8,888.8,-88.8,-999.9,-88.8
959,2.8,21.9,32,24.8,888.8,-88.8,-999.9,-88.8
1000,2.8,21.9,32.1,24.8,888.8,-88.8,-999.9,-88.8
1001,2.9,21.9,32.1,24.7,888.8,-88.8,-999.9,-88.8
1002,3,21.9,32.1,24.7,888.8,-88.8,-999.9,-88.8
1003,3.1,21.9,32.1,24.6,888.8,-88.8,-999.9,-88.8
1004,3.2,21.9,32.1,24.6,888.8,-88.8,-999.9,-88.8
1005,3.3,21.9,32.2,24.6,888.8,-88.8,-999.9,-88.8
1006,3.4,21.9,32.2,24.5,888.8,-88.8,-999.9,-88.8
1007,3.5,21.9,32.2,24.5,888.8,-88.8,-999.9,-88.8
1008,3.5,21.9,32.2,24.5,888.8,-88.8,-999.9,-88.8
1009,3.6,21.9,32.2,24.4,888.8,-88.8,-999.9,-88.8
1010,3.7,21.9,32.2,24.4,888.8,-88.8,-999.9,-88.8
1011,3.8,21.9,32.2,24.4,888.8,-88.8,-999.9,-88.8
1012,3.9,21.9,32.2,24.4,888.8,-88.8,-999.9,-88.8
1013,4,21.9,32.2,24.3,888.8,-88.8,-999.9,-88.8
1014,4.1,21.9,32.3,24.3,888.8,-88.8,-999.9,-88.8
1015,4.2,21.9,32.3,24.3,888.8,-88.8,-999.9,-88.8
1016,4.3,21.9,32.3,24.3,888.8,-88.8,-999.9,-88.8
1017,4.4,21.9,32.3,24.3,888.8,-88.8,-999.9,-88.8
1018,4.5,21.9,32.3,24.2,888.8,-88.8,-999.9,-88.8
1019,4.6,22,32.3,24.2,888.8,-88.8,-999.9,-88.8
1020,4.7,21.9,32.3,24.3,888.8,-88.8,-999.9,-88.8
1021,4.8,21.9,32.3,24.2,888.8,-88.8,-999.9,-88.8
1022,4.9,21.9,32.3,24.2,888.8,-88.8,-999.9,-88.8
1023,5,22,32.3,24.2,888.8,-88.8,-999.9,-88.8
1024,5.1,22,32.3,24.2,888.8,-88.8,-999.9,-88.8
1025,5.2,22,32.3,24.2,888.8,-88.8,-999.9,-88.8
1026,5.4,22,32.3,24.1,888.8,-88.8,-999.9,-88.8
1027,5.5,22,32.3,24.1,888.8,-88.8,-999.9,-88.8
1028,5.5,22,32.3,24.1,888.8,-88.8,-999.9,-88.8
1029,5.6,22,32.3,24.1,888.8,-88.8,-999.9,-88.8
1030,5.7,22,32.3,24.1,888.8,-88.8,-999.9,-88.8
1031,5.9,22,32.3,24,888.8,-88.8,-999.9,-88.8
1032,6,21.9,32.3,24,888.8,-88.8,-999.9,-88.8
1033,6.1,22,32.3,24,888.8,-88.8,-999.9,-88.8
1034,6.2,22,32.3,24,888.8,-88.8,-999.9,-88.8
1035,6.3,22,32.3,24,888.8,-88.8,-999.9,-88.8
1036,6.4,22,32.3,24,888.8,-88.8,-999.9,-88.8
1037,6.5,22,32.4,24,888.8,-88.8,-999.9,-88.8
1038,6.7,22,32.3,23.9,888.8,-88.8,-999.9,-88.8
1039,6.8,22,32.3,23.9,888.8,-88.8,-999.9,-88.8
1040,7,22,32.3,23.9,888.8,-88.8,-999.9,-88.8
1041,7,22,32.3,23.9,888.8,-88.8,-999.9,-88.8
1042,7.2,22,32.3,23.9,888.8,-88.8,-999.9,-88.8
1043,7.3,22.1,32.2,23.9,888.8,-88.8,-999.9,-88.8
1044,7.5,22.1,32.2,23.8,888.8,-88.8,-999.9,-88.8
1045,7.6,22,32.2,23.8,888.8,-88.8,-999.9,-88.8
1046,7.8,22.1,32.3,23.8,888.8,-88.8,-999.9,-88.8
1047,7.9,22,32.3,23.8,888.8,-88.8,-999.9,-88.8
1048,8,22.1,32.3,23.8,888.8,-88.8,-999.9,-88.8
1049,8.2,22.1,32.2,23.7,888.8,-88.8,-999.9,-88.8
1050,8.3,22,32.2,23.7,888.8,-88.8,-999.9,-88.8
1051,8.5,22,32.2,23.7,888.8,-88.8,-999.9,-88.8
1052,8.6,22.1,32.2,23.7,888.8,-88.8,-999.9,-88.8
1053,8.8,22.1,32.2,23.7,888.8,-88.8,-999.9,-88.8
1054,8.9,22.1,32.2,23.7,888.8,-88.8,-999.9,-88.8
1055,9,22.1,32.1,23.7,888.8,-88.8,-999.9,-88.8
1056,9.2,22.1,32.1,23.6,888.8,-88.8,-999.9,-88.8
1057,9.3,22.1,32.1,23.7,888.8,-88.8,-999.9,-88.8
1058,9.5,22.1,32.1,23.6,888.8,-88.8,-999.9,-88.8
1059,9.6,22.1,32.1,23.6,888.8,-88.8,-999.9,-88.8
1100,9.8,22.1,32,23.6,888.8,-88.8,-999.9,-88.8
1101,9.9,22.1,32,23.6,888.8,-88.8,-999.9,-88.8
1102,10.1,22.1,32,23.6,888.8,-88.8,-999.9,-88.8
1103,10.2,22.1,32,23.6,888.8,-88.8,-999.9,-88.8
1104,10.4,22.1,32,23.6,888.8,-88.8,-999.9,-88.8
1105,10.5,22.1,31.9,23.6,888.8,-88.8,-999.9,-88.8
1106,10.7,22.1,32,23.5,888.8,-88.8,-999.9,-88.8
1107,10.8,22.1,31.9,23.5,888.8,-88.8,-999.9,-88.8
1108,11,22.1,31.9,23.5,888.8,-88.8,-999.9,-88.8
1109,11.1,22.1,31.9,23.5,888.8,-88.8,-999.9,-88.8
1110,11.3,22.1,31.8,23.5,888.8,-88.8,-999.9,-88.8
1111,11.5,22.1,31.8,23.4,888.8,-88.8,-999.9,-88.8
1112,11.6,22.1,31.8,23.5,888.8,-88.8,-999.9,-88.8
1113,11.8,22.1,31.8,23.4,888.8,-88.8,-999.9,-88.8
1114,11.9,22.1,31.8,23.4,888.8,-88.8,-999.9,-88.8
1115,12.1,22.1,31.8,23.4,888.8,-88.8,-999.9,-88.8
1116,12.2,22.1,31.7,23.4,888.8,-88.8,-999.9,-88.8
1117,12.4,22.1,31.7,23.4,888.8,-88.8,-999.9,-88.8
1118,12.5,22.1,31.7,23.4,888.8,-88.8,-999.9,-88.8
1119,12.7,22.1,31.6,23.4,888.8,-88.8,-999.9,-88.8
1120,12.7,22.1,31.6,23.4,888.8,-88.8,-999.9,-88.8
1121,13,22.1,31.6,23.4,888.8,-88.8,-999.9,-88.8
1122,13,22.1,31.6,23.3,888.8,-88.8,-999.9,-88.8
1123,13.2,22.1,31.5,23.3,888.8,-88.8,-999.9,-88.8
1124,13.3,22.1,31.5,23.3,888.8,-88.8,-999.9,-88.8
1125,13.4,22.1,31.5,23.3,888.8,-88.8,-999.9,-88.8
1126,13.6,22.1,31.4,23.3,888.8,-88.8,-999.9,-88.8
1127,13.7,22.1,31.4,23.3,888.8,-88.8,-999.9,-88.8
1128,13.8,22.1,31.4,23.3,888.8,-88.8,-999.9,-88.8
1129,14,22.1,31.4,23.2,888.8,-88.8,-999.9,-88.8
1130,14.1,22.1,31.3,23.3,888.8,-88.8,-999.9,-88.8
1131,14.2,22.1,31.3,23.3,888.8,-88.8,-999.9,-88.8
1132,14.3,22.1,31.3,23.2,888.8,-88.8,-999.9,-88.8
1133,14.4,22.1,31.3,23.2,888.8,-88.8,-999.9,-88.8
1134,14.5,22.1,31.3,23.2,888.8,-88.8,-999.9,-88.8
1135,14.6,22.1,31.2,23.2,888.8,-88.8,-999.9,-88.8
1136,14.7,22.1,31.2,23.2,888.8,-88.8,-999.9,-88.8
1137,14.8,22.1,31.2,23.2,888.8,-88.8,-999.9,-88.8
1138,15,22.2,31.2,23.2,888.8,-88.8,-999.9,-88.8
1139,15.1,22.1,31.1,23.1,888.8,-88.8,-999.9,-88.8
1140,15.1,22.1,31.2,23.1,888.8,-88.8,-999.9,-88.8
1141,15.3,22.1,31.1,23.1,888.8,-88.8,-999.9,-88.8
1142,15.3,22.1,31.1,23.1,888.8,-88.8,-999.9,-88.8
1143,15.5,22.1,31,23.1,888.8,-88.8,-999.9,-88.8
1144,15.5,22.2,31,23.1,888.8,-88.8,-999.9,-88.8
1145,15.7,22.2,31,23.1,888.8,-88.8,-999.9,-88.8
1146,15.8,22.2,31,23.1,888.8,-88.8,-999.9,-88.8
1147,15.8,22.2,31,23,888.8,-88.8,-999.9,-88.8
1148,15.9,22.2,31,23,888.8,-88.8,-999.9,-88.8
1149,16,22.2,30.9,23,888.8,-88.8,-999.9,-88.8
1150,16.1,22.2,30.9,23,888.8,-88.8,-999.9,-88.8
1151,16.2,22.2,30.8,23,888.8,-88.8,-999.9,-88.8
1152,16.3,22.2,30.8,23,888.8,-88.8,-999.9,-88.8
1153,16.4,22.2,30.8,23,888.8,-88.8,-999.9,-88.8
1154,16.5,22.2,30.8,23,888.8,-88.8,-999.9,-88.8
1155,16.6,22.2,30.8,23,888.8,-88.8,-999.9,-88.8
1156,16.7,22.2,30.7,23,888.8,-88.8,-999.9,-88.8
1157,16.8,22.2,30.7,22.9,888.8,-88.8,-999.9,-88.8
1158,16.9,22.2,30.7,22.9,888.8,-88.8,-999.9,-88.8
1159,17,22.2,30.7,22.9,888.8,-88.8,-999.9,-88.8
1200,17.2,22.2,30.7,22.9,888.8,-88.8,-999.9,-88.8
1201,17.3,22.2,30.6,22.9,888.8,-88.8,-999.9,-88.8
1202,17.4,22.2,30.6,22.9,888.8,-88.8,-999.9,-88.8
1203,17.5,22.2,30.5,22.9,888.8,-88.8,-999.9,-88.8
1204,17.6,22.2,30.5,22.8,888.8,-88.8,-999.9,-88.8
1205,17.7,22.2,30.5,22.8,888.8,-88.8,-999.9,-88.8
1206,17.8,22.2,30.5,22.8,888.8,-88.8,-999.9,-88.8
1207,18,22.2,30.4,22.8,888.8,-88.8,-999.9,-88.8
1208,18.1,22.2,30.4,22.8,888.8,-88.8,-999.9,-88.8
1209,18.2,22.2,30.4,22.8,888.8,-88.8,-999.9,-88.8
1210,18.3,22.2,30.4,22.8,888.8,-88.8,-999.9,-88.8
1211,18.4,22.2,30.3,22.8,888.8,-88.8,-999.9,-88.8
1212,18.5,22.2,30.3,22.8,888.8,-88.8,-999.9,-88.8
1213,18.6,22.2,30.3,22.7,888.8,-88.8,-999.9,-88.8
1214,18.7,22.2,30.3,22.8,888.8,-88.8,-999.9,-88.8
1215,18.9,22.2,30.3,22.8,888.8,-88.8,-999.9,-88.8
1216,19,22.2,30.2,22.7,888.8,-88.8,-999.9,-88.8
1217,19.1,22.2,30.2,22.7,888.8,-88.8,-999.9,-88.8
1218,19.2,22.2,30.2,22.7,888.8,-88.8,-999.9,-88.8
1219,19.3,22.2,30.2,22.7,888.8,-88.8,-999.9,-88.8
1220,19.5,22.2,30.2,22.7,888.8,-88.8,-999.9,-88.8
1221,19.6,22.2,30.1,22.7,888.8,-88.8,-999.9,-88.8
1222,19.8,22.3,30.1,22.7,888.8,-88.8,-999.9,-88.8
1223,19.9,22.2,30.1,22.7,888.8,-88.8,-999.9,-88.8
1224,20.1,22.2,30.1,22.6,888.8,-88.8,-999.9,-88.8
1225,20.2,22.2,30,22.6,888.8,-88.8,-999.9,-88.8
1226,20.4,22.2,30,22.6,888.8,-88.8,-999.9,-88.8
1227,20.5,22.2,30,22.6,888.8,-88.8,-999.9,-88.8
1228,20.6,22.2,30,22.6,888.8,-88.8,-999.9,-88.8
1229,20.8,22.2,30,22.6,888.8,-88.8,-999.9,-88.8
1230,20.9,22.2,29.9,22.5,888.8,-88.8,-999.9,-88.8
1231,21,22.2,29.9,22.6,888.8,-88.8,-999.9,-88.8
1232,21.2,22.2,29.9,22.5,888.8,-88.8,-999.9,-88.8
1233,21.3,22.2,29.9,22.5,888.8,-88.8,-999.9,-88.8
1234,21.4,22.2,29.9,22.5,888.8,-88.8,-999.9,-88.8
1235,21.5,22.2,29.8,22.5,888.8,-88.8,-999.9,-88.8
1236,21.6,22.2,29.8,22.5,888.8,-88.8,-999.9,-88.8
1237,21.8,22.2,29.8,22.5,888.8,-88.8,-999.9,-88.8
1238,21.9,22.2,29.7,22.5,888.8,-88.8,-999.9,-88.8
1239,22,22.2,29.7,22.5,888.8,-88.8,-999.9,-88.8
1240,22.1,22.2,29.7,22.5,888.8,-88.8,-999.9,-88.8
1241,22.2,22.2,29.7,22.5,888.8,-88.8,-999.9,-88.8
1242,22.4,22.3,29.7,22.4,888.8,-88.8,-999.9,-88.8
1243,22.5,22.2,29.7,22.5,888.8,-88.8,-999.9,-88.8
1244,22.6,22.3,29.6,22.4,888.8,-88.8,-999.9,-88.8
1245,22.7,22.2,29.6,22.4,888.8,-88.8,-999.9,-88.8
1246,22.8,22.2,29.6,22.4,888.8,-88.8,-999.9,-88.8
1247,23,22.2,29.5,21.3,888.8,-88.8,-999.9,-88.8
1248,23.1,22.3,29.5,20.8,888.8,-88.8,-999.9,-88.8
1249,23.2,22.3,29.5,20.5,888.8,-88.8,-999.9,-88.8
1250,23.3,22.3,29.5,20.4,888.8,-88.8,-999.9,-88.8
1251,23.5,22.3,29.5,20.3,888.8,-88.8,-999.9,-88.8
1252,23.6,22.3,29.5,20.2,888.8,-88.8,-999.9,-88.8
1253,23.7,22.3,29.5,20.1,888.8,-88.8,-999.9,-88.8
1254,23.9,22.2,29.5,20,888.8,-88.8,-999.9,-88.8
1255,24,22.3,29.5,20,888.8,-88.8,-999.9,-88.8
1256,24.1,22.3,29.5,20,888.8,-88.8,-999.9,-88.8
1257,24.2,22.3,29.5,20,888.8,-88.8,-999.9,-88.8
1258,24.3,22.3,29.5,20,888.8,-88.8,-999.9,-88.8
1259,24.5,22.3,29.5,20,888.8,-88.8,-999.9,-88.8
1300,24.6,22.3,29.5,20,888.8,-88.8,-999.9,-88.8
1301,24.7,22.3,29.5,20,888.8,-88.8,-999.9,-88.8
1302,24.8,22.2,29.5,20,888.8,-88.8,-999.9,-88.8
1303,25,22.3,29.5,20,888.8,-88.8,-999.9,-88.8
1304,25.1,22.3,29.5,20.1,888.8,-88.8,-999.9,-88.8
1305,25.1,22.3,29.5,21.7,888.8,-88.8,-999.9,-88.8
1306,25.2,22.3,29.6,21.1,888.8,-88.8,-999.9,-88.8
1307,25.3,22.3,29.6,20.6,888.8,-88.8,-999.9,-88.8
1308,25.3,22.3,29.6,21.2,888.8,-88.8,-999.9,-88.8
1309,25.4,22.3,29.6,21.3,888.8,-88.8,-999.9,-88.8
1310,25.4,22.4,29.6,21.5,888.8,-88.8,-999.9,-88.8
1311,25.4,22.3,29.6,21.9,888.8,-88.8,-999.9,-88.8
1312,25.5,22.3,29.6,22.2,888.8,-88.8,-999.9,-88.8
1313,25.5,22.3,29.6,22.5,888.8,-88.8,-999.9,-88.8
1314,25.5,22.3,29.6,22.9,888.8,-88.8,-999.9,-88.8
1315,25.5,22.3,29.6,23.2,888.8,-88.8,-999.9,-88.8
1316,25.4,22.3,29.6,23.6,888.8,-88.8,-999.9,-88.8
1317,25.4,22.3,29.7,23.9,888.8,-88.8,-999.9,-88.8
1318,25.4,22.3,29.7,24.2,888.8,-88.8,-999.9,-88.8
1319,25.4,22.3,29.7,25.1,888.8,-88.8,-999.9,-88.8
1320,25.4,22.3,29.7,26,888.8,-88.8,-999.9,-88.8
1321,25.4,22.3,29.7,26.9,888.8,-88.8,-999.9,-88.8
1322,25.3,22.4,29.7,28.2,888.8,-88.8,-999.9,-88.8
1323,25.3,22.3,29.7,29.4,888.8,-88.8,-999.9,-88.8
1324,25.3,22.4,29.7,30.8,888.8,-88.8,-999.9,-88.8
1325,25.3,22.4,29.7,32.1,888.8,-88.8,-999.9,-88.8
1326,25.2,22.4,29.7,33.3,888.8,-88.8,-999.9,-88.8
1327,25.1,22.4,29.7,34.4,888.8,-88.8,-999.9,-88.8
1328,25.1,22.3,29.7,35.4,888.8,-88.8,-999.9,-88.8
1329,25.1,22.4,29.7,36.3,888.8,-88.8,-999.9,-88.8
1330,25.1,22.4,29.7,37.1,888.8,-88.8,-999.9,-88.8
1331,25,22.4,29.7,37.9,888.8,-88.8,-999.9,-88.8
1332,24.9,22.4,29.7,38.5,888.8,-88.8,-999.9,-88.8
1333,24.8,22.4,29.7,39.3,888.8,-88.8,-999.9,-88.8
1334,24.8,22.4,29.7,39.9,888.8,-88.8,-999.9,-88.8
1335,24.7,22.4,29.7,40.6,888.8,-88.8,-999.9,-88.8
1336,24.7,22.4,29.7,41.2,888.8,-88.8,-999.9,-88.8
1337,24.6,22.4,29.7,41.9,888.8,-88.8,-999.9,-88.8
1338,24.5,22.4,29.7,42.6,888.8,-88.8,-999.9,-88.8
1339,24.4,22.4,29.7,43.2,888.8,-88.8,-999.9,-88.8
1340,24.3,22.4,29.7,43.6,888.8,-88.8,-999.9,-88.8
1341,24.2,22.4,29.7,44.3,888.8,-88.8,-999.9,-88.8
1342,24.2,22.3,29.7,44.6,888.8,-88.8,-999.9,-88.8
1343,24,22.3,29.7,45.2,888.8,-88.8,-999.9,-88.8
1344,24,22.3,29.7,45.4,888.8,-88.8,-999.9,-88.8
1345,23.9,22.3,29.7,45.8,888.8,-88.8,-999.9,-88.8
1346,23.7,22.3,29.7,46.2,888.8,-88.8,-999.9,-88.8
1347,23.6,22.3,29.7,46.6,888.8,-88.8,-999.9,-88.8
1348,23.5,22.3,29.7,46.7,888.8,-88.8,-999.9,-88.8
1349,23.4,22.3,29.7,47,888.8,-88.8,-999.9,-88.8
1350,23.3,22.3,29.7,47.1,888.8,-88.8,-999.9,-88.8
1351,23.2,22.2,29.7,47.2,888.8,-88.8,-999.9,-88.8
1352,23.1,22.3,29.8,47.2,888.8,-88.8,-999.9,-88.8
1353,23,22.2,29.7,47.4,888.8,-88.8,-999.9,-88.8
1354,22.8,22.3,29.7,47.5,888.8,-88.8,-999.9,-88.8
1355,22.7,22.3,29.7,47.5,888.8,-88.8,-999.9,-88.8
1356,22.6,22.3,29.7,47.5,888.8,-88.8,-999.9,-88.8
1357,22.4,22.2,29.7,47.7,888.8,-88.8,-999.9,-88.8
1358,22.3,22.3,29.8,47.7,888.8,-88.8,-999.9,-88.8
1359,22.1,22.3,29.7,47.8,888.8,-88.8,-999.9,-88.8
1400,22,22.3,29.7,47.8,888.8,-88.8,-999.9,-88.8
1401,21.9,22.3,29.7,47.4,888.8,-88.8,-999.9,-88.8
1402,21.8,22.3,29.7,46.2,888.8,-88.8,-999.9,-88.8
1403,21.7,22.3,29.8,45.2,888.8,-88.8,-999.9,-88.8
1404,21.6,22.3,29.7,44.4,888.8,-88.8,-999.9,-88.8
1405,21.5,22.3,29.8,44.1,888.8,-88.8,-999.9,-88.8
1406,21.4,22.3,29.8,44.3,888.8,-88.8,-999.9,-88.8
1407,21.3,22.3,29.8,44.5,888.8,-88.8,-999.9,-88.8
1408,21.2,22.3,29.8,43.7,888.8,-88.8,-999.9,-88.8
1409,21.1,22.3,29.8,43.1,888.8,-88.8,-999.9,-88.8
1410,21,22.3,29.8,42.3,888.8,-88.8,-999.9,-88.8
1411,20.8,22.3,29.8,41.8,888.8,-88.8,-999.9,-88.8
1412,20.7,22.2,29.8,41.2,888.8,-88.8,-999.9,-88.8
1413,20.6,22.2,29.8,40.7,888.8,-88.8,-999.9,-88.8
1414,20.6,22.2,29.8,40.3,888.8,-88.8,-999.9,-88.8
1415,20.5,22.2,29.8,39.8,888.8,-88.8,-999.9,-88.8
1416,20.4,22.2,29.8,39.9,888.8,-88.8,-999.9,-88.8
1417,20.3,22.2,29.8,39.8,888.8,-88.8,-999.9,-88.8
1418,20.2,22.2,29.8,39.8,888.8,-88.8,-999.9,-88.8
1419,20.1,22.2,29.8,40.1,888.8,-88.8,-999.9,-88.8
1420,20,22.2,29.8,40.4,888.8,-88.8,-999.9,-88.8
1421,19.9,22.2,29.7,40.6,888.8,-88.8,-999.9,-88.8
1422,19.8,22.2,29.8,41,888.8,-88.8,-999.9,-88.8
1423,19.6,22.2,29.8,41.3,888.8,-88.8,-999.9,-88.8
1424,19.6,22.2,29.8,40.9,888.8,-88.8,-999.9,-88.8
1425,19.5,22.2,29.8,40.4,888.8,-88.8,-999.9,-88.8
1426,19.4,22.2,29.8,40.1,888.8,-88.8,-999.9,-88.8
1427,19.3,22.2,29.8,39.9,888.8,-88.8,-999.9,-88.8
1428,19.2,22.2,29.8,39.8,888.8,-88.8,-999.9,-88.8
1429,19.1,22.2,29.8,39.5,888.8,-88.8,-999.9,-88.8
1430,19,22.2,29.8,39.3,888.8,-88.8,-999.9,-88.8
1431,18.9,22.2,29.8,39.1,888.8,-88.8,-999.9,-88.8
1432,18.8,22.2,29.8,38.8,888.8,-88.8,-999.9,-88.8
1433,18.7,22.2,29.8,38.4,888.8,-88.8,-999.9,-88.8
1434,18.6,22.2,29.8,38.2,888.8,-88.8,-999.9,-88.8
1435,18.6,22.2,29.8,38.2,888.8,-88.8,-999.9,-88.8
1436,18.5,22.2,29.8,37.9,888.8,-88.8,-999.9,-88.8
1437,18.4,22.2,29.8,37.9,888.8,-88.8,-999.9,-88.8
1438,18.3,22.2,29.9,38.2,888.8,-88.8,-999.9,-88.8
1439,18.2,22.3,29.8,38.7,888.8,-88.8,-999.9,-88.8
1440,18,22.3,29.9,39.2,888.8,-88.8,-999.9,-88.8
1441,17.8,22.3,29.8,39.8,888.8,-88.8,-999.9,-88.8
1442,17.7,22.3,29.9,40.3,888.8,-88.8,-999.9,-88.8
1443,17.6,22.3,29.9,40.7,888.8,-88.8,-999.9,-88.8
1444,17.4,22.3,29.9,41,888.8,-88.8,-999.9,-88.8
1445,17.4,22.3,29.9,41.4,888.8,-88.8,-999.9,-88.8
1446,17.3,22.3,29.9,41.8,888.8,-88.8,-999.9,-88.8
1447,17.2,22.3,29.9,42.1,888.8,-88.8,-999.9,-88.8
1448,17.1,22.2,29.9,42.4,888.8,-88.8,-999.9,-88.8
1449,17,22.4,29.9,42.7,888.8,-88.8,-999.9,-88.8
1450,16.9,22.3,29.9,43.1,888.8,-88.8,-999.9,-88.8
1451,16.7,22.3,29.9,43.3,888.8,-88.8,-999.9,-88.8
1452,16.6,22.3,29.9,43.5,888.8,-88.8,-999.9,-88.8
1453,16.5,22.3,29.9,43.8,888.8,-88.8,-999.9,-88.8
1454,16.4,22.3,29.9,43.4,888.8,-88.8,-999.9,-88.8
1455,16.3,22.3,29.9,43.4,888.8,-88.8,-999.9,-88.8
1456,16.2,22.3,29.9,43.5,888.8,-88.8,-999.9,-88.8
1457,16.1,22.3,29.9,43.7,888.8,-88.8,-999.9,-88.8
1458,16,22.4,29.9,43.9,888.8,-88.8,-999.9,-88.8
1459,15.9,22.4,29.9,44.1,888.8,-88.8,-999.9,-88.8
1500,15.8,22.4,29.9,44.2,888.8,-88.8,-999.9,-88.8
1501,15.7,22.4,29.9,44.4,888.8,-88.8,-999.9,-88.8
1502,15.6,22.4,29.9,44.5,888.8,-88.8,-999.9,-88.8
1503,15.5,22.4,29.9,44.6,888.8,-88.8,-999.9,-88.8
1504,15.4,22.4,29.9,44.7,888.8,-88.8,-999.9,-88.8
1505,15.2,22.4,30,44.8,888.8,-88.8,-999.9,-88.8
1506,15.1,22.4,29.9,45,888.8,-88.8,-999.9,-88.8
1507,15.1,22.4,29.9,44.9,888.8,-88.8,-999.9,-88.8
1508,14.9,22.4,29.9,45,888.8,-88.8,-999.9,-88.8
1509,14.8,22.4,29.9,45,888.8,-88.8,-999.9,-88.8
1510,14.6,22.4,29.9,45.1,888.8,-88.8,-999.9,-88.8
1511,14.6,22.4,29.9,45.2,888.8,-88.8,-999.9,-88.8
1512,14.4,22.4,29.9,45.3,888.8,-88.8,-999.9,-88.8
1513,14.3,22.4,30,45.4,888.8,-88.8,-999.9,-88.8
1514,14.2,22.4,29.9,45.4,888.8,-88.8,-999.9,-88.8
1515,14.1,22.3,29.9,45.5,888.8,-88.8,-999.9,-88.8
1516,14,22.2,29.8,45.5,888.8,-88.8,-999.9,-88.8
1517,13.8,22.1,29.6,45.6,888.8,-88.8,-999.9,-88.8
1518,13.7,21.9,29.4,45.7,888.8,-88.8,-999.9,-88.8
1519,13.6,21.6,29.2,45.7,888.8,-88.8,-999.9,-88.8
1520,13.4,21.5,29,45.8,888.8,-88.8,-999.9,-88.8
1521,13.3,21.2,28.7,45.8,888.8,-88.8,-999.9,-88.8
1522,13.3,21,28.5,45.8,888.8,-88.8,-999.9,-88.8
1523,13.1,20.7,28.2,45.8,888.8,-88.8,-999.9,-88.8
1524,13,20.5,28,45.8,888.8,-88.8,-999.9,-88.8
1525,12.9,20.3,27.8,45.8,888.8,-88.8,-999.9,-88.8
1526,12.8,20.1,27.5,45.7,888.8,-88.8,-999.9,-88.8
1527,12.8,19.9,27.3,45.7,888.8,-88.8,-999.9,-88.8
1528,12.6,19.7,27,45.6,888.8,-88.8,-999.9,-88.8
1529,12.5,19.5,26.8,45.4,888.8,-88.8,-999.9,-88.8
1530,12.4,19.3,26.5,45.5,888.8,-88.8,-999.9,-88.8
1531,12.2,19.1,26.3,45.4,888.8,-88.8,-999.9,-88.8
1532,12.2,18.9,26.1,45.3,888.8,-88.8,-999.9,-88.8
1533,12.1,18.7,25.8,45.3,888.8,-88.8,-999.9,-88.8
1534,11.9,18.5,25.6,45.1,888.8,-88.8,-999.9,-88.8
1535,11.7,18.3,25.4,45,888.8,-88.8,-999.9,-88.8
1536,11.7,18.2,25.3,45,888.8,-88.8,-999.9,-88.8
1537,11.5,18.1,25.2,45,888.8,-88.8,-999.9,-88.8
1538,11.4,18.1,25.1,45,888.8,-88.8,-999.9,-88.8
1539,11.4,18,25.1,45,888.8,-88.8,-999.9,-88.8
1540,11.3,18,25.1,45,888.8,-88.8,-999.9,-88.8
1541,11.1,17.9,25.1,45.1,888.8,-88.8,-999.9,-88.8
1542,11,17.9,25.1,45.1,888.8,-88.8,-999.9,-88.8
1543,10.9,17.9,25.1,45.1,888.8,-88.8,-999.9,-88.8
1544,10.9,17.9,25,45.3,888.8,-88.8,-999.9,-88.8
1545,10.7,17.9,25,45.4,888.8,-88.8,-999.9,-88.8
1546,10.6,17.9,25,45.5,888.8,-88.8,-999.9,-88.8
1547,10.5,17.9,25,45.6,888.8,-88.8,-999.9,-88.8
1548,10.4,17.9,25,45.8,888.8,-88.8,-999.9,-88.8
1549,10.3,17.9,25.1,45.9,888.8,-88.8,-999.9,-88.8
1550,10.2,17.9,25,46,888.8,-88.8,-999.9,-88.8
1551,10.1,17.9,25,46.1,888.8,-88.8,-999.9,-88.8
1552,10,17.9,25,46.2,888.8,-88.8,-999.9,-88.8
1553,9.9,17.9,25.1,46.3,888.8,-88.8,-999.9,-88.8
1554,9.8,17.9,25.1,46.4,888.8,-88.8,-999.9,-88.8
1555,9.7,17.9,25.1,46.6,888.8,-88.8,-999.9,-88.8
1556,9.5,17.9,25.1,46.7,888.8,-88.8,-999.9,-88.8
1557,9.4,17.9,25.1,46.7,888.8,-88.8,-999.9,-88.8
1558,9.3,17.9,25.1,46.8,888.8,-88.8,-999.9,-88.8
1559,9.2,17.9,25.1,46.9,888.8,-88.8,-999.9,-88.8
1600,9,17.9,25.1,47,888.8,-88.8,-999.9,-88.8
1601,8.9,17.9,25.1,47,888.8,-88.8,-999.9,-88.8
1602,8.8,17.9,25.1,47,888.8,-88.8,-999.9,-88.8
1603,8.7,17.9,25.1,47.1,888.8,-88.8,-999.9,-88.8
1604,8.5,17.9,25.1,47.1,888.8,-88.8,-999.9,-88.8
1605,8.4,17.9,25.1,47.1,888.8,-88.8,-999.9,-88.8
1606,8.3,17.9,25.1,47.2,888.8,-88.8,-999.9,-88.8
1607,8.1,17.9,25.1,47.2,888.8,-88.8,-999.9,-88.8
1608,8.1,17.9,25.1,47.2,888.8,-88.8,-999.9,-88.8
1609,7.9,17.9,25.1,47.2,888.8,-88.8,-999.9,-88.8
1610,7.8,17.9,25.1,47.2,888.8,-88.8,-999.9,-88.8
1611,7.8,17.9,25.2,47.2,888.8,-88.8,-999.9,-88.8
1612,7.6,17.9,25.2,47.2,888.8,-88.8,-999.9,-88.8
1613,7.5,17.9,25.2,47.2,888.8,-88.8,-999.9,-88.8
1614,7.5,17.9,25.2,47.2,888.8,-88.8,-999.9,-88.8
1615,7.3,17.9,25.2,47.2,888.8,-88.8,-999.9,-88.8
1616,7.2,17.9,25.2,47.2,888.8,-88.8,-999.9,-88.8
1617,7.1,17.9,25.2,47.2,888.8,-88.8,-999.9,-88.8
1618,7,17.9,25.1,47.3,888.8,-88.8,-999.9,-88.8
1619,6.9,17.9,25.2,47.2,888.8,-88.8,-999.9,-88.8
1620,6.8,17.9,25.2,47.2,888.8,-88.8,-999.9,-88.8
1621,6.7,17.9,25.2,47.2,888.8,-88.8,-999.9,-88.8
1622,6.6,17.9,25.2,47.2,888.8,-88.8,-999.9,-88.8
1623,6.5,17.9,25.2,47.2,888.8,-88.8,-999.9,-88.8
1624,6.4,17.9,25.3,47.2,888.8,-88.8,-999.9,-88.8
1625,6.3,17.9,25.2,47.3,888.8,-88.8,-999.9,-88.8
1626,6.2,17.9,25.3,47.3,888.8,-88.8,-999.9,-88.8
1627,6.1,17.9,25.2,47.4,888.8,-88.8,-999.9,-88.8
1628,6,17.9,25.2,47.4,888.8,-88.8,-999.9,-88.8
1629,5.9,17.9,25.2,47.4,888.8,-88.8,-999.9,-88.8
1630,5.8,17.9,25.2,47.5,888.8,-88.8,-999.9,-88.8
1631,5.7,17.9,25.3,47.6,888.8,-88.8,-999.9,-88.8
1632,5.6,17.9,25.3,47.6,888.8,-88.8,-999.9,-88.8
1633,5.5,17.9,25.3,45,888.8,-88.8,-999.9,-88.8
1634,5.4,17.9,25.3,43.7,888.8,-88.8,-999.9,-88.8
1635,5.3,17.9,25.3,43.6,888.8,-88.8,-999.9,-88.8
1636,5.2,17.9,25.3,44,888.8,-88.8,-999.9,-88.8
1637,5.1,17.9,25.3,45.2,888.8,-88.8,-999.9,-88.8
1638,5,17.9,25.3,46.4,888.8,-88.8,-999.9,-88.8
1639,4.9,17.9,25.3,47.1,888.8,-88.8,-999.9,-88.8
1640,4.8,17.9,25.3,47.4,888.8,-88.8,-999.9,-88.8
1641,4.7,17.9,25.3,47.4,888.8,-88.8,-999.9,-88.8
1642,4.6,17.9,25.3,47.5,888.8,-88.8,-999.9,-88.8
1643,4.5,17.9,25.3,47.5,888.8,-88.8,-999.9,-88.8
1644,4.4,17.9,25.3,47.6,888.8,-88.8,-999.9,-88.8
1645,4.3,17.9,25.3,47.6,888.8,-88.8,-999.9,-88.8
1646,4.2,18,25.3,47.7,888.8,-88.8,-999.9,-88.8
1647,4.1,17.9,25.3,47.8,888.8,-88.8,-999.9,-88.8
1648,4,17.9,25.3,47.9,888.8,-88.8,-999.9,-88.8
1649,4,17.9,25.3,48,888.8,-88.8,-999.9,-88.8
1650,3.9,17.9,25.4,48.1,888.8,-88.8,-999.9,-88.8
1651,3.8,17.9,25.4,48.1,888.8,-88.8,-999.9,-88.8
1652,3.7,17.9,25.3,48.2,888.8,-88.8,-999.9,-88.8
1653,3.6,17.9,25.3,48.3,888.8,-88.8,-999.9,-88.8
1654,3.5,17.9,25.4,48.3,888.8,-88.8,-999.9,-88.8
1655,3.4,17.9,25.4,48.4,888.8,-88.8,-999.9,-88.8
1656,3.3,17.9,25.4,48.4,888.8,-88.8,-999.9,-88.8
1657,3.3,17.9,25.4,48.5,888.8,-88.8,-999.9,-88.8
1658,3.1,17.9,25.4,48.5,888.8,-88.8,-999.9,-88.8
1659,3.1,18,25.4,48.5,888.8,-88.8,-999.9,-88.8
1700,3,18,25.4,48.8,888.8,-88.8,-999.9,-88.8
1701,2.9,17.9,25.4,48.6,888.8,-88.8,-999.9,-88.8
1702,2.9,18,25.4,47.9,888.8,-88.8,-999.9,-88.8
1703,2.8,17.9,25.4,47.5,888.8,-88.8,-999.9,-88.8
1704,2.7,18,25.4,47,888.8,-88.8,-999.9,-88.8
1705,2.7,17.9,25.4,46.5,888.8,-88.8,-999.9,-88.8
1706,2.6,17.9,25.4,46.1,888.8,-88.8,-999.9,-88.8
1707,2.5,18,25.4,45.6,888.8,-88.8,-999.9,-88.8
1708,2.4,18,25.4,44.7,888.8,-88.8,-999.9,-88.8
1709,2.4,18,25.4,44.2,888.8,-88.8,-999.9,-88.8
1710,2.3,18,25.4,44,888.8,-88.8,-999.9,-88.8
1711,2.2,18,25.4,44.1,888.8,-88.8,-999.9,-88.8
1712,2.2,18,25.4,44.2,888.8,-88.8,-999.9,-88.8
1713,2.1,18,25.4,44.6,888.8,-88.8,-999.9,-88.8
1714,2.1,18,25.4,45.1,888.8,-88.8,-999.9,-88.8
1715,2,18,25.4,45.5,888.8,-88.8,-999.9,-88.8
1716,1.9,18,25.4,45.9,888.8,-88.8,-999.9,-88.8
1717,1.8,18,25.4,46.1,888.8,-88.8,-999.9,-88.8
1718,1.8,18,25.4,46.4,888.8,-88.8,-999.9,-88.8
1719,1.7,18,25.4,46.6,888.8,-88.8,-999.9,-88.8
1720,1.7,18,25.4,46.8,888.8,-88.8,-999.9,-88.8
1721,1.6,18,25.5,47.1,888.8,-88.8,-999.9,-88.8
1722,1.5,18,25.5,47.2,888.8,-88.8,-999.9,-88.8
1723,1.5,18,25.5,47.4,888.8,-88.8,-999.9,-88.8
1724,1.4,18,25.4,47.5,888.8,-88.8,-999.9,-88.8
1725,1.4,18,25.5,47.7,888.8,-88.8,-999.9,-88.8
1726,1.3,18,25.5,47.9,888.8,-88.8,-999.9,-88.8
1727,1.3,18,25.5,47.8,888.8,-88.8,-999.9,-88.8
1728,1.2,18,25.5,47.7,888.8,-88.8,-999.9,-88.8
1729,1.2,18,25.5,47.6,888.8,-88.8,-999.9,-88.8
1730,1.1,18,25.5,47.3,888.8,-88.8,-999.9,-88.8
1731,1.1,18,25.5,47,888.8,-88.8,-999.9,-88.8
1732,1,18,25.5,46.5,888.8,-88.8,-999.9,-88.8
1733,1,18,25.5,46,888.8,-88.8,-999.9,-88.8
1734,1,18,25.5,45.6,888.8,-88.8,-999.9,-88.8
1735,1,18,25.6,45,888.8,-88.8,-999.9,-88.8
1736,0.9,18,25.6,44.5,888.8,-88.8,-999.9,-88.8
1737,0.8,18,25.6,44,888.8,-88.8,-999.9,-88.8
1738,0.8,18.1,25.6,43.2,888.8,-88.8,-999.9,-88.8
1739,0.7,18,25.6,42.9,888.8,-88.8,-999.9,-88.8
1740,0.7,18.1,25.6,42.9,888.8,-88.8,-999.9,-88.8
1741,0.7,18.1,25.6,42.9,888.8,-88.8,-999.9,-88.8
1742,0.6,18,25.6,43.3,888.8,-88.8,-999.9,-88.8
1743,0.6,18,25.6,43.8,888.8,-88.8,-999.9,-88.8
1744,0.5,18.1,25.6,44.3,888.8,-88.8,-999.9,-88.8
1745,0.5,18.1,25.6,44.8,888.8,-88.8,-999.9,-88.8
1746,0.5,18.1,25.6,45.2,888.8,-88.8,-999.9,-88.8
1747,0.4,18.1,25.6,45.6,888.8,-88.8,-999.9,-88.8
1748,0.4,18.1,25.6,46,888.8,-88.8,-999.9,-88.8
1749,0.4,18.1,25.6,42.9,888.8,-88.8,-999.9,-88.8
1750,0.3,18.1,25.6,42.3,888.8,-88.8,-999.9,-88.8
1751,0.3,18.1,25.6,44.6,888.8,-88.8,-999.9,-88.8
1752,0.3,18.1,25.6,47.4,888.8,-88.8,-999.9,-88.8
1753,0.2,18.1,25.7,48.2,888.8,-88.8,-999.9,-88.8
1754,0.2,18.1,25.6,48.4,888.8,-88.8,-999.9,-88.8
1755,0.1,18.1,25.7,48.6,888.8,-88.8,-999.9,-88.8
1756,0.1,18.1,25.7,48.9,888.8,-88.8,-999.9,-88.8
1757,0.1,18.1,25.7,49.1,888.8,-88.8,-999.9,-88.8
1758,0.1,18.1,25.7,49.3,888.8,-88.8,-999.9,-88.8
1759,0,18.1,25.7,49.4,888.8,-88.8,-999.9,-88.8
1800,0,18.1,25.7,49.5,888.8,-88.8,-999.9,-88.8
1801,0,18.1,25.7,48.7,888.8,-88.8,-999.9,-88.8
1802,0,18.1,25.7,48.2,888.8,-88.8,-999.9,-88.8
1803,0,18.1,25.7,47.7,888.8,-88.8,-999.9,-88.8
1804,0,18.1,25.7,47.3,888.8,-88.8,-999.9,-88.8
1805,0,18.1,25.7,46.8,888.8,-88.8,-999.9,-88.8
1806,0,18.1,25.7,46.4,888.8,-88.8,-999.9,-88.8
1807,-0.1,18.2,25.7,46.3,888.8,-88.8,-999.9,-88.8
1808,-0.1,18.1,25.7,46.6,888.8,-88.8,-999.9,-88.8
1809,-0.1,18.1,25.7,47,888.8,-88.8,-999.9,-88.8
1810,-0.1,18.2,25.8,47.4,888.8,-88.8,-999.9,-88.8
1811,-0.2,18.2,25.7,47.5,888.8,-88.8,-999.9,-88.8
1812,-0.2,18.2,25.8,47.6,888.8,-88.8,-999.9,-88.8
1813,-0.2,18.2,25.8,47.9,888.8,-88.8,-999.9,-88.8
1814,-0.3,18.2,25.8,47.9,888.8,-88.8,-999.9,-88.8
1815,-0.2,18.2,25.8,48.5,888.8,-88.8,-999.9,-88.8
1816,-0.3,18.2,25.8,48.5,888.8,-88.8,-999.9,-88.8
1817,-0.3,18.2,25.8,48.3,888.8,-88.8,-999.9,-88.8
1818,-0.4,18.2,25.8,48.2,888.8,-88.8,-999.9,-88.8
1819,-0.4,18.2,25.8,48.4,888.8,-88.8,-999.9,-88.8
1820,-0.4,18.2,25.8,48.5,888.8,-88.8,-999.9,-88.8
1821,-0.4,18.2,25.8,48.6,888.8,-88.8,-999.9,-88.8
1822,-0.5,18.2,25.8,48.7,888.8,-88.8,-999.9,-88.8
1823,-0.5,18.2,25.8,48.9,888.8,-88.8,-999.9,-88.8
1824,-0.5,18.2,25.9,48.9,888.8,-88.8,-999.9,-88.8
1825,-0.5,18.3,25.8,48.8,888.8,-88.8,-999.9,-88.8
1826,-0.6,18.3,25.8,48.2,888.8,-88.8,-999.9,-88.8
1827,-0.6,18.3,25.9,46.9,888.8,-88.8,-999.9,-88.8
1828,-0.6,18.2,25.9,47,888.8,-88.8,-999.9,-88.8
1829,-0.6,18.3,25.9,47.1,888.8,-88.8,-999.9,-88.8
1830,-0.6,18.3,25.9,46.9,888.8,-88.8,-999.9,-88.8
1831,-0.7,18.3,25.9,46.6,888.8,-88.8,-999.9,-88.8
1832,-0.7,18.3,25.9,46.5,888.8,-88.8,-999.9,-88.8
1833,-0.7,18.3,25.9,46.4,888.8,-88.8,-999.9,-88.8
1834,-0.7,18.3,25.9,46.4,888.8,-88.8,-999.9,-88.8
1835,-0.7,18.3,25.9,46,888.8,-88.8,-999.9,-88.8
1836,-0.8,18.3,25.9,45.2,888.8,-88.8,-999.9,-88.8
1837,-0.8,18.3,25.9,43.7,888.8,-88.8,-999.9,-88.8
1838,-0.8,18.3,25.9,39.9,888.8,-88.8,-999.9,-88.8
1839,-0.8,18.2,25.9,39.8,888.8,-88.8,-999.9,-88.8
1840,-0.8,18.3,25.9,40.4,888.8,-88.8,-999.9,-88.8
1841,-0.8,18.3,25.9,38.6,888.8,-88.8,-999.9,-88.8
1842,-0.9,18.3,25.9,37.4,888.8,-88.8,-999.9,-88.8
1843,-0.9,18.3,25.9,36.7,888.8,-88.8,-999.9,-88.8
1844,-0.9,18.3,25.9,36.6,888.8,-88.8,-999.9,-88.8
1845,-0.9,18.3,26,37.5,888.8,-88.8,-999.9,-88.8
1846,-0.9,18.3,25.9,38.9,888.8,-88.8,-999.9,-88.8
1847,-0.9,18.3,26,40.2,888.8,-88.8,-999.9,-88.8
1848,-0.9,18.3,26,41.1,888.8,-88.8,-999.9,-88.8
1849,-1,18.3,26,41.7,888.8,-88.8,-999.9,-88.8
1850,-1,18.3,26,41.9,888.8,-88.8,-999.9,-88.8
1851,-1,18.3,26,42,888.8,-88.8,-999.9,-88.8
1852,-1,18.3,26,41.7,888.8,-88.8,-999.9,-88.8
1853,-1,18.3,26,39.4,888.8,-88.8,-999.9,-88.8
1854,-1.1,18.4,26,41.6,888.8,-88.8,-999.9,-88.8
1855,-1.1,18.4,26,44.3,888.8,-88.8,-999.9,-88.8
1856,-1.1,18.4,26,46.2,888.8,-88.8,-999.9,-88.8
1857,-1.1,18.4,26,47.2,888.8,-88.8,-999.9,-88.8
1858,-1.1,18.4,26,47.8,888.8,-88.8,-999.9,-88.8
1859,-1.1,18.4,26,48.3,888.8,-88.8,-999.9,-88.8
1900,-1.1,18.4,26,48.8,888.8,-88.8,-999.9,-88.8
1901,-1.1,18.4,26,49,888.8,-88.8,-999.9,-88.8
1902,-1.2,18.4,26,49.2,888.8,-88.8,-999.9,-88.8
1903,-1.2,18.4,26,49.5,888.8,-88.8,-999.9,-88.8
1904,-1.2,18.4,26,49.7,888.8,-88.8,-999.9,-88.8
1905,-1.2,18.4,26,49.5,888.8,-88.8,-999.9,-88.8
1906,-1.2,18.4,26,48.8,888.8,-88.8,-999.9,-88.8
1907,-1.2,18.4,26.1,48.3,888.8,-88.8,-999.9,-88.8
1908,-1.2,18.4,26.1,47.2,888.8,-88.8,-999.9,-88.8
1909,-1.2,18.4,26.1,46.4,888.8,-88.8,-999.9,-88.8
1910,-1.3,18.4,26.1,45.9,888.8,-88.8,-999.9,-88.8
1911,-1.3,18.4,26.1,45.5,888.8,-88.8,-999.9,-88.8
1912,-1.3,18.4,26.1,45.8,888.8,-88.8,-999.9,-88.8
1913,-1.3,18.4,26.1,46.2,888.8,-88.8,-999.9,-88.8
1914,-1.3,18.4,26.1,46.4,888.8,-88.8,-999.9,-88.8
1915,-1.3,18.4,26.1,46.5,888.8,-88.8,-999.9,-88.8
1916,-1.3,18.4,26.1,46.6,888.8,-88.8,-999.9,-88.8
1917,-1.3,18.4,26.1,46.8,888.8,-88.8,-999.9,-88.8
1918,-1.3,18.4,26.1,47,888.8,-88.8,-999.9,-88.8
1919,-1.3,18.4,26.1,47.2,888.8,-88.8,-999.9,-88.8
1920,-1.3,18.4,26.1,47.4,888.8,-88.8,-999.9,-88.8
1921,-1.3,18.4,26.1,47.6,888.8,-88.8,-999.9,-88.8
1922,-1.3,18.4,26.1,47.8,888.8,-88.8,-999.9,-88.8
1923,-1.3,18.4,26.2,48.1,888.8,-88.8,-999.9,-88.8
1924,-1.3,18.4,26.2,48.2,888.8,-88.8,-999.9,-88.8
1925,-1.3,18.4,26.2,48.3,888.8,-88.8,-999.9,-88.8
1926,-1.4,18.4,26.2,48.5,888.8,-88.8,-999.9,-88.8
1927,-1.4,18.5,26.2,48.5,888.8,-88.8,-999.9,-88.8
1928,-1.4,18.5,26.2,48.7,888.8,-88.8,-999.9,-88.8
1929,-1.4,18.5,26.2,48.9,888.8,-88.8,-999.9,-88.8
1930,-1.4,18.5,26.2,49.1,888.8,-88.8,-999.9,-88.8
1931,-1.4,18.4,26.2,49.3,888.8,-88.8,-999.9,-88.8
1932,-1.4,18.5,26.2,49.4,888.8,-88.8,-999.9,-88.8
1933,-1.4,18.5,26.2,49.1,888.8,-88.8,-999.9,-88.8
1934,-1.4,18.5,26.2,48.4,888.8,-88.8,-999.9,-88.8
1935,-1.4,18.5,26.2,47.8,888.8,-88.8,-999.9,-88.8
1936,-1.4,18.5,26.2,47.3,888.8,-88.8,-999.9,-88.8
1937,-1.4,18.5,26.2,46.9,888.8,-88.8,-999.9,-88.8
1938,-1.4,18.5,26.2,46.5,888.8,-88.8,-999.9,-88.8
1939,-1.4,18.5,26.2,46.4,888.8,-88.8,-999.9,-88.8
1940,-1.5,18.5,26.2,46.9,888.8,-88.8,-999.9,-88.8
1941,-1.5,18.6,26.3,47.2,888.8,-88.8,-999.9,-88.8
1942,-1.5,18.5,26.3,47.3,888.8,-88.8,-999.9,-88.8
1943,-1.5,18.5,26.3,47.4,888.8,-88.8,-999.9,-88.8
1944,-1.5,18.6,26.3,47.6,888.8,-88.8,-999.9,-88.8
1945,-1.5,18.6,26.3,47.7,888.8,-88.8,-999.9,-88.8
1946,-1.5,18.6,26.3,48,888.8,-88.8,-999.9,-88.8
1947,-1.5,18.6,26.3,48.1,888.8,-88.8,-999.9,-88.8
1948,-1.5,18.6,26.3,48.3,888.8,-88.8,-999.9,-88.8
1949,-1.5,18.6,26.3,48.5,888.8,-88.8,-999.9,-88.8
1950,-1.5,18.6,26.3,48.6,888.8,-88.8,-999.9,-88.8
1951,-1.5,18.6,26.3,48.8,888.8,-88.8,-999.9,-88.8
1952,-1.5,18.6,26.3,48.9,888.8,-88.8,-999.9,-88.8
1953,-1.5,18.6,26.3,49.1,888.8,-88.8,-999.9,-88.8
1954,-1.6,18.6,26.3,49.2,888.8,-88.8,-999.9,-88.8
1955,-1.6,18.6,26.3,48.9,888.8,-88.8,-999.9,-88.8
1956,-1.6,18.6,26.3,48.3,888.8,-88.8,-999.9,-88.8
1957,-1.5,18.6,26.4,47.8,888.8,-88.8,-999.9,-88.8
1958,-1.6,18.6,26.4,47.4,888.8,-88.8,-999.9,-88.8
1959,-1.6,18.6,26.4,46.9,888.8,-88.8,-999.9,-88.8
2000,-1.6,18.6,26.4,46.6,888.8,-88.8,-999.9,-88.8
2001,-1.6,18.6,26.4,46.6,888.8,-88.8,-999.9,-88.8
2002,-1.6,18.6,26.4,46.9,888.8,-88.8,-999.9,-88.8
2003,-1.6,18.6,26.4,47.2,888.8,-88.8,-999.9,-88.8
2004,-1.6,18.6,26.4,47.3,888.8,-88.8,-999.9,-88.8
2005,-1.6,18.6,26.4,47.4,888.8,-88.8,-999.9,-88.8
2006,-1.6,18.6,26.5,47.6,888.8,-88.8,-999.9,-88.8
2007,-1.6,18.6,26.4,47.9,888.8,-88.8,-999.9,-88.8
2008,-1.6,18.6,26.5,48.3,888.8,-88.8,-999.9,-88.8
2009,-1.6,18.6,26.5,48.6,888.8,-88.8,-999.9,-88.8
2010,-1.6,18.7,26.5,49,888.8,-88.8,-999.9,-88.8
2011,-1.6,18.7,26.5,49.3,888.8,-88.8,-999.9,-88.8
2012,-1.6,18.7,26.5,49.6,888.8,-88.8,-999.9,-88.8
2013,-1.6,18.7,26.5,49.2,888.8,-88.8,-999.9,-88.8
2014,-1.6,18.7,26.5,48.9,888.8,-88.8,-999.9,-88.8
2015,-1.6,18.7,26.5,48.5,888.8,-88.8,-999.9,-88.8
2016,-1.6,18.7,26.5,48.1,888.8,-88.8,-999.9,-88.8
2017,-1.6,18.7,26.5,47.8,888.8,-88.8,-999.9,-88.8
2018,-1.6,18.7,26.5,47.6,888.8,-88.8,-999.9,-88.8
2019,-1.6,18.7,26.5,47.2,888.8,-88.8,-999.9,-88.8
2020,-1.7,18.7,26.5,46.8,888.8,-88.8,-999.9,-88.8
2021,-1.7,18.7,26.5,46.4,888.8,-88.8,-999.9,-88.8
2022,-1.7,18.7,26.5,46.6,888.8,-88.8,-999.9,-88.8
2023,-1.7,18.7,26.5,47,888.8,-88.8,-999.9,-88.8
2024,-1.7,18.7,26.6,47,888.8,-88.8,-999.9,-88.8
2025,-1.7,18.7,26.6,47,888.8,-88.8,-999.9,-88.8
2026,-1.7,18.7,26.6,47,888.8,-88.8,-999.9,-88.8
2027,-1.7,18.7,26.6,47.3,888.8,-88.8,-999.9,-88.8
2028,-1.7,18.7,26.6,47.7,888.8,-88.8,-999.9,-88.8
2029,-1.7,18.7,26.6,48.1,888.8,-88.8,-999.9,-88.8
2030,-1.7,18.7,26.6,48.5,888.8,-88.8,-999.9,-88.8
2031,-1.7,18.7,26.6,48.9,888.8,-88.8,-999.9,-88.8
2032,-1.7,18.7,26.6,49.3,888.8,-88.8,-999.9,-88.8
2033,-1.7,18.7,26.6,49.7,888.8,-88.8,-999.9,-88.8
2034,-1.7,18.7,26.6,49.6,888.8,-88.8,-999.9,-88.8
2035,-1.7,18.7,26.6,48.8,888.8,-88.8,-999.9,-88.8
2036,-1.7,18.8,26.7,48.6,888.8,-88.8,-999.9,-88.8
2037,-1.7,18.7,26.7,48.3,888.8,-88.8,-999.9,-88.8
2038,-1.8,18.8,26.7,48.1,888.8,-88.8,-999.9,-88.8
2039,-1.7,18.7,26.7,47.8,888.8,-88.8,-999.9,-88.8
2040,-1.8,18.8,26.7,47.4,888.8,-88.8,-999.9,-88.8
2041,-1.8,18.8,26.7,47,888.8,-88.8,-999.9,-88.8
2042,-1.8,18.7,26.7,46.4,888.8,-88.8,-999.9,-88.8
2043,-1.8,18.8,26.7,46,888.8,-88.8,-999.9,-88.8
2044,-1.8,18.8,26.7,46.5,888.8,-88.8,-999.9,-88.8
2045,-1.8,18.8,26.7,47,888.8,-88.8,-999.9,-88.8
2046,-1.8,18.8,26.7,47,888.8,-88.8,-999.9,-88.8
2047,-1.8,18.9,26.7,47,888.8,-88.8,-999.9,-88.8
2048,-1.8,18.8,26.7,47.1,888.8,-88.8,-999.9,-88.8
2049,-1.8,18.8,26.7,49.5,888.8,-88.8,-999.9,-88.8
2050,-1.8,18.8,26.7,50.3,888.8,-88.8,-999.9,-88.8
2051,-1.8,18.8,26.7,50.8,888.8,-88.8,-999.9,-88.8
2052,-1.8,18.9,26.7,49.9,888.8,-88.8,-999.9,-88.8
2053,-1.8,18.9,26.7,49,888.8,-88.8,-999.9,-88.8
2054,-1.8,18.8,26.7,48.7,888.8,-88.8,-999.9,-88.8
2055,-1.8,18.9,26.7,48.4,888.8,-88.8,-999.9,-88.8
2056,-1.8,18.9,26.7,48.1,888.8,-88.8,-999.9,-88.8
2057,-1.8,18.9,26.8,47.8,888.8,-88.8,-999.9,-88.8
2058,-1.8,18.9,26.8,47.4,888.8,-88.8,-999.9,-88.8
2059,-1.8,18.9,26.8,47,888.8,-88.8,-999.9,-88.8
2100,-1.8,18.9,26.8,46.8,888.8,-88.8,-999.9,-88.8
2101,-1.8,18.9,26.8,47,888.8,-88.8,-999.9,-88.8
2102,-1.8,18.9,26.8,48.3,888.8,-88.8,-999.9,-88.8
2103,-1.8,18.9,26.8,49.2,888.8,-88.8,-999.9,-88.8
2104,-1.8,18.9,26.8,49.7,888.8,-88.8,-999.9,-88.8
2105,-1.8,18.9,26.8,49.7,888.8,-88.8,-999.9,-88.8
2106,-1.8,18.9,26.8,48.2,888.8,-88.8,-999.9,-88.8
2107,-1.8,18.9,26.8,47.8,888.8,-88.8,-999.9,-88.8
2108,-1.8,18.9,26.8,47.7,888.8,-88.8,-999.9,-88.8
2109,-1.8,18.9,26.8,47.8,888.8,-88.8,-999.9,-88.8
2110,-1.8,18.9,26.8,47.7,888.8,-88.8,-999.9,-88.8
2111,-1.8,18.9,26.8,47.5,888.8,-88.8,-999.9,-88.8
2112,-1.8,18.9,26.9,47.2,888.8,-88.8,-999.9,-88.8
2113,-1.8,18.9,26.9,47.2,888.8,-88.8,-999.9,-88.8
2114,-1.8,18.9,26.9,48.4,888.8,-88.8,-999.9,-88.8
2115,-1.8,18.9,26.9,49.3,888.8,-88.8,-999.9,-88.8
2116,-1.8,19,26.9,49.7,888.8,-88.8,-999.9,-88.8
2117,-1.8,19,26.9,49.6,888.8,-88.8,-999.9,-88.8
2118,-1.8,18.9,26.9,48.1,888.8,-88.8,-999.9,-88.8
2119,-1.8,18.9,26.9,47.7,888.8,-88.8,-999.9,-88.8
2120,-1.8,19,26.9,47.6,888.8,-88.8,-999.9,-88.8
2121,-1.8,19,26.9,47.7,888.8,-88.8,-999.9,-88.8
2122,-1.8,19,26.9,47.6,888.8,-88.8,-999.9,-88.8
2123,-1.8,19,26.9,48,888.8,-88.8,-999.9,-88.8
2124,-1.8,19,26.9,49.1,888.8,-88.8,-999.9,-88.8
2125,-1.8,19,27,50.1,888.8,-88.8,-999.9,-88.8
2126,-1.8,19,27,50.2,888.8,-88.8,-999.9,-88.8
2127,-1.8,19,27,49,888.8,-88.8,-999.9,-88.8
2128,-1.8,19,27,48.1,888.8,-88.8,-999.9,-88.8
2129,-1.8,19,27,47.8,888.8,-88.8,-999.9,-88.8
2130,-1.8,19,27,46.2,888.8,-88.8,-999.9,-88.8
2131,-1.8,19,27,45.6,888.8,-88.8,-999.9,-88.8
2132,-1.8,19,27,45.3,888.8,-88.8,-999.9,-88.8
2133,-1.9,19,27,45.4,888.8,-88.8,-999.9,-88.8
2134,-1.8,19,27,46.4,888.8,-88.8,-999.9,-88.8
2135,-1.8,19,27,47.2,888.8,-88.8,-999.9,-88.8
2136,-1.9,19,27,47.5,888.8,-88.8,-999.9,-88.8
2137,-1.8,19,27,47.8,888.8,-88.8,-999.9,-88.8
2138,-1.9,19,27,48.1,888.8,-88.8,-999.9,-88.8
2139,-1.9,19,27,48.5,888.8,-88.8,-999.9,-88.8
2140,-1.9,19,27,49,888.8,-88.8,-999.9,-88.8
2141,-1.8,19,27,49.5,888.8,-88.8,-999.9,-88.8
2142,-1.9,19,27.1,49.3,888.8,-88.8,-999.9,-88.8
2143,-1.9,19,27,48,888.8,-88.8,-999.9,-88.8
2144,-1.9,19,27.1,47.7,888.8,-88.8,-999.9,-88.8
2145,-1.9,19,27.1,47.7,888.8,-88.8,-999.9,-88.8
2146,-1.9,19.1,27.1,47.6,888.8,-88.8,-999.9,-88.8
2147,-1.8,19.1,27.1,48.5,888.8,-88.8,-999.9,-88.8
2148,-1.9,19.1,27.1,49.2,888.8,-88.8,-999.9,-88.8
2149,-1.8,19.1,27.1,49.6,888.8,-88.8,-999.9,-88.8
2150,-1.9,19.1,27.1,49.9,888.8,-88.8,-999.9,-88.8
2151,-1.9,19.1,27.1,48.9,888.8,-88.8,-999.9,-88.8
2152,-1.9,19.1,27.1,47.9,888.8,-88.8,-999.9,-88.8
2153,-1.9,19,27.1,47.9,888.8,-88.8,-999.9,-88.8
2154,-1.9,19.1,27.1,47.5,888.8,-88.8,-999.9,-88.8
2155,-1.9,19.1,27.1,47.1,888.8,-88.8,-999.9,-88.8
2156,-1.9,19.1,27.1,47.1,888.8,-88.8,-999.9,-88.8
2157,-1.9,19.1,27.1,48,888.8,-88.8,-999.9,-88.8
2158,-1.9,19.1,27.1,48.7,888.8,-88.8,-999.9,-88.8
2159,-1.9,19.1,27.2,49.1,888.8,-88.8,-999.9,-88.8
2200,-1.9,19.1,27.2,49.4,888.8,-88.8,-999.9,-88.8
2201,-1.8,19.1,27.2,49.4,888.8,-88.8,-999.9,-88.8
2202,-1.9,19.1,27.2,47.8,888.8,-88.8,-999.9,-88.8
2203,-1.9,19.1,27.1,43.9,888.8,-88.8,-999.9,-88.8
2204,-1.9,19.1,27.2,40,888.8,-88.8,-999.9,-88.8
2205,-1.9,19.1,27.2,38.9,888.8,-88.8,-999.9,-88.8
2206,-1.9,19.1,27.2,38.4,888.8,-88.8,-999.9,-88.8
2207,-1.9,19.1,27.2,38.2,888.8,-88.8,-999.9,-88.8
2208,-1.8,19.1,27.2,38.2,888.8,-88.8,-999.9,-88.8
2209,-1.9,19.1,27.2,38.4,888.8,-88.8,-999.9,-88.8
2210,-1.9,19.1,27.2,38.7,888.8,-88.8,-999.9,-88.8
2211,-1.9,19.1,27.2,39.1,888.8,-88.8,-999.9,-88.8
2212,-1.9,19.2,27.2,39.4,888.8,-88.8,-999.9,-88.8
2213,-1.9,19.2,27.3,39.6,888.8,-88.8,-999.9,-88.8
2214,-1.9,19.2,27.2,39.3,888.8,-88.8,-999.9,-88.8
2215,-1.9,19.1,27.2,39,888.8,-88.8,-999.9,-88.8
2216,-1.9,19.2,27.2,39.4,888.8,-88.8,-999.9,-88.8
2217,-1.9,19.1,27.2,39.3,888.8,-88.8,-999.9,-88.8
2218,-1.9,19.2,27.2,39.4,888.8,-88.8,-999.9,-88.8
2219,-1.9,19.2,27.1,39.4,888.8,-88.8,-999.9,-88.8
2220,-1.9,19.2,27.1,39.2,888.8,-88.8,-999.9,-88.8
2221,-1.9,19.1,27.1,38.7,888.8,-88.8,-999.9,-88.8
2222,-1.9,19.2,27.1,37.9,888.8,-88.8,-999.9,-88.8
2223,-1.9,19.2,27.1,36.8,888.8,-88.8,-999.9,-88.8
2224,-1.9,19.1,27.1,35.4,888.8,-88.8,-999.9,-88.8
2225,-1.9,19.2,27.1,33.5,888.8,-88.8,-999.9,-88.8
2226,-1.9,19.2,27.1,31.5,888.8,-88.8,-999.9,-88.8
2227,-1.9,19.2,27.1,29.6,888.8,-88.8,-999.9,-88.8
2228,-1.9,19.2,27.1,27.8,888.8,-88.8,-999.9,-88.8
2229,-1.9,19.2,27.1,26.3,888.8,-88.8,-999.9,-88.8
2230,-1.9,19.2,27.1,25,888.8,-88.8,-999.9,-88.8
2231,-1.9,19.2,27.1,24,888.8,-88.8,-999.9,-88.8
2232,-1.9,19.2,27.2,23.1,888.8,-88.8,-999.9,-88.8
2233,-1.9,19.2,27.1,22.3,888.8,-88.8,-999.9,-88.8
2234,-1.9,19.2,27.1,21.7,888.8,-88.8,-999.9,-88.8
2235,-1.9,19.2,27.2,21.3,888.8,-88.8,-999.9,-88.8
2236,-1.9,19.2,27.2,20.9,888.8,-88.8,-999.9,-88.8
2237,-1.9,19.2,27.2,20.6,888.8,-88.8,-999.9,-88.8
2238,-1.9,19.2,27.2,20.5,888.8,-88.8,-999.9,-88.8
2239,-1.9,19.2,27.2,20.3,888.8,-88.8,-999.9,-88.8
2240,-1.9,19.2,27.2,20.2,888.8,-88.8,-999.9,-88.8
2241,-1.9,19.2,27.2,20,888.8,-88.8,-999.9,-88.8
2242,-1.9,19.2,27.2,19.9,888.8,-88.8,-999.9,-88.8
2243,-1.9,19.2,27.2,19.8,888.8,-88.8,-999.9,-88.8
2244,-2,19.2,27.3,19.7,888.8,-88.8,-999.9,-88.8
2245,-1.9,19.3,27.2,19.6,888.8,-88.8,-999.9,-88.8
2246,-2,19.3,27.2,19.5,888.8,-88.8,-999.9,-88.8
2247,-1.9,19.3,27.3,19.4,888.8,-88.8,-999.9,-88.8
2248,-2,19.3,27.2,19.3,888.8,-88.8,-999.9,-88.8
2249,-2,19.3,27.3,19.2,888.8,-88.8,-999.9,-88.8
2250,-2,19.3,27.3,19.1,888.8,-88.8,-999.9,-88.8
2251,-2,19.3,27.3,19.1,888.8,-88.8,-999.9,-88.8
2252,-2,19.3,27.3,19,888.8,-88.8,-999.9,-88.8
2253,-2,19.3,27.3,19,888.8,-88.8,-999.9,-88.8
2254,-2,19.3,27.3,18.9,888.8,-88.8,-999.9,-88.8
2255,-2,19.3,27.3,18.9,888.8,-88.8,-999.9,-88.8
2256,-2,19.3,27.3,18.8,888.8,-88.8,-999.9,-88.8
2257,-2,19.3,27.3,18.8,888.8,-88.8,-999.9,-88.8
2258,-2,19.3,27.3,18.8,888.8,-88.8,-999.9,-88.8
2259,-2,19.3,27.3,18.7,888.8,-88.8,-999.9,-88.8
2300,-2,19.3,27.3,18.7,888.8,-88.8,-999.9,-88.8
2301,-2,19.3,27.3,18.7,888.8,-88.8,-999.9,-88.8
2302,-2,19.3,27.3,18.7,888.8,-88.8,-999.9,-88.8
2303,-2,19.3,27.3,18.6,888.8,-88.8,-999.9,-88.8
2304,-2,19.3,27.3,18.6,888.8,-88.8,-999.9,-88.8
2305,-2,19.3,27.3,18.6,888.8,-88.8,-999.9,-88.8
2306,-2,19.3,27.3,18.6,888.8,-88.8,-999.9,-88.8
2307,-2,19.3,27.4,18.6,888.8,-88.8,-999.9,-88.8
2308,-2,19.3,27.4,18.6,888.8,-88.8,-999.9,-88.8
2309,-2,19.3,27.4,18.6,888.8,-88.8,-999.9,-88.8
2310,-2,19.3,27.4,18.6,888.8,-88.8,-999.9,-88.8
2311,-2,19.4,27.4,18.6,888.8,-88.8,-999.9,-88.8
2312,-2,19.3,27.4,18.6,888.8,-88.8,-999.9,-88.8
2313,-2,19.3,27.4,18.6,888.8,-88.8,-999.9,-88.8
2314,-2,19.3,27.4,18.5,888.8,-88.8,-999.9,-88.8
2315,-2,19.4,27.4,18.5,888.8,-88.8,-999.9,-88.8
2316,-2,19.3,27.4,18.5,888.8,-88.8,-999.9,-88.8
2317,-2,19.4,27.4,18.4,888.8,-88.8,-999.9,-88.8
2318,-2,19.4,27.4,18.5,888.8,-88.8,-999.9,-88.8
2319,-2,19.4,27.4,18.5,888.8,-88.8,-999.9,-88.8
2320,-2,19.4,27.4,18.5,888.8,-88.8,-999.9,-88.8
2321,-2,19.4,27.4,18.5,888.8,-88.8,-999.9,-88.8
2322,-2,19.4,27.4,18.5,888.8,-88.8,-999.9,-88.8
2323,-2,19.4,27.4,18.5,888.8,-88.8,-999.9,-88.8
2324,-2,19.4,27.4,18.5,888.8,-88.8,-999.9,-88.8
2325,-2,19.4,27.4,18.5,888.8,-88.8,-999.9,-88.8
2326,-2,19.4,27.4,18.5,888.8,-88.8,-999.9,-88.8
2327,-2,19.4,27.5,18.4,888.8,-88.8,-999.9,-88.8
2328,-2,19.4,27.4,18.5,888.8,-88.8,-999.9,-88.8
2329,-2,19.4,27.5,18.5,888.8,-88.8,-999.9,-88.8
2330,-2,19.4,27.5,18.5,888.8,-88.8,-999.9,-88.8
2331,-2,19.4,27.5,18.5,888.8,-88.8,-999.9,-88.8
2332,-2,19.4,27.5,18.4,888.8,-88.8,-999.9,-88.8
2333,-2,19.4,27.5,18.4,888.8,-88.8,-999.9,-88.8
2334,-2,19.4,27.5,18.4,888.8,-88.8,-999.9,-88.8
2335,-2,19.4,27.5,18.5,888.8,-88.8,-999.9,-88.8
2336,-2,19.4,27.5,18.4,888.8,-88.8,-999.9,-88.8
2337,-2,19.4,27.5,18.5,888.8,-88.8,-999.9,-88.8
2338,-2,19.4,27.5,18.6,888.8,-88.8,-999.9,-88.8
2339,-2,19.4,27.5,18.5,888.8,-88.8,-999.9,-88.8
2340,-2,19.4,27.5,18.4,888.8,-88.8,-999.9,-88.8
2341,-2,19.4,27.4,18.4,888.8,-88.8,-999.9,-88.8
2342,-2,19.4,27.4,18.4,888.8,-88.8,-999.9,-88.8
2343,-2,19.4,27.4,18.4,888.8,-88.8,-999.9,-88.8
2344,-2,19.4,27.4,18.4,888.8,-88.8,-999.9,-88.8
2345,-2,19.4,27.4,18.4,888.8,-88.8,-999.9,-88.8
2346,-2,19.4,27.4,18.4,888.8,-88.8,-999.9,-88.8
2347,-2,19.4,27.4,18.4,888.8,-88.8,-999.9,-88.8
2348,-2,19.4,27.4,18.4,888.8,-88.8,-999.9,-88.8
2349,-2,19.4,27.4,18.4,888.8,-88.8,-999.9,-88.8
2350,-2,19.4,27.4,18.4,888.8,-88.8,-999.9,-88.8
2351,-2,19.4,27.3,18.4,888.8,-88.8,-999.9,-88.8
2352,-2,19.4,27.4,18.4,888.8,-88.8,-999.9,-88.8
2353,-2,19.4,27.4,18.4,888.8,-88.8,-999.9,-88.8
2354,-2,19.4,27.4,18.4,888.8,-88.8,-999.9,-88.8
2355,-2,19.4,27.4,18.4,888.8,-88.8,-999.9,-88.8
2356,-2,19.4,27.4,18.4,888.8,-88.8,-999.9,-88.8
2357,-2,19.4,27.4,18.3,888.8,-88.8,-999.9,-88.8
2358,-2,19.4,27.4,18.3,888.8,-88.8,-999.9,-88.8
2359,-2,19.4,27.4,18.1,888.8,-88.8,-999.9,-88.8