0,13.4,23.5,35.3,31.7,888.8,-88.8,-999.9,-88.8
1,13.3,23.5,35.3,31.7,888.8,-88.8,-999.9,-88.8
2,13.1,23.5,35.4,31.8,888.8,-88.8,-999.9,-88.8
3,12.9,23.5,35.4,31.5,888.8,-88.8,-999.9,-88.8
4,12.8,23.5,35.4,31.5,888.8,-88.8,-999.9,-88.8
5,12.7,23.6,35.4,31.5,888.8,-88.8,-999.9,-88.8
6,12.5,23.6,35.4,31.5,888.8,-88.8,-999.9,-88.8
7,12.3,23.6,35.5,31.5,888.8,-88.8,-999.9,-88.8
8,12.2,23.6,35.5,31.4,888.8,-88.8,-999.9,-88.8
9,12.1,23.6,35.5,31.1,888.8,-88.8,-999.9,-88.8
10,11.9,23.6,35.5,30.5,888.8,-88.8,-999.9,-88.8
11,11.8,23.6,35.6,30.1,888.8,-88.8,-999.9,-88.8
12,11.7,23.6,35.6,29.5,888.8,-88.8,-999.9,-88.8
13,11.5,23.6,35.6,28.9,888.8,-88.8,-999.9,-88.8
14,11.4,23.6,35.6,28.6,888.8,-88.8,-999.9,-88.8
15,11.3,23.6,35.7,28.4,888.8,-88.8,-999.9,-88.8
16,11.2,23.6,35.7,28,888.8,-88.8,-999.9,-88.8
17,11,23.6,35.8,27.4,888.8,-88.8,-999.9,-88.8
18,11,23.6,35.8,26.9,888.8,-88.8,-999.9,-88.8
19,10.9,23.6,35.9,26.7,888.8,-88.8,-999.9,-88.8
20,10.7,23.6,35.9,26.6,888.8,-88.8,-999.9,-88.8
21,10.6,23.6,36,26.5,888.8,-88.8,-999.9,-88.8
22,10.6,23.6,36,26.4,888.8,-88.8,-999.9,-88.8
23,10.4,23.6,36.1,26.4,888.8,-88.8,-999.9,-88.8
24,10.3,23.6,36.1,26.2,888.8,-88.8,-999.9,-88.8
25,10.2,23.6,36.1,26.1,888.8,-88.8,-999.9,-88.8
26,10.1,23.6,36.3,26.1,888.8,-88.8,-999.9,-88.8
27,10.1,23.7,36.3,26,888.8,-88.8,-999.9,-88.8
28,9.9,23.6,36.3,25.4,888.8,-88.8,-999.9,-88.8
29,9.8,23.6,36.4,24.8,888.8,-88.8,-999.9,-88.8
30,9.7,23.6,36.5,24.6,888.8,-88.8,-999.9,-88.8
31,9.7,23.6,36.5,24.5,888.8,-88.8,-999.9,-88.8
32,9.6,23.6,36.6,24.6,888.8,-88.8,-999.9,-88.8
33,9.4,23.6,36.7,24.8,888.8,-88.8,-999.9,-88.8
34,9.4,23.7,36.7,25,888.8,-88.8,-999.9,-88.8
35,9.3,23.7,36.8,25.3,888.8,-88.8,-999.9,-88.8
36,9.2,23.7,36.9,25.6,888.8,-88.8,-999.9,-88.8
37,9.1,23.6,36.9,25.9,888.8,-88.8,-999.9,-88.8
38,9,23.7,37,26.2,888.8,-88.8,-999.9,-88.8
39,8.9,23.7,37,26.4,888.8,-88.8,-999.9,-88.8
40,8.9,23.7,37,26.5,888.8,-88.8,-999.9,-88.8
41,8.8,23.7,37.1,26.7,888.8,-88.8,-999.9,-88.8
42,8.7,23.7,37.1,26.8,888.8,-88.8,-999.9,-88.8
43,8.6,23.7,37.1,26.8,888.8,-88.8,-999.9,-88.8
44,8.5,23.7,37.1,26.8,888.8,-88.8,-999.9,-88.8
45,8.5,23.7,37.1,26.4,888.8,-88.8,-999.9,-88.8
46,8.4,23.7,37.1,25.9,888.8,-88.8,-999.9,-88.8
47,8.3,23.7,37.1,25.7,888.8,-88.8,-999.9,-88.8
48,8.3,23.7,37.1,25.5,888.8,-88.8,-999.9,-88.8
49,8.2,23.7,37.2,25.3,888.8,-88.8,-999.9,-88.8
50,8.1,23.7,37.2,25.2,888.8,-88.8,-999.9,-88.8
51,8.1,23.7,37.2,25,888.8,-88.8,-999.9,-88.8
52,8.1,23.7,37.2,24.8,888.8,-88.8,-999.9,-88.8
53,8,23.7,37.2,24.8,888.8,-88.8,-999.9,-88.8
54,8,23.7,37.2,24.7,888.8,-88.8,-999.9,-88.8
55,7.9,23.7,37.3,24.7,888.8,-88.8,-999.9,-88.8
56,7.9,23.7,37.2,24.7,888.8,-88.8,-999.9,-88.8
57,7.9,23.7,37.2,24.7,888.8,-88.8,-999.9,-88.8
58,7.8,23.7,37.3,24.8,888.8,-88.8,-999.9,-88.8
59,7.8,23.7,37.2,24.8,888.8,-88.8,-999.9,-88.8
100,7.8,23.7,37.2,24.9,888.8,-88.8,-999.9,-88.8
101,7.7,23.7,37.3,24.9,888.8,-88.8,-999.9,-88.8
102,7.6,23.7,37.2,25,888.8,-88.8,-999.9,-88.8
103,7.6,23.7,37.2,25,888.8,-88.8,-999.9,-88.8
104,7.5,23.7,37.2,24.9,888.8,-88.8,-999.9,-88.8
105,7.5,23.7,37.2,24.8,888.8,-88.8,-999.9,-88.8
106,7.4,23.7,37.2,24.8,888.8,-88.8,-999.9,-88.8
107,7.4,23.7,37.2,24.7,888.8,-88.8,-999.9,-88.8
108,7.4,23.7,37.1,24.7,888.8,-88.8,-999.9,-88.8
109,7.3,23.7,37.1,24.7,888.8,-88.8,-999.9,-88.8
110,7.3,23.7,37.1,24.6,888.8,-88.8,-999.9,-88.8
111,7.2,23.7,37,24.6,888.8,-88.8,-999.9,-88.8
112,7.2,23.7,37,24.6,888.8,-88.8,-999.9,-88.8
113,7.2,23.7,37,24.6,888.8,-88.8,-999.9,-88.8
114,7.1,23.8,37,24.6,888.8,-88.8,-999.9,-88.8
115,7.1,23.8,37,24.6,888.8,-88.8,-999.9,-88.8
116,7.1,23.8,37,24.6,888.8,-88.8,-999.9,-88.8
117,7,23.8,37,24.7,888.8,-88.8,-999.9,-88.8
118,7,23.8,36.9,24.8,888.8,-88.8,-999.9,-88.8
119,7,23.8,36.9,24.9,888.8,-88.8,-999.9,-88.8
120,6.9,23.8,36.8,24.8,888.8,-88.8,-999.9,-88.8
121,6.9,23.8,36.8,24.5,888.8,-88.8,-999.9,-88.8
122,6.9,23.8,36.8,24.3,888.8,-88.8,-999.9,-88.8
123,6.8,23.8,36.8,24.2,888.8,-88.8,-999.9,-88.8
124,6.7,23.7,36.8,24.1,888.8,-88.8,-999.9,-88.8
125,6.7,23.8,36.7,24.2,888.8,-88.8,-999.9,-88.8
126,6.7,23.8,36.6,24.2,888.8,-88.8,-999.9,-88.8
127,6.6,23.8,36.6,24.2,888.8,-88.8,-999.9,-88.8
128,6.6,23.8,36.5,24.3,888.8,-88.8,-999.9,-88.8
129,6.6,23.8,36.5,24.3,888.8,-88.8,-999.9,-88.8
130,6.6,23.8,36.5,24.3,888.8,-88.8,-999.9,-88.8
131,6.5,23.8,36.5,24.3,888.8,-88.8,-999.9,-88.8
132,6.5,23.8,36.4,24.4,888.8,-88.8,-999.9,-88.8
133,6.5,23.8,36.4,24.4,888.8,-88.8,-999.9,-88.8
134,6.4,23.8,36.4,24.4,888.8,-88.8,-999.9,-88.8
135,6.4,23.8,36.3,24.4,888.8,-88.8,-999.9,-88.8
136,6.4,23.8,36.3,24.4,888.8,-88.8,-999.9,-88.8
137,6.3,23.8,36.3,24.4,888.8,-88.8,-999.9,-88.8
138,6.3,23.8,36.2,24.4,888.8,-88.8,-999.9,-88.8
139,6.2,23.8,36.2,24.4,888.8,-88.8,-999.9,-88.8
140,6.2,23.8,36.1,24.4,888.8,-88.8,-999.9,-88.8
141,6.1,23.8,36.1,24.4,888.8,-88.8,-999.9,-88.8
142,6.1,23.9,36.1,24.3,888.8,-88.8,-999.9,-88.8
143,6,23.8,36,24.3,888.8,-88.8,-999.9,-88.8
144,6,23.8,35.9,24.3,888.8,-88.8,-999.9,-88.8
145,6,23.9,35.9,24.3,888.8,-88.8,-999.9,-88.8
146,5.9,23.9,35.9,24.3,888.8,-88.8,-999.9,-88.8
147,5.9,23.8,35.8,24.2,888.8,-88.8,-999.9,-88.8
148,5.9,23.9,35.8,24.2,888.8,-88.8,-999.9,-88.8
149,5.8,23.8,35.8,24.2,888.8,-88.8,-999.9,-88.8
150,5.8,23.9,35.7,24.2,888.8,-88.8,-999.9,-88.8
151,5.7,23.9,35.7,24.2,888.8,-88.8,-999.9,-88.8
152,5.7,23.9,35.6,24.1,888.8,-88.8,-999.9,-88.8
153,5.7,23.9,35.6,24.1,888.8,-88.8,-999.9,-88.8
154,5.6,23.9,35.5,24.1,888.8,-88.8,-999.9,-88.8
155,5.6,23.9,35.5,24.1,888.8,-88.8,-999.9,-88.8
156,5.5,23.9,35.5,24,888.8,-88.8,-999.9,-88.8
157,5.5,23.9,35.4,24,888.8,-88.8,-999.9,-88.8
158,5.4,23.9,35.4,24,888.8,-88.8,-999.9,-88.8
159,5.4,23.9,35.3,24,888.8,-88.8,-999.9,-88.8
200,5.3,23.9,35.3,24,888.8,-88.8,-999.9,-88.8
201,5.3,23.9,35.2,23.9,888.8,-88.8,-999.9,-88.8
202,5.2,23.9,35.2,23.9,888.8,-88.8,-999.9,-88.8
203,5.2,23.9,35.2,23.9,888.8,-88.8,-999.9,-88.8
204,5.1,23.9,35.1,23.9,888.8,-88.8,-999.9,-88.8
205,5.1,23.9,35.1,23.9,888.8,-88.8,-999.9,-88.8
206,5.1,23.9,35.1,23.9,888.8,-88.8,-999.9,-88.8
207,5,23.9,35,24,888.8,-88.8,-999.9,-88.8
208,5,23.9,35,24,888.8,-88.8,-999.9,-88.8
209,5,23.9,34.9,24,888.8,-88.8,-999.9,-88.8
210,4.9,23.9,34.9,24.1,888.8,-88.8,-999.9,-88.8
211,4.9,23.9,34.8,24.1,888.8,-88.8,-999.9,-88.8
212,4.8,23.9,34.8,24.2,888.8,-88.8,-999.9,-88.8
213,4.8,23.9,34.7,24.2,888.8,-88.8,-999.9,-88.8
214,4.7,23.9,34.7,24.2,888.8,-88.8,-999.9,-88.8
215,4.7,23.9,34.7,24.2,888.8,-88.8,-999.9,-88.8
216,4.6,23.9,34.7,24.1,888.8,-88.8,-999.9,-88.8
217,4.6,23.9,34.6,24,888.8,-88.8,-999.9,-88.8
218,4.6,23.9,34.6,24,888.8,-88.8,-999.9,-88.8
219,4.5,23.9,34.5,23.9,888.8,-88.8,-999.9,-88.8
220,4.5,24,34.5,23.9,888.8,-88.8,-999.9,-88.8
221,4.5,23.9,34.5,23.9,888.8,-88.8,-999.9,-88.8
222,4.4,23.9,34.4,23.8,888.8,-88.8,-999.9,-88.8
223,4.4,23.9,34.4,23.8,888.8,-88.8,-999.9,-88.8
224,4.4,23.9,34.4,23.8,888.8,-88.8,-999.9,-88.8
225,4.3,23.9,34.3,23.7,888.8,-88.8,-999.9,-88.8
226,4.3,23.9,34.2,23.7,888.8,-88.8,-999.9,-88.8
227,4.2,23.9,34.2,23.7,888.8,-88.8,-999.9,-88.8
228,4.2,23.9,34.2,23.7,888.8,-88.8,-999.9,-88.8
229,4.1,23.9,34.1,23.6,888.8,-88.8,-999.9,-88.8
230,4.1,23.9,34.1,23.6,888.8,-88.8,-999.9,-88.8
231,4.1,24,34,23.6,888.8,-88.8,-999.9,-88.8
232,4,24,34,23.6,888.8,-88.8,-999.9,-88.8
233,4,24,34,23.5,888.8,-88.8,-999.9,-88.8
234,4,24,33.9,23.5,888.8,-88.8,-999.9,-88.8
235,3.9,24,33.9,23.4,888.8,-88.8,-999.9,-88.8
236,3.9,24,33.9,23.4,888.8,-88.8,-999.9,-88.8
237,3.9,23.9,33.8,23.4,888.8,-88.8,-999.9,-88.8
238,3.8,24,33.8,23.4,888.8,-88.8,-999.9,-88.8
239,3.8,24,33.7,23.4,888.8,-88.8,-999.9,-88.8
240,3.7,24,33.7,23.4,888.8,-88.8,-999.9,-88.8
241,3.7,24,33.7,23.4,888.8,-88.8,-999.9,-88.8
242,3.6,24,33.7,23.4,888.8,-88.8,-999.9,-88.8
243,3.6,24,33.6,23.4,888.8,-88.8,-999.9,-88.8
244,3.6,24,33.5,23.4,888.8,-88.8,-999.9,-88.8
245,3.6,24,33.5,23.4,888.8,-88.8,-999.9,-88.8
246,3.5,24,33.5,23.4,888.8,-88.8,-999.9,-88.8
247,3.5,24,33.4,23.4,888.8,-88.8,-999.9,-88.8
248,3.5,24,33.4,23.4,888.8,-88.8,-999.9,-88.8
249,3.4,24,33.4,23.4,888.8,-88.8,-999.9,-88.8
250,3.4,24,33.3,23.4,888.8,-88.8,-999.9,-88.8
251,3.4,24,33.3,23.4,888.8,-88.8,-999.9,-88.8
252,3.4,24,33.3,23.4,888.8,-88.8,-999.9,-88.8
253,3.3,24,33.2,23.4,888.8,-88.8,-999.9,-88.8
254,3.3,24,33.2,23.4,888.8,-88.8,-999.9,-88.8
255,3.3,24,33.2,23.4,888.8,-88.8,-999.9,-88.8
256,3.2,24,33.1,23.4,888.8,-88.8,-999.9,-88.8
257,3.2,24,33.1,23.4,888.8,-88.8,-999.9,-88.8
258,3.1,24,33.1,23.3,888.8,-88.8,-999.9,-88.8
259,3.1,24,33,23.4,888.8,-88.8,-999.9,-88.8
300,3.1,24,33,23.3,888.8,-88.8,-999.9,-88.8
301,3.1,24,33,23.3,888.8,-88.8,-999.9,-88.8
302,3,24,32.9,23.3,888.8,-88.8,-999.9,-88.8
303,3,24,32.9,23.3,888.8,-88.8,-999.9,-88.8
304,3,24,32.8,23.3,888.8,-88.8,-999.9,-88.8
305,3,24,32.8,23.3,888.8,-88.8,-999.9,-88.8
306,2.9,24,32.8,23.3,888.8,-88.8,-999.9,-88.8
307,2.9,24,32.8,23.3,888.8,-88.8,-999.9,-88.8
308,2.9,24,32.8,23.3,888.8,-88.8,-999.9,-88.8
309,2.8,24.1,32.7,23.3,888.8,-88.8,-999.9,-88.8
310,2.8,24,32.7,23.3,888.8,-88.8,-999.9,-88.8
311,2.8,24,32.6,23.4,888.8,-88.8,-999.9,-88.8
312,2.7,24,32.6,23.4,888.8,-88.8,-999.9,-88.8
313,2.7,24,32.5,23.4,888.8,-88.8,-999.9,-88.8
314,2.7,24,32.5,23.4,888.8,-88.8,-999.9,-88.8
315,2.7,24,32.5,23.4,888.8,-88.8,-999.9,-88.8
316,2.7,24,32.5,23.4,888.8,-88.8,-999.9,-88.8
317,2.6,24,32.4,23.4,888.8,-88.8,-999.9,-88.8
318,2.6,24,32.4,23.4,888.8,-88.8,-999.9,-88.8
319,2.5,24,32.3,23.4,888.8,-88.8,-999.9,-88.8
320,2.5,24,32.3,23.3,888.8,-88.8,-999.9,-88.8
321,2.5,24,32.3,23.3,888.8,-88.8,-999.9,-88.8
322,2.5,24,32.3,23.3,888.8,-88.8,-999.9,-88.8
323,2.4,24,32.2,23.3,888.8,-88.8,-999.9,-88.8
324,2.4,24,32.2,23.3,888.8,-88.8,-999.9,-88.8
325,2.4,24,32.2,23.3,888.8,-88.8,-999.9,-88.8
326,2.4,24,32.2,23.3,888.8,-88.8,-999.9,-88.8
327,2.3,24,32.1,23.3,888.8,-88.8,-999.9,-88.8
328,2.3,24,32.1,23.2,888.8,-88.8,-999.9,-88.8
329,2.2,24,32,23.2,888.8,-88.8,-999.9,-88.8
330,2.2,24,32,23.2,888.8,-88.8,-999.9,-88.8
331,2.2,24,32,23.2,888.8,-88.8,-999.9,-88.8
332,2.2,24,32,23.2,888.8,-88.8,-999.9,-88.8
333,2.2,24,32,23.2,888.8,-88.8,-999.9,-88.8
334,2.1,24.1,31.9,23.1,888.8,-88.8,-999.9,-88.8
335,2.1,24.1,31.9,23.1,888.8,-88.8,-999.9,-88.8
336,2.1,24.1,31.8,23.1,888.8,-88.8,-999.9,-88.8
337,2.1,24.1,31.8,23.1,888.8,-88.8,-999.9,-88.8
338,2,24.1,31.8,23.1,888.8,-88.8,-999.9,-88.8
339,2,24.1,31.8,23.1,888.8,-88.8,-999.9,-88.8
340,1.9,24.1,31.7,23.1,888.8,-88.8,-999.9,-88.8
341,1.9,24.1,31.7,23.1,888.8,-88.8,-999.9,-88.8
342,1.9,24.1,31.7,23,888.8,-88.8,-999.9,-88.8
343,1.8,24.1,31.7,23,888.8,-88.8,-999.9,-88.8
344,1.8,24.1,31.6,23,888.8,-88.8,-999.9,-88.8
345,1.8,24.1,31.6,23,888.8,-88.8,-999.9,-88.8
346,1.7,24,31.6,23,888.8,-88.8,-999.9,-88.8
347,1.7,24.1,31.5,23,888.8,-88.8,-999.9,-88.8
348,1.7,24.1,31.5,23,888.8,-88.8,-999.9,-88.8
349,1.6,24.1,31.5,23,888.8,-88.8,-999.9,-88.8
350,1.6,24.1,31.5,23,888.8,-88.8,-999.9,-88.8
351,1.6,24.1,31.5,23,888.8,-88.8,-999.9,-88.8
352,1.6,24.1,31.3,23,888.8,-88.8,-999.9,-88.8
353,1.5,24.1,31.4,23,888.8,-88.8,-999.9,-88.8
354,1.5,24.1,31.3,22.9,888.8,-88.8,-999.9,-88.8
355,1.5,24.1,31.3,22.9,888.8,-88.8,-999.9,-88.8
356,1.5,24.1,31.3,22.9,888.8,-88.8,-999.9,-88.8
357,1.4,24.1,31.3,22.9,888.8,-88.8,-999.9,-88.8
358,1.3,24.1,31.3,22.9,888.8,-88.8,-999.9,-88.8
359,1.3,24.1,31.2,22.9,888.8,-88.8,-999.9,-88.8
400,1.3,24.1,31.2,22.9,888.8,-88.8,-999.9,-88.8
401,1.3,24.1,31.2,22.9,888.8,-88.8,-999.9,-88.8
402,1.2,24.1,31.2,22.8,888.8,-88.8,-999.9,-88.8
403,1.2,24.1,31.1,22.8,888.8,-88.8,-999.9,-88.8
404,1.2,24.1,31.1,22.8,888.8,-88.8,-999.9,-88.8
405,1.1,24.1,31.1,22.8,888.8,-88.8,-999.9,-88.8
406,1.1,24.1,31.1,22.8,888.8,-88.8,-999.9,-88.8
407,1.1,24.1,31,22.8,888.8,-88.8,-999.9,-88.8
408,1.1,24.1,31,22.8,888.8,-88.8,-999.9,-88.8
409,1,24.1,31,22.8,888.8,-88.8,-999.9,-88.8
410,1,24.1,30.9,22.8,888.8,-88.8,-999.9,-88.8
411,1,24.1,30.9,22.8,888.8,-88.8,-999.9,-88.8
412,1,24.1,30.9,22.8,888.8,-88.8,-999.9,-88.8
413,1,24.1,30.8,22.8,888.8,-88.8,-999.9,-88.8
414,0.9,24.1,30.8,22.8,888.8,-88.8,-999.9,-88.8
415,0.9,24.1,30.8,22.7,888.8,-88.8,-999.9,-88.8
416,0.9,24.1,30.8,22.7,888.8,-88.8,-999.9,-88.8
417,0.8,24.1,30.8,22.7,888.8,-88.8,-999.9,-88.8
418,0.8,24.1,30.7,22.8,888.8,-88.8,-999.9,-88.8
419,0.8,24.1,30.7,22.7,888.8,-88.8,-999.9,-88.8
420,0.8,24.2,30.7,22.7,888.8,-88.8,-999.9,-88.8
421,0.8,24.1,30.7,22.7,888.8,-88.8,-999.9,-88.8
422,0.8,24.1,30.6,22.7,888.8,-88.8,-999.9,-88.8
423,0.7,24.1,30.6,22.7,888.8,-88.8,-999.9,-88.8
424,0.7,24.1,30.6,22.7,888.8,-88.8,-999.9,-88.8
425,0.7,24.1,30.5,22.7,888.8,-88.8,-999.9,-88.8
426,0.7,24.1,30.5,22.6,888.8,-88.8,-999.9,-88.8
427,0.6,24.1,30.5,22.6,888.8,-88.8,-999.9,-88.8
428,0.6,24.1,30.5,22.6,888.8,-88.8,-999.9,-88.8
429,0.5,24.2,30.5,22.6,888.8,-88.8,-999.9,-88.8
430,0.5,24.1,30.4,22.6,888.8,-88.8,-999.9,-88.8
431,0.5,24.1,30.4,22.6,888.8,-88.8,-999.9,-88.8
432,0.5,24.2,30.4,22.5,888.8,-88.8,-999.9,-88.8
433,0.4,24.2,30.4,22.5,888.8,-88.8,-999.9,-88.8
434,0.4,24.2,30.3,22.5,888.8,-88.8,-999.9,-88.8
435,0.4,24.2,30.3,22.5,888.8,-88.8,-999.9,-88.8
436,0.4,24.2,30.3,22.5,888.8,-88.8,-999.9,-88.8
437,0.4,24.2,30.3,22.5,888.8,-88.8,-999.9,-88.8
438,0.4,24.2,30.2,22.5,888.8,-88.8,-999.9,-88.8
439,0.4,24.1,30.2,22.5,888.8,-88.8,-999.9,-88.8
440,0.4,24.2,30.2,22.5,888.8,-88.8,-999.9,-88.8
441,0.3,24.2,30.2,22.5,888.8,-88.8,-999.9,-88.8
442,0.3,24.2,30.2,22.4,888.8,-88.8,-999.9,-88.8
443,0.3,24.2,30.2,22.4,888.8,-88.8,-999.9,-88.8
444,0.3,24.2,30.1,22.4,888.8,-88.8,-999.9,-88.8
445,0.3,24.2,30.1,22.4,888.8,-88.8,-999.9,-88.8
446,0.2,24.2,30.1,22.4,888.8,-88.8,-999.9,-88.8
447,0.2,24.2,30,22.4,888.8,-88.8,-999.9,-88.8
448,0.2,24.2,30,22.4,888.8,-88.8,-999.9,-88.8
449,0.1,24.2,30,22.3,888.8,-88.8,-999.9,-88.8
450,0.1,24.2,30,22.4,888.8,-88.8,-999.9,-88.8
451,0.1,24.2,29.9,22.4,888.8,-88.8,-999.9,-88.8
452,0.1,24.2,29.9,22.3,888.8,-88.8,-999.9,-88.8
453,0.1,24.2,29.9,22.3,888.8,-88.8,-999.9,-88.8
454,0,24.2,29.9,22.3,888.8,-88.8,-999.9,-88.8
455,0,24.2,29.9,22.3,888.8,-88.8,-999.9,-88.8
456,0,24.2,29.9,22.4,888.8,-88.8,-999.9,-88.8
457,0,24.2,29.8,22.3,888.8,-88.8,-999.9,-88.8
458,0,24.2,29.8,22.3,888.8,-88.8,-999.9,-88.8
459,0,24.2,29.8,22.3,888.8,-88.8,-999.9,-88.8
500,0,24.2,29.7,22.2,888.8,-88.8,-999.9,-88.8
501,0,24.2,29.7,22.2,888.8,-88.8,-999.9,-88.8
502,0,24.2,29.7,22.2,888.8,-88.8,-999.9,-88.8
503,0,24.2,29.7,22.2,888.8,-88.8,-999.9,-88.8
504,-0.1,24.2,29.7,22.2,888.8,-88.8,-999.9,-88.8
505,-0.1,24.2,29.6,22.2,888.8,-88.8,-999.9,-88.8
506,-0.1,24.2,29.6,22.2,888.8,-88.8,-999.9,-88.8
507,-0.1,24.2,29.6,22.2,888.8,-88.8,-999.9,-88.8
508,-0.1,24.2,29.6,22.2,888.8,-88.8,-999.9,-88.8
509,-0.1,24.2,29.6,22.1,888.8,-88.8,-999.9,-88.8
510,-0.2,24.2,29.5,22.1,888.8,-88.8,-999.9,-88.8
511,-0.2,24.2,29.5,22.2,888.8,-88.8,-999.9,-88.8
512,-0.2,24.2,29.5,22.2,888.8,-88.8,-999.9,-88.8
513,-0.2,24.2,29.5,22.1,888.8,-88.8,-999.9,-88.8
514,-0.2,24.2,29.5,22.2,888.8,-88.8,-999.9,-88.8
515,-0.3,24.2,29.4,22.2,888.8,-88.8,-999.9,-88.8
516,-0.3,24.2,29.4,22.2,888.8,-88.8,-999.9,-88.8
517,-0.3,24.2,29.4,22.2,888.8,-88.8,-999.9,-88.8
518,-0.3,24.2,29.4,22.1,888.8,-88.8,-999.9,-88.8
519,-0.4,24.2,29.3,22.1,888.8,-88.8,-999.9,-88.8
520,-0.4,24.2,29.4,22.1,888.8,-88.8,-999.9,-88.8
521,-0.4,24.2,29.4,22.1,888.8,-88.8,-999.9,-88.8
522,-0.4,24.2,29.3,22.1,888.8,-88.8,-999.9,-88.8
523,-0.4,24.2,29.3,22.1,888.8,-88.8,-999.9,-88.8
524,-0.4,24.2,29.3,22.1,888.8,-88.8,-999.9,-88.8
525,-0.4,24.2,29.2,22.1,888.8,-88.8,-999.9,-88.8
526,-0.5,24.2,29.2,22.1,888.8,-88.8,-999.9,-88.8
527,-0.5,24.2,29.2,22.1,888.8,-88.8,-999.9,-88.8
528,-0.5,24.2,29.2,22.1,888.8,-88.8,-999.9,-88.8
529,-0.5,24.2,29.1,22.1,888.8,-88.8,-999.9,-88.8
530,-0.6,24.2,29.2,22,888.8,-88.8,-999.9,-88.8
531,-0.6,24.2,29.2,22,888.8,-88.8,-999.9,-88.8
532,-0.6,24.2,29.1,22,888.8,-88.8,-999.9,-88.8
533,-0.6,24.2,29.1,22,888.8,-88.8,-999.9,-88.8
534,-0.6,24.2,29.1,22,888.8,-88.8,-999.9,-88.8
535,-0.6,24.2,29.1,22,888.8,-88.8,-999.9,-88.8
536,-0.7,24.2,29,22,888.8,-88.8,-999.9,-88.8
537,-0.7,24.2,29,21.9,888.8,-88.8,-999.9,-88.8
538,-0.7,24.2,29,21.9,888.8,-88.8,-999.9,-88.8
539,-0.7,24.2,29,21.9,888.8,-88.8,-999.9,-88.8
540,-0.7,24.2,29,21.9,888.8,-88.8,-999.9,-88.8
541,-0.7,24.2,28.9,21.9,888.8,-88.8,-999.9,-88.8
542,-0.8,24.2,28.9,21.9,888.8,-88.8,-999.9,-88.8
543,-0.8,24.2,28.9,21.9,888.8,-88.8,-999.9,-88.8
544,-0.8,24.2,28.9,21.9,888.8,-88.8,-999.9,-88.8
545,-0.8,24.2,28.9,21.8,888.8,-88.8,-999.9,-88.8
546,-0.9,24.2,28.9,21.9,888.8,-88.8,-999.9,-88.8
547,-0.9,24.2,28.9,21.9,888.8,-88.8,-999.9,-88.8
548,-0.9,24.2,28.8,21.9,888.8,-88.8,-999.9,-88.8
549,-0.9,24.2,28.8,21.9,888.8,-88.8,-999.9,-88.8
550,-0.9,24.2,28.8,21.9,888.8,-88.8,-999.9,-88.8
551,-0.9,24.2,28.7,21.8,888.8,-88.8,-999.9,-88.8
552,-0.9,24.2,28.7,21.8,888.8,-88.8,-999.9,-88.8
553,-0.9,24.2,28.7,21.8,888.8,-88.8,-999.9,-88.8
554,-0.9,24.2,28.7,21.8,888.8,-88.8,-999.9,-88.8
555,-0.9,24.2,28.7,21.8,888.8,-88.8,-999.9,-88.8
556,-0.9,24.2,28.7,21.8,888.8,-88.8,-999.9,-88.8
557,-0.9,24.2,28.7,21.8,888.8,-88.8,-999.9,-88.8
558,-1,24.2,28.6,21.8,888.8,-88.8,-999.9,-88.8
559,-1.1,24.2,28.6,21.8,888.8,-88.8,-999.9,-88.8
600,-1.1,24.2,28.6,21.8,888.8,-88.8,-999.9,-88.8
601,-1.1,24.2,28.6,21.8,888.8,-88.8,-999.9,-88.8
602,-1.1,24.2,28.6,21.8,888.8,-88.8,-999.9,-88.8
603,-1.1,24.2,28.6,21.8,888.8,-88.8,-999.9,-88.8
604,-1.2,24.2,28.6,21.7,888.8,-88.8,-999.9,-88.8
605,-1.2,24.2,28.5,21.7,888.8,-88.8,-999.9,-88.8
606,-1.2,24.2,28.5,21.7,888.8,-88.8,-999.9,-88.8
607,-1.2,24.2,28.5,21.7,888.8,-88.8,-999.9,-88.8
608,-1.2,24.2,28.5,21.7,888.8,-88.8,-999.9,-88.8
609,-1.3,24.2,28.4,21.7,888.8,-88.8,-999.9,-88.8
610,-1.3,24.2,28.4,21.7,888.8,-88.8,-999.9,-88.8
611,-1.3,24.2,28.4,21.7,888.8,-88.8,-999.9,-88.8
612,-1.3,24.2,28.4,21.6,888.8,-88.8,-999.9,-88.8
613,-1.3,24.2,28.4,21.6,888.8,-88.8,-999.9,-88.8
614,-1.3,24.2,28.4,21.6,888.8,-88.8,-999.9,-88.8
615,-1.4,24.2,28.4,21.6,888.8,-88.8,-999.9,-88.8
616,-1.4,24.2,28.3,21.6,888.8,-88.8,-999.9,-88.8
617,-1.4,24.2,28.3,21.6,888.8,-88.8,-999.9,-88.8
618,-1.4,24.2,28.3,21.6,888.8,-88.8,-999.9,-88.8
619,-1.4,24.2,28.3,21.6,888.8,-88.8,-999.9,-88.8
620,-1.4,24.2,28.3,21.6,888.8,-88.8,-999.9,-88.8
621,-1.4,24.2,28.3,21.6,888.8,-88.8,-999.9,-88.8
622,-1.5,24.2,28.2,21.6,888.8,-88.8,-999.9,-88.8
623,-1.5,24.2,28.2,21.6,888.8,-88.8,-999.9,-88.8
624,-1.5,24.2,28.2,21.6,888.8,-88.8,-999.9,-88.8
625,-1.5,24.2,28.2,21.6,888.8,-88.8,-999.9,-88.8
626,-1.5,24.2,28.2,21.6,888.8,-88.8,-999.9,-88.8
627,-1.5,24.2,28.2,21.5,888.8,-88.8,-999.9,-88.8
628,-1.5,24.2,28.1,21.5,888.8,-88.8,-999.9,-88.8
629,-1.5,24.2,28.1,21.5,888.8,-88.8,-999.9,-88.8
630,-1.5,24.2,28.1,21.5,888.8,-88.8,-999.9,-88.8
631,-1.5,24.2,28.1,21.6,888.8,-88.8,-999.9,-88.8
632,-1.6,24.3,28.1,21.5,888.8,-88.8,-999.9,-88.8
633,-1.6,24.2,28.1,21.5,888.8,-88.8,-999.9,-88.8
634,-1.6,24.2,28.1,21.5,888.8,-88.8,-999.9,-88.8
635,-1.6,24.2,28,21.5,888.8,-88.8,-999.9,-88.8
636,-1.6,24.2,28,21.5,888.8,-88.8,-999.9,-88.8
637,-1.6,24.2,28,21.5,888.8,-88.8,-999.9,-88.8
638,-1.6,24.3,28,21.4,888.8,-88.8,-999.9,-88.8
639,-1.6,24.2,28,21.5,888.8,-88.8,-999.9,-88.8
640,-1.7,24.2,27.9,21.5,888.8,-88.8,-999.9,-88.8
641,-1.7,24.3,27.9,21.5,888.8,-88.8,-999.9,-88.8
642,-1.7,24.3,27.9,21.5,888.8,-88.8,-999.9,-88.8
643,-1.7,24.2,27.9,21.4,888.8,-88.8,-999.9,-88.8
644,-1.8,24.2,27.9,21.4,888.8,-88.8,-999.9,-88.8
645,-1.8,24.2,27.9,21.4,888.8,-88.8,-999.9,-88.8
646,-1.8,24.3,27.9,21.4,888.8,-88.8,-999.9,-88.8
647,-1.8,24.3,27.9,21.4,888.8,-88.8,-999.9,-88.8
648,-1.8,24.2,27.8,21.4,888.8,-88.8,-999.9,-88.8
649,-1.8,24.2,27.8,21.4,888.8,-88.8,-999.9,-88.8
650,-1.8,24.3,27.8,21.4,888.8,-88.8,-999.9,-88.8
651,-1.8,24.2,27.8,21.4,888.8,-88.8,-999.9,-88.8
652,-1.8,24.2,27.8,21.4,888.8,-88.8,-999.9,-88.8
653,-1.9,24.3,27.8,21.3,888.8,-88.8,-999.9,-88.8
654,-1.9,24.3,27.8,21.3,888.8,-88.8,-999.9,-88.8
655,-1.9,24.3,27.7,21.3,888.8,-88.8,-999.9,-88.8
656,-1.9,24.3,27.8,21.3,888.8,-88.8,-999.9,-88.8
657,-1.9,24.3,27.8,21.3,888.8,-88.8,-999.9,-88.8
658,-1.9,24.3,27.7,21.3,888.8,-88.8,-999.9,-88.8
659,-1.9,24.3,27.7,21.3,888.8,-88.8,-999.9,-88.8
700,-1.9,24.3,27.7,21.3,888.8,-88.8,-999.9,-88.8
701,-1.9,24.3,27.6,21.3,888.8,-88.8,-999.9,-88.8
702,-1.9,24.3,27.6,21.3,888.8,-88.8,-999.9,-88.8
703,-2,24.3,27.6,21.3,888.8,-88.8,-999.9,-88.8
704,-2,24.3,27.6,21.3,888.8,-88.8,-999.9,-88.8
705,-2,24.3,27.6,21.3,888.8,-88.8,-999.9,-88.8
706,-2,24.3,27.6,21.2,888.8,-88.8,-999.9,-88.8
707,-2,24.3,27.6,20.4,888.8,-88.8,-999.9,-88.8
708,-2,24.2,27.6,19.8,888.8,-88.8,-999.9,-88.8
709,-2,24.3,27.5,19.5,888.8,-88.8,-999.9,-88.8
710,-2,24.3,27.5,19.3,888.8,-88.8,-999.9,-88.8
711,-2,24.3,27.5,19.2,888.8,-88.8,-999.9,-88.8
712,-2.1,24.3,27.5,19.2,888.8,-88.8,-999.9,-88.8
713,-2.1,24.3,27.5,19.1,888.8,-88.8,-999.9,-88.8
714,-2.1,24.3,27.5,19.1,888.8,-88.8,-999.9,-88.8
715,-2.1,24.3,27.5,19,888.8,-88.8,-999.9,-88.8
716,-2.1,24.3,27.5,19.1,888.8,-88.8,-999.9,-88.8
717,-2.2,24.3,27.5,19,888.8,-88.8,-999.9,-88.8
718,-2.2,24.3,27.5,19,888.8,-88.8,-999.9,-88.8
719,-2.2,24.3,27.5,19,888.8,-88.8,-999.9,-88.8
720,-2.2,24.3,27.5,19,888.8,-88.8,-999.9,-88.8
721,-2.2,24.3,27.5,19,888.8,-88.8,-999.9,-88.8
722,-2.2,24.3,27.6,19,888.8,-88.8,-999.9,-88.8
723,-2.2,24.3,27.6,19,888.8,-88.8,-999.9,-88.8
724,-2.3,24.3,27.6,19.1,888.8,-88.8,-999.9,-88.8
725,-2.3,24.3,27.6,19.1,888.8,-88.8,-999.9,-88.8
726,-2.3,24.3,27.6,19.2,888.8,-88.8,-999.9,-88.8
727,-2.3,24.3,27.6,19.3,888.8,-88.8,-999.9,-88.8
728,-2.3,24.3,27.6,20.5,888.8,-88.8,-999.9,-88.8
729,-2.3,24.3,27.6,20.1,888.8,-88.8,-999.9,-88.8
730,-2.3,24.3,27.6,21,888.8,-88.8,-999.9,-88.8
731,-2.4,24.3,27.6,21.7,888.8,-88.8,-999.9,-88.8
732,-2.4,24.3,27.6,21.7,888.8,-88.8,-999.9,-88.8
733,-2.4,24.3,27.7,21.9,888.8,-88.8,-999.9,-88.8
734,-2.4,24.3,27.7,22,888.8,-88.8,-999.9,-88.8
735,-2.4,24.3,27.7,22.2,888.8,-88.8,-999.9,-88.8
736,-2.4,24.3,27.7,22.4,888.8,-88.8,-999.9,-88.8
737,-2.4,24.3,27.7,22.5,888.8,-88.8,-999.9,-88.8
738,-2.5,24.3,27.7,22.7,888.8,-88.8,-999.9,-88.8
739,-2.4,24.3,27.7,23.6,888.8,-88.8,-999.9,-88.8
740,-2.4,24.3,27.7,24.8,888.8,-88.8,-999.9,-88.8
741,-2.5,24.3,27.7,25.8,888.8,-88.8,-999.9,-88.8
742,-2.5,24.3,27.7,27.3,888.8,-88.8,-999.9,-88.8
743,-2.5,24.3,27.7,28.7,888.8,-88.8,-999.9,-88.8
744,-2.5,24.3,27.7,30.2,888.8,-88.8,-999.9,-88.8
745,-2.5,24.3,27.7,31.6,888.8,-88.8,-999.9,-88.8
746,-2.5,24.3,27.7,33,888.8,-88.8,-999.9,-88.8
747,-2.5,24.3,27.7,34.3,888.8,-88.8,-999.9,-88.8
748,-2.5,24.3,27.7,35.4,888.8,-88.8,-999.9,-88.8
749,-2.5,24.3,27.7,36.6,888.8,-88.8,-999.9,-88.8
750,-2.6,24.3,27.7,37.3,888.8,-88.8,-999.9,-88.8
751,-2.6,24.3,27.8,38.3,888.8,-88.8,-999.9,-88.8
752,-2.6,24.3,27.8,39.2,888.8,-88.8,-999.9,-88.8
753,-2.6,24.3,27.8,40.1,888.8,-88.8,-999.9,-88.8
754,-2.6,24.3,27.8,40.8,888.8,-88.8,-999.9,-88.8
755,-2.6,24.3,27.8,41.8,888.8,-88.8,-999.9,-88.8
756,-2.6,24.3,27.8,42.6,888.8,-88.8,-999.9,-88.8
757,-2.6,24.3,27.8,43.3,888.8,-88.8,-999.9,-88.8
758,-2.6,24.3,27.8,44.1,888.8,-88.8,-999.9,-88.8
759,-2.6,24.3,27.8,44.6,888.8,-88.8,-999.9,-88.8
800,-2.7,24.3,27.8,45.3,888.8,-88.8,-999.9,-88.8
801,-2.6,24.3,27.8,45.8,888.8,-88.8,-999.9,-88.8
802,-2.7,24.3,27.8,46,888.8,-88.8,-999.9,-88.8
803,-2.7,24.3,27.8,46.4,888.8,-88.8,-999.9,-88.8
804,-2.7,24.3,27.8,46.7,888.8,-88.8,-999.9,-88.8
805,-2.7,24.2,27.8,46.8,888.8,-88.8,-999.9,-88.8
806,-2.7,24.2,27.8,46.9,888.8,-88.8,-999.9,-88.8
807,-2.7,24.2,27.8,47.2,888.8,-88.8,-999.9,-88.8
808,-2.7,24.1,27.8,47.4,888.8,-88.8,-999.9,-88.8
809,-2.7,24,27.8,47.4,888.8,-88.8,-999.9,-88.8
810,-2.7,23.9,27.9,47.5,888.8,-88.8,-999.9,-88.8
811,-2.7,23.7,27.8,47.6,888.8,-88.8,-999.9,-88.8
812,-2.7,23.6,27.8,47.6,888.8,-88.8,-999.9,-88.8
813,-2.7,23.6,27.8,47.6,888.8,-88.8,-999.9,-88.8
814,-2.7,23.5,27.9,47.7,888.8,-88.8,-999.9,-88.8
815,-2.8,23.4,27.9,47.7,888.8,-88.8,-999.9,-88.8
816,-2.8,23.4,27.8,47.6,888.8,-88.8,-999.9,-88.8
817,-2.8,23.4,27.8,47.8,888.8,-88.8,-999.9,-88.8
818,-2.8,23.4,27.8,47.8,888.8,-88.8,-999.9,-88.8
819,-2.8,23.4,27.8,47.7,888.8,-88.8,-999.9,-88.8
820,-2.8,23.4,27.8,46.4,888.8,-88.8,-999.9,-88.8
821,-2.8,23.4,27.8,45.4,888.8,-88.8,-999.9,-88.8
822,-2.8,23.3,27.8,44.6,888.8,-88.8,-999.9,-88.8
823,-2.8,23.3,27.8,44.1,888.8,-88.8,-999.9,-88.8
824,-2.8,23.3,27.9,44.4,888.8,-88.8,-999.9,-88.8
825,-2.8,23.3,27.9,44,888.8,-88.8,-999.9,-88.8
826,-2.8,23.3,27.9,43.1,888.8,-88.8,-999.9,-88.8
827,-2.8,23.3,27.9,41.8,888.8,-88.8,-999.9,-88.8
828,-2.8,23.3,27.9,39.9,888.8,-88.8,-999.9,-88.8
829,-2.8,23.2,27.9,38.2,888.8,-88.8,-999.9,-88.8
830,-2.8,23.2,27.9,37,888.8,-88.8,-999.9,-88.8
831,-2.8,23.2,27.9,35.8,888.8,-88.8,-999.9,-88.8
832,-2.8,23.1,27.9,34.8,888.8,-88.8,-999.9,-88.8
833,-2.8,23,27.8,34.2,888.8,-88.8,-999.9,-88.8
834,-2.7,22.8,27.9,34.2,888.8,-88.8,-999.9,-88.8
835,-2.7,22.7,27.8,34.2,888.8,-88.8,-999.9,-88.8
836,-2.8,22.6,27.8,34,888.8,-88.8,-999.9,-88.8
837,-2.7,22.5,27.8,34,888.8,-88.8,-999.9,-88.8
838,-2.7,22.4,27.8,33.9,888.8,-88.8,-999.9,-88.8
839,-2.7,22.4,27.8,34.7,888.8,-88.8,-999.9,-88.8
840,-2.7,22.4,27.8,35.3,888.8,-88.8,-999.9,-88.8
841,-2.7,22.3,27.8,35.9,888.8,-88.8,-999.9,-88.8
842,-2.7,22.3,27.8,36.5,888.8,-88.8,-999.9,-88.8
843,-2.7,22.3,27.8,37.1,888.8,-88.8,-999.9,-88.8
844,-2.7,22.3,27.8,38,888.8,-88.8,-999.9,-88.8
845,-2.7,22.3,27.8,38.7,888.8,-88.8,-999.9,-88.8
846,-2.7,22.2,27.8,38.9,888.8,-88.8,-999.9,-88.8
847,-2.7,22.2,27.8,40.2,888.8,-88.8,-999.9,-88.8
848,-2.7,22.2,27.8,41.8,888.8,-88.8,-999.9,-88.8
849,-2.6,22.2,27.8,42,888.8,-88.8,-999.9,-88.8
850,-2.6,22.2,27.8,42.4,888.8,-88.8,-999.9,-88.8
851,-2.6,22.1,27.7,43.4,888.8,-88.8,-999.9,-88.8
852,-2.6,22.1,27.8,44.6,888.8,-88.8,-999.9,-88.8
853,-2.6,22.1,27.8,45.7,888.8,-88.8,-999.9,-88.8
854,-2.6,22.1,27.8,46.6,888.8,-88.8,-999.9,-88.8
855,-2.6,22.1,27.8,45.5,888.8,-88.8,-999.9,-88.8
856,-2.6,22.1,27.8,39.7,888.8,-88.8,-999.9,-88.8
857,-2.6,22.1,27.8,37,888.8,-88.8,-999.9,-88.8
858,-2.5,22.1,27.8,40.4,888.8,-88.8,-999.9,-88.8
859,-2.5,22.1,27.8,38.5,888.8,-88.8,-999.9,-88.8
900,-2.5,22.1,27.8,34.2,888.8,-88.8,-999.9,-88.8
901,-2.4,22.1,27.8,27.9,888.8,-88.8,-999.9,-88.8
902,-2.4,22.1,27.8,26.8,888.8,-88.8,-999.9,-88.8
903,-2.4,22,27.8,29.4,888.8,-88.8,-999.9,-88.8
904,-2.4,22,27.8,30,888.8,-88.8,-999.9,-88.8
905,-2.4,22,27.8,30.6,888.8,-88.8,-999.9,-88.8
906,-2.3,22,27.8,31,888.8,-88.8,-999.9,-88.8
907,-2.3,22,27.8,31.1,888.8,-88.8,-999.9,-88.8
908,-2.3,21.9,27.8,31.8,888.8,-88.8,-999.9,-88.8
909,-2.3,21.9,27.9,32.5,888.8,-88.8,-999.9,-88.8
910,-2.2,21.9,27.8,33.4,888.8,-88.8,-999.9,-88.8
911,-2.2,21.9,27.8,34,888.8,-88.8,-999.9,-88.8
912,-2.2,21.9,27.8,34.8,888.8,-88.8,-999.9,-88.8
913,-2.2,21.9,27.8,35.6,888.8,-88.8,-999.9,-88.8
914,-2.2,21.9,27.8,36.3,888.8,-88.8,-999.9,-88.8
915,-2.1,21.9,27.8,37.1,888.8,-88.8,-999.9,-88.8
916,-2.1,21.9,27.9,37.7,888.8,-88.8,-999.9,-88.8
917,-2.1,21.9,27.8,38.4,888.8,-88.8,-999.9,-88.8
918,-2.1,21.9,27.9,39.3,888.8,-88.8,-999.9,-88.8
919,-2,21.9,27.8,39.7,888.8,-88.8,-999.9,-88.8
920,-2,21.9,27.9,40.5,888.8,-88.8,-999.9,-88.8
921,-2,21.9,27.9,40.9,888.8,-88.8,-999.9,-88.8
922,-1.9,21.9,27.9,41.5,888.8,-88.8,-999.9,-88.8
923,-1.9,21.9,27.9,42.1,888.8,-88.8,-999.9,-88.8
924,-1.9,21.9,27.9,42.6,888.8,-88.8,-999.9,-88.8
925,-1.8,21.9,27.9,43.1,888.8,-88.8,-999.9,-88.8
926,-1.8,21.9,27.9,43.5,888.8,-88.8,-999.9,-88.8
927,-1.8,21.9,27.9,44,888.8,-88.8,-999.9,-88.8
928,-1.7,21.9,27.9,44.4,888.8,-88.8,-999.9,-88.8
929,-1.7,21.9,27.9,44.8,888.8,-88.8,-999.9,-88.8
930,-1.6,21.9,27.9,44.7,888.8,-88.8,-999.9,-88.8
931,-1.6,22,27.9,43.8,888.8,-88.8,-999.9,-88.8
932,-1.5,22,27.9,44.4,888.8,-88.8,-999.9,-88.8
933,-1.5,21.9,27.9,43.7,888.8,-88.8,-999.9,-88.8
934,-1.4,21.9,27.9,42.7,888.8,-88.8,-999.9,-88.8
935,-1.4,21.9,27.9,42.2,888.8,-88.8,-999.9,-88.8
936,-1.3,21.9,27.9,41.9,888.8,-88.8,-999.9,-88.8
937,-1.2,21.9,27.9,41.4,888.8,-88.8,-999.9,-88.8
938,-1.2,21.9,27.9,41,888.8,-88.8,-999.9,-88.8
939,-1.2,21.9,27.9,40.6,888.8,-88.8,-999.9,-88.8
940,-1.1,21.9,27.9,40.1,888.8,-88.8,-999.9,-88.8
941,-1,21.9,27.9,39.6,888.8,-88.8,-999.9,-88.8
942,-1,21.9,27.9,39.5,888.8,-88.8,-999.9,-88.8
943,-0.9,22,27.9,39.4,888.8,-88.8,-999.9,-88.8
944,-0.9,22,27.9,39.8,888.8,-88.8,-999.9,-88.8
945,-0.8,22,27.9,40.2,888.8,-88.8,-999.9,-88.8
946,-0.8,21.9,27.9,40.5,888.8,-88.8,-999.9,-88.8
947,-0.7,22,28,40.8,888.8,-88.8,-999.9,-88.8
948,-0.7,22,28,41.3,888.8,-88.8,-999.9,-88.8
949,-0.6,22,28,41.6,888.8,-88.8,-999.9,-88.8
950,-0.6,22,27.9,42,888.8,-88.8,-999.9,-88.8
951,-0.5,22,28,42.5,888.8,-88.8,-999.9,-88.8
952,-0.5,22,28,42.7,888.8,-88.8,-999.9,-88.8
953,-0.4,22,28,43,888.8,-88.8,-999.9,-88.8
954,-0.4,22,28,43.2,888.8,-88.8,-999.9,-88.8
955,-0.3,22,28,43.4,888.8,-88.8,-999.9,-88.8
956,-0.2,22,28,43.7,888.8,-88.8,-999.9,-88.8
957,-0.2,22,28,44,888.8,-88.8,-999.9,-88.8
958,-0.1,21.9,28,44.4,888.8,-88.8,-999.9,-88.8
959,0,22,28,44.7,888.8,-88.8,-999.9,-88.8
1000,0,22,28,45,888.8,-88.8,-999.9,-88.8
1001,0,22,28,45.4,888.8,-88.8,-999.9,-88.8
1002,0,22,28,45.6,888.8,-88.8,-999.9,-88.8
1003,0.1,22,28,45.9,888.8,-88.8,-999.9,-88.8
1004,0.1,22,28,46.2,888.8,-88.8,-999.9,-88.8
1005,0.1,22,28.1,46.4,888.8,-88.8,-999.9,-88.8
1006,0.2,22,28.1,46.6,888.8,-88.8,-999.9,-88.8
1007,0.3,22,28,46.8,888.8,-88.8,-999.9,-88.8
1008,0.4,22,28.1,47,888.8,-88.8,-999.9,-88.8
1009,0.4,22.1,28,47.2,888.8,-88.8,-999.9,-88.8
1010,0.5,22.1,28.1,47.3,888.8,-88.8,-999.9,-88.8
1011,0.6,22.1,28,47.4,888.8,-88.8,-999.9,-88.8
1012,0.7,22.1,28.1,47.6,888.8,-88.8,-999.9,-88.8
1013,0.7,22.1,28.1,47.7,888.8,-88.8,-999.9,-88.8
1014,0.8,22.1,28.1,47.8,888.8,-88.8,-999.9,-88.8
1015,0.9,22.1,28.1,47.9,888.8,-88.8,-999.9,-88.8
1016,1,22.1,28.1,48.1,888.8,-88.8,-999.9,-88.8
1017,1.1,22.1,28.1,48.1,888.8,-88.8,-999.9,-88.8
1018,1.2,22.1,28.1,48.3,888.8,-88.8,-999.9,-88.8
1019,1.2,22.1,28.1,48.4,888.8,-88.8,-999.9,-88.8
1020,1.3,22.1,28.1,48.4,888.8,-88.8,-999.9,-88.8
1021,1.4,22.1,28.1,48.5,888.8,-88.8,-999.9,-88.8
1022,1.5,22.1,28.1,48.5,888.8,-88.8,-999.9,-88.8
1023,1.6,22.1,28.1,48.6,888.8,-88.8,-999.9,-88.8
1024,1.7,22.1,28.1,48.7,888.8,-88.8,-999.9,-88.8
1025,1.8,22.1,28.1,48.7,888.8,-88.8,-999.9,-88.8
1026,1.9,22.1,28.1,48.7,888.8,-88.8,-999.9,-88.8
1027,2,22.1,28.1,48.9,888.8,-88.8,-999.9,-88.8
1028,2.2,22.1,28.1,48.9,888.8,-88.8,-999.9,-88.8
1029,2.2,22.1,28.1,49.2,888.8,-88.8,-999.9,-88.8
1030,2.4,22.1,28.1,49.4,888.8,-88.8,-999.9,-88.8
1031,2.4,22.1,28.1,49.5,888.8,-88.8,-999.9,-88.8
1032,2.5,22.1,28.2,49.6,888.8,-88.8,-999.9,-88.8
1033,2.7,22.1,28.2,49.7,888.8,-88.8,-999.9,-88.8
1034,2.8,22.2,28.1,49.5,888.8,-88.8,-999.9,-88.8
1035,2.9,22.1,28.1,49.6,888.8,-88.8,-999.9,-88.8
1036,3,22.1,28.2,49.7,888.8,-88.8,-999.9,-88.8
1037,3,22.2,28.1,49.8,888.8,-88.8,-999.9,-88.8
1038,3.1,22.2,28.1,49.9,888.8,-88.8,-999.9,-88.8
1039,3.3,22.2,28.2,49.9,888.8,-88.8,-999.9,-88.8
1040,3.4,22.2,28.1,50,888.8,-88.8,-999.9,-88.8
1041,3.4,22.2,28.2,50.1,888.8,-88.8,-999.9,-88.8
1042,3.6,22.2,28.2,49.8,888.8,-88.8,-999.9,-88.8
1043,3.6,22.2,28.2,49.6,888.8,-88.8,-999.9,-88.8
1044,3.7,22.2,28.2,49.7,888.8,-88.8,-999.9,-88.8
1045,3.8,22.2,28.2,49.9,888.8,-88.8,-999.9,-88.8
1046,3.9,22.2,28.2,49.9,888.8,-88.8,-999.9,-88.8
1047,4.1,22.2,28.2,49.7,888.8,-88.8,-999.9,-88.8
1048,4.2,22.2,28.2,49.7,888.8,-88.8,-999.9,-88.8
1049,4.3,22.2,28.2,49.7,888.8,-88.8,-999.9,-88.8
1050,4.4,22.2,28.2,49.6,888.8,-88.8,-999.9,-88.8
1051,4.5,22.2,28.2,49.4,888.8,-88.8,-999.9,-88.8
1052,4.6,22.2,28.2,48.9,888.8,-88.8,-999.9,-88.8
1053,4.7,22.2,28.2,48.2,888.8,-88.8,-999.9,-88.8
1054,4.9,22.2,28.2,48.2,888.8,-88.8,-999.9,-88.8
1055,5,22.2,28.2,48.2,888.8,-88.8,-999.9,-88.8
1056,5.1,22.3,28.2,47.5,888.8,-88.8,-999.9,-88.8
1057,5.2,22.2,28.2,47,888.8,-88.8,-999.9,-88.8
1058,5.2,22.2,28.2,46.5,888.8,-88.8,-999.9,-88.8
1059,5.4,22.2,28.2,45.8,888.8,-88.8,-999.9,-88.8
1100,5.5,22.2,28.2,44.8,888.8,-88.8,-999.9,-88.8
1101,5.6,22.2,28.2,43.6,888.8,-88.8,-999.9,-88.8
1102,5.7,22.2,28.2,42.5,888.8,-88.8,-999.9,-88.8
1103,5.8,22.2,28.2,42.3,888.8,-88.8,-999.9,-88.8
1104,5.9,22.2,28.2,42.5,888.8,-88.8,-999.9,-88.8
1105,6,22.2,28.2,42.7,888.8,-88.8,-999.9,-88.8
1106,6.1,22.2,28.2,41.4,888.8,-88.8,-999.9,-88.8
1107,6.2,22.3,28.2,39.9,888.8,-88.8,-999.9,-88.8
1108,6.3,22.3,28.3,39.7,888.8,-88.8,-999.9,-88.8
1109,6.5,22.3,28.3,40.1,888.8,-88.8,-999.9,-88.8
1110,6.6,22.3,28.3,41,888.8,-88.8,-999.9,-88.8
1111,6.7,22.3,28.2,42.2,888.8,-88.8,-999.9,-88.8
1112,6.8,22.3,28.3,43.4,888.8,-88.8,-999.9,-88.8
1113,6.9,22.3,28.3,43.9,888.8,-88.8,-999.9,-88.8
1114,7,22.3,28.3,44.4,888.8,-88.8,-999.9,-88.8
1115,7.1,22.3,28.3,44.8,888.8,-88.8,-999.9,-88.8
1116,7.3,22.3,28.3,45.2,888.8,-88.8,-999.9,-88.8
1117,7.4,22.3,28.3,45.5,888.8,-88.8,-999.9,-88.8
1118,7.6,22.3,28.3,45.7,888.8,-88.8,-999.9,-88.8
1119,7.7,22.3,28.3,45.9,888.8,-88.8,-999.9,-88.8
1120,7.9,22.3,28.2,46.2,888.8,-88.8,-999.9,-88.8
1121,8,22.3,28.3,46.5,888.8,-88.8,-999.9,-88.8
1122,8.2,22.3,28.3,46.8,888.8,-88.8,-999.9,-88.8
1123,8.4,22.3,28.3,47.1,888.8,-88.8,-999.9,-88.8
1124,8.6,22.4,28.3,47.4,888.8,-88.8,-999.9,-88.8
1125,8.8,22.3,28.3,47.6,888.8,-88.8,-999.9,-88.8
1126,9,22.3,28.3,48,888.8,-88.8,-999.9,-88.8
1127,9.1,22.3,28.3,48.3,888.8,-88.8,-999.9,-88.8
1128,9.3,22.3,28.3,47.9,888.8,-88.8,-999.9,-88.8
1129,9.5,22.4,28.3,46.2,888.8,-88.8,-999.9,-88.8
1130,9.7,22.4,28.3,45.5,888.8,-88.8,-999.9,-88.8
1131,9.8,22.3,28.3,45.6,888.8,-88.8,-999.9,-88.8
1132,10,22.4,28.3,45.5,888.8,-88.8,-999.9,-88.8
1133,10.2,22.4,28.3,45.3,888.8,-88.8,-999.9,-88.8
1134,10.4,22.4,28.3,45.3,888.8,-88.8,-999.9,-88.8
1135,10.6,22.4,28.4,45.2,888.8,-88.8,-999.9,-88.8
1136,10.8,22.4,28.3,44.9,888.8,-88.8,-999.9,-88.8
1137,11,22.4,28.4,44.3,888.8,-88.8,-999.9,-88.8
1138,11.3,22.4,28.4,43.7,888.8,-88.8,-999.9,-88.8
1139,11.5,22.4,28.4,42.9,888.8,-88.8,-999.9,-88.8
1140,11.8,22.4,28.4,42,888.8,-88.8,-999.9,-88.8
1141,12,22.4,28.4,41.8,888.8,-88.8,-999.9,-88.8
1142,12.2,22.4,28.4,41.9,888.8,-88.8,-999.9,-88.8
1143,12.6,22.4,28.4,42.1,888.8,-88.8,-999.9,-88.8
1144,12.8,22.4,28.4,42.7,888.8,-88.8,-999.9,-88.8
1145,13,22.4,28.4,43.4,888.8,-88.8,-999.9,-88.8
1146,13.3,22.4,28.4,44.1,888.8,-88.8,-999.9,-88.8
1147,13.5,22.4,28.4,44.6,888.8,-88.8,-999.9,-88.8
1148,13.8,22.4,28.4,45,888.8,-88.8,-999.9,-88.8
1149,13.9,22.4,28.4,45.4,888.8,-88.8,-999.9,-88.8
1150,14,22.4,28.4,45.8,888.8,-88.8,-999.9,-88.8
1151,14.2,22.4,28.4,46.1,888.8,-88.8,-999.9,-88.8
1152,14.3,22.5,28.4,46.4,888.8,-88.8,-999.9,-88.8
1153,14.5,22.5,28.4,46.6,888.8,-88.8,-999.9,-88.8
1154,14.6,22.4,28.4,46.9,888.8,-88.8,-999.9,-88.8
1155,14.7,22.4,28.4,47.2,888.8,-88.8,-999.9,-88.8
1156,14.8,22.4,28.4,47.4,888.8,-88.8,-999.9,-88.8
1157,14.9,22.5,28.4,47.6,888.8,-88.8,-999.9,-88.8
1158,15,22.5,28.4,47.8,888.8,-88.8,-999.9,-88.8
1159,15.1,22.5,28.4,48.1,888.8,-88.8,-999.9,-88.8
1200,15.2,22.5,28.4,48.4,888.8,-88.8,-999.9,-88.8
1201,15.4,22.5,28.5,48.3,888.8,-88.8,-999.9,-88.8
1202,15.6,22.5,28.4,48.2,888.8,-88.8,-999.9,-88.8
1203,15.7,22.5,28.4,47.7,888.8,-88.8,-999.9,-88.8
1204,15.9,22.5,28.5,47.3,888.8,-88.8,-999.9,-88.8
1205,16.1,22.5,28.5,46.9,888.8,-88.8,-999.9,-88.8
1206,16.3,22.5,28.5,46.4,888.8,-88.8,-999.9,-88.8
1207,16.5,22.5,28.5,45.7,888.8,-88.8,-999.9,-88.8
1208,16.7,22.5,28.5,45,888.8,-88.8,-999.9,-88.8
1209,17,22.5,28.5,44.3,888.8,-88.8,-999.9,-88.8
1210,17.3,22.5,28.5,43.5,888.8,-88.8,-999.9,-88.8
1211,17.5,22.5,28.5,42.6,888.8,-88.8,-999.9,-88.8
1212,17.8,22.4,28.4,42.2,888.8,-88.8,-999.9,-88.8
1213,18.1,22.4,28.4,42.1,888.8,-88.8,-999.9,-88.8
1214,18.4,22.3,28.4,42.4,888.8,-88.8,-999.9,-88.8
1215,18.7,22.2,28.4,43,888.8,-88.8,-999.9,-88.8
1216,19,22.2,28.4,43.6,888.8,-88.8,-999.9,-88.8
1217,19.3,22.2,28.4,44.5,888.8,-88.8,-999.9,-88.8
1218,19.7,22.2,28.4,45.1,888.8,-88.8,-999.9,-88.8
1219,20,22.1,28.4,45.5,888.8,-88.8,-999.9,-88.8
1220,20.3,22.1,28.4,45.8,888.8,-88.8,-999.9,-88.8
1221,20.7,22.1,28.4,45.9,888.8,-88.8,-999.9,-88.8
1222,21,22.1,28.4,46,888.8,-88.8,-999.9,-88.8
1223,21.3,22,28.4,46.1,888.8,-88.8,-999.9,-88.8
1224,21.6,22,28.3,46.3,888.8,-88.8,-999.9,-88.8
1225,21.8,22,28.4,46.6,888.8,-88.8,-999.9,-88.8
1226,22.2,22,28.4,46.7,888.8,-88.8,-999.9,-88.8
1227,22.5,22,28.3,46.8,888.8,-88.8,-999.9,-88.8
1228,22.8,22,28.4,46.9,888.8,-88.8,-999.9,-88.8
1229,23,22,28.4,47.1,888.8,-88.8,-999.9,-88.8
1230,23.3,22,28.3,47.2,888.8,-88.8,-999.9,-88.8
1231,23.6,22,28.4,47.4,888.8,-88.8,-999.9,-88.8
1232,23.8,22,28.4,47.6,888.8,-88.8,-999.9,-88.8
1233,24.1,22.1,28.4,47.7,888.8,-88.8,-999.9,-88.8
1234,24.3,22,28.4,47.8,888.8,-88.8,-999.9,-88.8
1235,24.5,22,28.4,47.9,888.8,-88.8,-999.9,-88.8
1236,24.7,22,28.4,48.1,888.8,-88.8,-999.9,-88.8
1237,24.9,22,28.4,48,888.8,-88.8,-999.9,-88.8
1238,25.1,22,28.4,47.6,888.8,-88.8,-999.9,-88.8
1239,25.3,22,28.4,47.6,888.8,-88.8,-999.9,-88.8
1240,25.5,22,28.4,47,888.8,-88.8,-999.9,-88.8
1241,25.7,22,28.4,46.4,888.8,-88.8,-999.9,-88.8
1242,26,22,28.4,45.8,888.8,-88.8,-999.9,-88.8
1243,26.2,22.1,28.4,45.3,888.8,-88.8,-999.9,-88.8
1244,26.5,22,28.4,44.7,888.8,-88.8,-999.9,-88.8
1245,26.8,22.1,28.4,44,888.8,-88.8,-999.9,-88.8
1246,27,22.1,28.4,43.3,888.8,-88.8,-999.9,-88.8
1247,27.3,22.1,28.4,42.7,888.8,-88.8,-999.9,-88.8
1248,27.6,22.1,28.4,41.8,888.8,-88.8,-999.9,-88.8
1249,27.8,22.1,28.4,41.5,888.8,-88.8,-999.9,-88.8
1250,28.1,22.1,28.4,41.5,888.8,-88.8,-999.9,-88.8
1251,28.4,22.1,28.4,41.7,888.8,-88.8,-999.9,-88.8
1252,28.6,22,28.4,42.2,888.8,-88.8,-999.9,-88.8
1253,25.7,22,28.4,42.9,888.8,-88.8,-999.9,-88.8
1254,24.3,21.9,28.4,43.6,888.8,-88.8,-999.9,-88.8
1255,24,21.9,28.4,44.1,888.8,-88.8,-999.9,-88.8
1256,24.1,21.9,28.4,44.5,888.8,-88.8,-999.9,-88.8
1257,24.5,21.9,28.4,44.9,888.8,-88.8,-999.9,-88.8
1258,24.8,21.8,28.4,45.3,888.8,-88.8,-999.9,-88.8
1259,25.2,21.8,28.4,45.6,888.8,-88.8,-999.9,-88.8
1300,25.6,21.8,28.4,45.8,888.8,-88.8,-999.9,-88.8
1301,26.1,21.8,28.4,46.1,888.8,-88.8,-999.9,-88.8
1302,26.6,21.8,28.4,46.4,888.8,-88.8,-999.9,-88.8
1303,27.3,21.8,28.4,46.6,888.8,-88.8,-999.9,-88.8
1304,28.1,21.8,28.4,46.8,888.8,-88.8,-999.9,-88.8
1305,28.8,21.8,28.4,47.1,888.8,-88.8,-999.9,-88.8
1306,29.2,21.8,28.4,47.3,888.8,-88.8,-999.9,-88.8
1307,27,21.8,28.4,47.6,888.8,-88.8,-999.9,-88.8
1308,27.6,21.8,28.4,47.8,888.8,-88.8,-999.9,-88.8
1309,29.2,21.8,28.4,48.1,888.8,-88.8,-999.9,-88.8
1310,31.5,21.8,28.4,48.5,888.8,-88.8,-999.9,-88.8
1311,33.9,21.8,28.4,48.8,888.8,-88.8,-999.9,-88.8
1312,36.5,21.8,28.4,48.8,888.8,-88.8,-999.9,-88.8
1313,38.2,21.8,28.4,48.4,888.8,-88.8,-999.9,-88.8
1314,39.2,21.8,28.4,47.7,888.8,-88.8,-999.9,-88.8
1315,39.5,21.8,28.4,47.5,888.8,-88.8,-999.9,-88.8
1316,38.8,21.8,28.5,46.7,888.8,-88.8,-999.9,-88.8
1317,37,21.8,28.6,46,888.8,-88.8,-999.9,-88.8
1318,34.8,21.8,28.6,45.3,888.8,-88.8,-999.9,-88.8
1319,32.6,21.9,28.7,44.7,888.8,-88.8,-999.9,-88.8
1320,31,21.9,28.8,44.1,888.8,-88.8,-999.9,-88.8
1321,30.3,21.9,28.9,43.6,888.8,-88.8,-999.9,-88.8
1322,29.6,21.9,28.9,43.3,888.8,-88.8,-999.9,-88.8
1323,28.4,21.9,29,43.4,888.8,-88.8,-999.9,-88.8
1324,27.3,22,29,43.9,888.8,-88.8,-999.9,-88.8
1325,26.8,22,29.1,44.8,888.8,-88.8,-999.9,-88.8
1326,27.4,22,29.1,45.7,888.8,-88.8,-999.9,-88.8
1327,28.9,22,29.1,46.6,888.8,-88.8,-999.9,-88.8
1328,31,22.1,29.1,47.5,888.8,-88.8,-999.9,-88.8
1329,33.3,22,29.2,48.1,888.8,-88.8,-999.9,-88.8
1330,35.7,22,29.2,48.6,888.8,-88.8,-999.9,-88.8
1331,37.6,22.1,29.2,48.9,888.8,-88.8,-999.9,-88.8
1332,38.4,22.1,29.2,49,888.8,-88.8,-999.9,-88.8
1333,38.8,22.1,29.2,49,888.8,-88.8,-999.9,-88.8
1334,38.6,22.1,29.2,48.9,888.8,-88.8,-999.9,-88.8
1335,37.7,22.1,29.3,48.6,888.8,-88.8,-999.9,-88.8
1336,36.3,22.1,29.4,47.9,888.8,-88.8,-999.9,-88.8
1337,34.4,22.2,29.4,47.1,888.8,-88.8,-999.9,-88.8
1338,32.6,22.2,29.5,46.3,888.8,-88.8,-999.9,-88.8
1339,31.5,22.2,29.6,45.5,888.8,-88.8,-999.9,-88.8
1340,31,22.2,29.7,44.8,888.8,-88.8,-999.9,-88.8
1341,29.9,22.2,29.7,44.2,888.8,-88.8,-999.9,-88.8
1342,28.6,22.3,29.7,43.7,888.8,-88.8,-999.9,-88.8
1343,27.6,22.3,29.8,43,888.8,-88.8,-999.9,-88.8
1344,27.3,22.3,29.8,42.4,888.8,-88.8,-999.9,-88.8
1345,28.1,22.3,29.8,42.3,888.8,-88.8,-999.9,-88.8
1346,29.6,22.3,29.9,42.6,888.8,-88.8,-999.9,-88.8
1347,31.7,22.3,29.9,43.2,888.8,-88.8,-999.9,-88.8
1348,33.7,22.4,29.9,44.3,888.8,-88.8,-999.9,-88.8
1349,35.9,22.4,29.9,45.6,888.8,-88.8,-999.9,-88.8
1350,37.5,22.4,29.9,46.6,888.8,-88.8,-999.9,-88.8
1351,38.1,22.4,29.9,47.3,888.8,-88.8,-999.9,-88.8
1352,38.2,22.4,29.9,47.8,888.8,-88.8,-999.9,-88.8
1353,38,22.4,29.9,48.1,888.8,-88.8,-999.9,-88.8
1354,37.3,22.4,30,48.3,888.8,-88.8,-999.9,-88.8
1355,35.9,22.4,30,48.6,888.8,-88.8,-999.9,-88.8
1356,34.1,22.5,30.2,48.8,888.8,-88.8,-999.9,-88.8
1357,32.5,22.5,30.2,48.7,888.8,-88.8,-999.9,-88.8
1358,31.8,22.5,30.3,48.4,888.8,-88.8,-999.9,-88.8
1359,30.8,22.5,30.3,47.6,888.8,-88.8,-999.9,-88.8
1400,29.2,22.5,30.4,46.7,888.8,-88.8,-999.9,-88.8
1401,27.8,22.5,30.4,45.8,888.8,-88.8,-999.9,-88.8
1402,27,22.6,30.4,45,888.8,-88.8,-999.9,-88.8
1403,27,22.6,30.4,40.7,888.8,-88.8,-999.9,-88.8
1404,27.9,22.6,30.4,38.7,888.8,-88.8,-999.9,-88.8
1405,29.6,22.6,30.4,38.3,888.8,-88.8,-999.9,-88.8
1406,31.5,22.6,30.5,38.6,888.8,-88.8,-999.9,-88.8
1407,33.3,22.6,30.5,40.2,888.8,-88.8,-999.9,-88.8
1408,35.1,22.7,30.5,41.6,888.8,-88.8,-999.9,-88.8
1409,36.7,22.7,30.5,42.6,888.8,-88.8,-999.9,-88.8
1410,37.5,22.7,30.5,43.3,888.8,-88.8,-999.9,-88.8
1411,37.6,22.7,30.5,43.8,888.8,-88.8,-999.9,-88.8
1412,37.4,22.7,30.5,44.2,888.8,-88.8,-999.9,-88.8
1413,37,22.7,30.6,44.5,888.8,-88.8,-999.9,-88.8
1414,36.1,22.7,30.6,44.8,888.8,-88.8,-999.9,-88.8
1415,34.7,22.7,30.7,45.2,888.8,-88.8,-999.9,-88.8
1416,33.3,22.7,30.8,45.4,888.8,-88.8,-999.9,-88.8
1417,32.7,22.8,30.8,45.8,888.8,-88.8,-999.9,-88.8
1418,31.6,22.8,30.8,46.2,888.8,-88.8,-999.9,-88.8
1419,30,22.8,30.9,46.6,888.8,-88.8,-999.9,-88.8
1420,28.5,22.9,30.9,46.9,888.8,-88.8,-999.9,-88.8
1421,27.5,22.8,30.9,47.1,888.8,-88.8,-999.9,-88.8
1422,27.4,22.8,31,47.4,888.8,-88.8,-999.9,-88.8
1423,28.2,22.8,31,47.6,888.8,-88.8,-999.9,-88.8
1424,29.7,22.9,31,47.8,888.8,-88.8,-999.9,-88.8
1425,31.3,22.9,31,48,888.8,-88.8,-999.9,-88.8
1426,32.9,22.9,31,48.2,888.8,-88.8,-999.9,-88.8
1427,34.2,22.9,31,48.3,888.8,-88.8,-999.9,-88.8
1428,35.5,22.9,31,48.5,888.8,-88.8,-999.9,-88.8
1429,36.5,22.9,31,48.6,888.8,-88.8,-999.9,-88.8
1430,37.2,22.9,31,48.7,888.8,-88.8,-999.9,-88.8
1431,37.2,22.9,31,48.9,888.8,-88.8,-999.9,-88.8
1432,36.8,22.9,31,49,888.8,-88.8,-999.9,-88.8
1433,36.3,22.9,31.1,48.9,888.8,-88.8,-999.9,-88.8
1434,35.6,22.9,31.2,48.7,888.8,-88.8,-999.9,-88.8
1435,34.5,23,31.2,48.6,888.8,-88.8,-999.9,-88.8
1436,33.7,23,31.2,48,888.8,-88.8,-999.9,-88.8
1437,32.9,23,31.3,47.4,888.8,-88.8,-999.9,-88.8
1438,31.3,23,31.4,46.8,888.8,-88.8,-999.9,-88.8
1439,29.6,23,31.3,46.3,888.8,-88.8,-999.9,-88.8
1440,28.2,23.1,31.4,45.6,888.8,-88.8,-999.9,-88.8
1441,27.6,23.1,31.4,44.9,888.8,-88.8,-999.9,-88.8
1442,27.8,23.1,31.4,44.2,888.8,-88.8,-999.9,-88.8
1443,28.8,23.1,31.4,43.2,888.8,-88.8,-999.9,-88.8
1444,30.3,23.1,31.4,42.7,888.8,-88.8,-999.9,-88.8
1445,32,23.1,31.4,42.6,888.8,-88.8,-999.9,-88.8
1446,33.3,23.1,31.5,42.8,888.8,-88.8,-999.9,-88.8
1447,34.6,23.1,31.5,43.1,888.8,-88.8,-999.9,-88.8
1448,35.6,23.1,31.5,43.7,888.8,-88.8,-999.9,-88.8
1449,36.4,23.1,31.4,44.2,888.8,-88.8,-999.9,-88.8
1450,36.9,23.1,31.5,44.7,888.8,-88.8,-999.9,-88.8
1451,37.1,23.1,31.5,45,888.8,-88.8,-999.9,-88.8
1452,36.9,23.1,31.5,45.4,888.8,-88.8,-999.9,-88.8
1453,36.5,23.1,31.5,45.6,888.8,-88.8,-999.9,-88.8
1454,35.7,23.1,31.5,45.9,888.8,-88.8,-999.9,-88.8
1455,35.1,23.1,31.5,46.2,888.8,-88.8,-999.9,-88.8
1456,35,23.1,31.5,46.4,888.8,-88.8,-999.9,-88.8
1457,35.2,23.1,31.5,46.6,888.8,-88.8,-999.9,-88.8
1458,35.7,23.1,31.5,46.8,888.8,-88.8,-999.9,-88.8
1459,36.3,23.1,31.5,47,888.8,-88.8,-999.9,-88.8
1500,36.8,23.1,31.5,47.2,888.8,-88.8,-999.9,-88.8
1501,37.2,23.1,31.5,47.3,888.8,-88.8,-999.9,-88.8
1502,37.4,23.1,31.5,47.5,888.8,-88.8,-999.9,-88.8
1503,37.4,23.1,31.5,47.7,888.8,-88.8,-999.9,-88.8
1504,37.3,23.2,31.6,47.8,888.8,-88.8,-999.9,-88.8
1505,37.2,23.1,31.5,48,888.8,-88.8,-999.9,-88.8
1506,37.2,23.1,31.5,48.2,888.8,-88.8,-999.9,-88.8
1507,37.2,23.1,31.5,48.3,888.8,-88.8,-999.9,-88.8
1508,37.2,23.1,31.5,48.4,888.8,-88.8,-999.9,-88.8
1509,37,23.1,31.5,48.6,888.8,-88.8,-999.9,-88.8
1510,36.5,23.1,31.5,48.7,888.8,-88.8,-999.9,-88.8
1511,35.7,23.1,31.5,48.9,888.8,-88.8,-999.9,-88.8
1512,35,23.1,31.6,49,888.8,-88.8,-999.9,-88.8
1513,35,23.2,31.5,49.1,888.8,-88.8,-999.9,-88.8
1514,35.2,23.2,31.6,49.2,888.8,-88.8,-999.9,-88.8
1515,35.6,23.2,31.6,49.3,888.8,-88.8,-999.9,-88.8
1516,36.1,23.2,31.6,49.3,888.8,-88.8,-999.9,-88.8
1517,36.5,23.2,31.6,49.2,888.8,-88.8,-999.9,-88.8
1518,36.8,23.2,31.6,49,888.8,-88.8,-999.9,-88.8
1519,36.9,23.2,31.6,48.3,888.8,-88.8,-999.9,-88.8
1520,36.9,23.2,31.6,47.7,888.8,-88.8,-999.9,-88.8
1521,36.8,23.2,31.6,47.2,888.8,-88.8,-999.9,-88.8
1522,36.6,23.2,31.6,46.6,888.8,-88.8,-999.9,-88.8
1523,36.4,23.2,31.6,46,888.8,-88.8,-999.9,-88.8
1524,36.3,23.2,31.6,45.3,888.8,-88.8,-999.9,-88.8
1525,36.3,23.2,31.6,44.6,888.8,-88.8,-999.9,-88.8
1526,36.1,23.2,31.6,43.7,888.8,-88.8,-999.9,-88.8
1527,35.6,23.2,31.6,43.1,888.8,-88.8,-999.9,-88.8
1528,34.6,23.2,31.6,43.1,888.8,-88.8,-999.9,-88.8
1529,33.9,23.2,31.6,43.3,888.8,-88.8,-999.9,-88.8
1530,33.7,23.2,31.6,43.7,888.8,-88.8,-999.9,-88.8
1531,33.8,23.2,31.6,44.2,888.8,-88.8,-999.9,-88.8
1532,34,23.2,31.6,44.8,888.8,-88.8,-999.9,-88.8
1533,34.2,23.2,31.7,45.4,888.8,-88.8,-999.9,-88.8
1534,34.6,23.2,31.7,45.8,888.8,-88.8,-999.9,-88.8
1535,35,23.3,31.7,46.1,888.8,-88.8,-999.9,-88.8
1536,35.2,23.2,31.7,46.4,888.8,-88.8,-999.9,-88.8
1537,35.4,23.2,31.7,46.7,888.8,-88.8,-999.9,-88.8
1538,35.5,23.2,31.7,47,888.8,-88.8,-999.9,-88.8
1539,35.5,23.2,31.7,47.2,888.8,-88.8,-999.9,-88.8
1540,35.4,23.2,31.7,47.4,888.8,-88.8,-999.9,-88.8
1541,35.3,23.2,31.7,47.8,888.8,-88.8,-999.9,-88.8
1542,35.2,23.2,31.7,47.9,888.8,-88.8,-999.9,-88.8
1543,34.9,23.2,31.7,48,888.8,-88.8,-999.9,-88.8
1544,34.4,23.1,31.6,48.2,888.8,-88.8,-999.9,-88.8
1545,33.5,23.1,31.7,48.3,888.8,-88.8,-999.9,-88.8
1546,32.7,23.1,31.6,48.5,888.8,-88.8,-999.9,-88.8
1547,32.5,23,31.7,48.7,888.8,-88.8,-999.9,-88.8
1548,32.4,23,31.6,48.8,888.8,-88.8,-999.9,-88.8
1549,32.5,23,31.7,48.8,888.8,-88.8,-999.9,-88.8
1550,32.7,23,31.7,48.8,888.8,-88.8,-999.9,-88.8
1551,32.9,23,31.6,48.7,888.8,-88.8,-999.9,-88.8
1552,33.1,23,31.7,48.7,888.8,-88.8,-999.9,-88.8
1553,33.3,23,31.7,48.9,888.8,-88.8,-999.9,-88.8
1554,33.6,23,31.7,48.9,888.8,-88.8,-999.9,-88.8
1555,33.8,23,31.7,48.7,888.8,-88.8,-999.9,-88.8
1556,33.9,23,31.7,48.6,888.8,-88.8,-999.9,-88.8
1557,34,23.1,31.7,48.5,888.8,-88.8,-999.9,-88.8
1558,34.1,23,31.7,47.7,888.8,-88.8,-999.9,-88.8
1559,34.2,23,31.7,47.4,888.8,-88.8,-999.9,-88.8
1600,34,23,31.7,47.2,888.8,-88.8,-999.9,-88.8
1601,33.5,23,31.7,46.8,888.8,-88.8,-999.9,-88.8
1602,32.7,23,31.7,46,888.8,-88.8,-999.9,-88.8
1603,31.9,23,31.7,45.2,888.8,-88.8,-999.9,-88.8
1604,31.7,23,31.7,44.5,888.8,-88.8,-999.9,-88.8
1605,31.7,23,31.7,43.6,888.8,-88.8,-999.9,-88.8
1606,31.9,23,31.7,42.9,888.8,-88.8,-999.9,-88.8
1607,32.1,23,31.7,42.9,888.8,-88.8,-999.9,-88.8
1608,32.3,23,31.7,43.3,888.8,-88.8,-999.9,-88.8
1609,32.6,23,31.7,44,888.8,-88.8,-999.9,-88.8
1610,32.8,23,31.7,43,888.8,-88.8,-999.9,-88.8
1611,33,23,31.7,42.5,888.8,-88.8,-999.9,-88.8
1612,33,23,31.7,46.2,888.8,-88.8,-999.9,-88.8
1613,33,23.1,31.7,46.7,888.8,-88.8,-999.9,-88.8
1614,33.1,23.1,31.7,46.9,888.8,-88.8,-999.9,-88.8
1615,33,23,31.7,47,888.8,-88.8,-999.9,-88.8
1616,33,23,31.7,47.4,888.8,-88.8,-999.9,-88.8
1617,32.8,23,31.7,47.4,888.8,-88.8,-999.9,-88.8
1618,32.2,23,31.7,46.4,888.8,-88.8,-999.9,-88.8
1619,31.4,23.1,31.7,45.5,888.8,-88.8,-999.9,-88.8
1620,30.7,23.1,31.7,44.9,888.8,-88.8,-999.9,-88.8
1621,30.6,23.1,31.7,44.6,888.8,-88.8,-999.9,-88.8
1622,30.8,23.1,31.7,44.1,888.8,-88.8,-999.9,-88.8
1623,31,23.1,31.7,40.3,888.8,-88.8,-999.9,-88.8
1624,31.3,23,31.7,40.6,888.8,-88.8,-999.9,-88.8
1625,31.6,23.1,31.7,39.4,888.8,-88.8,-999.9,-88.8
1626,31.9,23.1,31.7,38.7,888.8,-88.8,-999.9,-88.8
1627,32.2,23.1,31.7,39.1,888.8,-88.8,-999.9,-88.8
1628,32.3,23.1,31.7,40.1,888.8,-88.8,-999.9,-88.8
1629,32.4,23.1,31.7,41.1,888.8,-88.8,-999.9,-88.8
1630,32.4,23.1,31.7,42.1,888.8,-88.8,-999.9,-88.8
1631,32.3,23.1,31.7,43,888.8,-88.8,-999.9,-88.8
1632,32.2,23.1,31.7,43.7,888.8,-88.8,-999.9,-88.8
1633,32.1,23.1,31.7,44.2,888.8,-88.8,-999.9,-88.8
1634,31.8,23.1,31.7,44.6,888.8,-88.8,-999.9,-88.8
1635,31.3,23.1,31.7,45,888.8,-88.8,-999.9,-88.8
1636,30.5,23.1,31.7,45.3,888.8,-88.8,-999.9,-88.8
1637,29.8,23.1,31.8,45.6,888.8,-88.8,-999.9,-88.8
1638,29.7,23.1,31.7,46,888.8,-88.8,-999.9,-88.8
1639,29.9,23.1,31.8,46.4,888.8,-88.8,-999.9,-88.8
1640,30.2,23.1,31.8,46.7,888.8,-88.8,-999.9,-88.8
1641,30.5,23.1,31.7,46.9,888.8,-88.8,-999.9,-88.8
1642,30.8,23.1,31.7,47.1,888.8,-88.8,-999.9,-88.8
1643,31.1,23.1,31.8,47.4,888.8,-88.8,-999.9,-88.8
1644,31.3,23.1,31.8,47.6,888.8,-88.8,-999.9,-88.8
1645,31.5,23.1,31.8,47.8,888.8,-88.8,-999.9,-88.8
1646,31.6,23.1,31.8,47.8,888.8,-88.8,-999.9,-88.8
1647,31.6,23.1,31.8,48.1,888.8,-88.8,-999.9,-88.8
1648,31.5,23.1,31.8,48.3,888.8,-88.8,-999.9,-88.8
1649,31.4,23.2,31.8,48.4,888.8,-88.8,-999.9,-88.8
1650,31.3,23.1,31.8,48.7,888.8,-88.8,-999.9,-88.8
1651,31.1,23.1,31.8,48.6,888.8,-88.8,-999.9,-88.8
1652,30.6,23.2,31.8,48.3,888.8,-88.8,-999.9,-88.8
1653,29.7,23.2,31.8,47.5,888.8,-88.8,-999.9,-88.8
1654,29.1,23.2,31.8,46.5,888.8,-88.8,-999.9,-88.8
1655,29,23.2,31.8,45.8,888.8,-88.8,-999.9,-88.8
1656,29.2,23.2,31.8,45.2,888.8,-88.8,-999.9,-88.8
1657,29.4,23.2,31.8,44.7,888.8,-88.8,-999.9,-88.8
1658,29.7,23.2,31.8,44,888.8,-88.8,-999.9,-88.8
1659,30,23.2,31.8,43.3,888.8,-88.8,-999.9,-88.8
1700,30.3,23.2,31.8,42.6,888.8,-88.8,-999.9,-88.8
1701,30.5,23.2,31.8,41.9,888.8,-88.8,-999.9,-88.8
1702,30.6,23.2,31.8,41.5,888.8,-88.8,-999.9,-88.8
1703,30.6,23.2,31.8,41.4,888.8,-88.8,-999.9,-88.8
1704,30.5,23.2,31.8,42.3,888.8,-88.8,-999.9,-88.8
1705,30.4,23.2,31.8,41.3,888.8,-88.8,-999.9,-88.8
1706,30.3,23.2,31.8,39,888.8,-88.8,-999.9,-88.8
1707,30.1,23.2,31.8,39.5,888.8,-88.8,-999.9,-88.8
1708,29.9,23.2,31.8,39.3,888.8,-88.8,-999.9,-88.8
1709,29.4,23.3,31.8,39,888.8,-88.8,-999.9,-88.8
1710,28.5,23.2,31.8,38.5,888.8,-88.8,-999.9,-88.8
1711,27.8,23.3,31.8,38.2,888.8,-88.8,-999.9,-88.8
1712,27.7,23.3,31.8,37.2,888.8,-88.8,-999.9,-88.8
1713,27.9,23.3,31.8,37.2,888.8,-88.8,-999.9,-88.8
1714,28.2,23.3,31.8,37.9,888.8,-88.8,-999.9,-88.8
1715,28.6,23.3,31.8,39.2,888.8,-88.8,-999.9,-88.8
1716,28.9,23.3,31.8,41,888.8,-88.8,-999.9,-88.8
1717,29.2,23.3,31.8,42.8,888.8,-88.8,-999.9,-88.8
1718,29.4,23.3,31.8,44.2,888.8,-88.8,-999.9,-88.8
1719,29.7,23.3,31.8,40.8,888.8,-88.8,-999.9,-88.8
1720,29.7,23.3,31.8,41.2,888.8,-88.8,-999.9,-88.8
1721,29.7,23.3,31.8,40.3,888.8,-88.8,-999.9,-88.8
1722,29.6,23.3,31.8,39.3,888.8,-88.8,-999.9,-88.8
1723,29.5,23.3,31.8,38.5,888.8,-88.8,-999.9,-88.8
1724,29.4,23.3,31.8,38.2,888.8,-88.8,-999.9,-88.8
1725,29.2,23.3,31.8,38.6,888.8,-88.8,-999.9,-88.8
1726,28.7,23.3,31.8,39,888.8,-88.8,-999.9,-88.8
1727,27.8,23.3,31.8,39,888.8,-88.8,-999.9,-88.8
1728,27.2,23.3,31.8,38.7,888.8,-88.8,-999.9,-88.8
1729,26.7,23.2,31.8,38.4,888.8,-88.8,-999.9,-88.8
1730,26.1,23.3,31.8,38,888.8,-88.8,-999.9,-88.8
1731,25.7,23.3,31.8,38.1,888.8,-88.8,-999.9,-88.8
1732,25.3,23.2,31.8,37.7,888.8,-88.8,-999.9,-88.8
1733,25,23.3,31.8,37.6,888.8,-88.8,-999.9,-88.8
1734,24.8,23.3,31.8,37.9,888.8,-88.8,-999.9,-88.8
1735,24.5,23.3,31.8,38.7,888.8,-88.8,-999.9,-88.8
1736,24,23.2,31.8,39.7,888.8,-88.8,-999.9,-88.8
1737,23.6,23.3,31.8,40.9,888.8,-88.8,-999.9,-88.8
1738,23.2,23.3,31.8,42,888.8,-88.8,-999.9,-88.8
1739,22.8,23.3,31.8,42.9,888.8,-88.8,-999.9,-88.8
1740,22.4,23.3,31.8,43.5,888.8,-88.8,-999.9,-88.8
1741,22,23.2,31.8,44,888.8,-88.8,-999.9,-88.8
1742,21.6,23.3,31.8,44.2,888.8,-88.8,-999.9,-88.8
1743,21.2,23.3,31.8,44.8,888.8,-88.8,-999.9,-88.8
1744,20.8,23.3,31.8,45.4,888.8,-88.8,-999.9,-88.8
1745,20.4,23.3,31.8,45.6,888.8,-88.8,-999.9,-88.8
1746,19.9,23.3,31.8,46,888.8,-88.8,-999.9,-88.8
1747,19.6,23.3,31.8,46.3,888.8,-88.8,-999.9,-88.8
1748,19.1,23.3,31.8,44.6,888.8,-88.8,-999.9,-88.8
1749,18.7,23.3,31.8,43.2,888.8,-88.8,-999.9,-88.8
1750,18.3,23.3,31.8,42.9,888.8,-88.8,-999.9,-88.8
1751,17.9,23.3,31.8,43,888.8,-88.8,-999.9,-88.8
1752,17.5,23.3,31.8,43.3,888.8,-88.8,-999.9,-88.8
1753,17.1,23.3,31.8,43.6,888.8,-88.8,-999.9,-88.8
1754,16.7,23.3,31.9,43.9,888.8,-88.8,-999.9,-88.8
1755,16.3,23.3,31.8,44.3,888.8,-88.8,-999.9,-88.8
1756,15.9,23.3,31.8,44.8,888.8,-88.8,-999.9,-88.8
1757,15.6,23.3,31.8,45.4,888.8,-88.8,-999.9,-88.8
1758,15.3,23.3,31.8,45.8,888.8,-88.8,-999.9,-88.8
1759,15,23.3,31.8,46,888.8,-88.8,-999.9,-88.8
1800,14.6,23.3,31.8,46,888.8,-88.8,-999.9,-88.8
1801,14.3,23.3,31.8,46.1,888.8,-88.8,-999.9,-88.8
1802,14,23.3,31.8,46.2,888.8,-88.8,-999.9,-88.8
1803,13.7,23.3,31.8,46.4,888.8,-88.8,-999.9,-88.8
1804,13.5,23.3,31.9,46.7,888.8,-88.8,-999.9,-88.8
1805,13,23.3,31.8,47,888.8,-88.8,-999.9,-88.8
1806,12.7,23.3,31.9,47.2,888.8,-88.8,-999.9,-88.8
1807,12.5,23.3,31.9,47.2,888.8,-88.8,-999.9,-88.8
1808,12.2,23.3,31.8,47.4,888.8,-88.8,-999.9,-88.8
1809,11.9,23.3,31.8,47.4,888.8,-88.8,-999.9,-88.8
1810,11.7,23.3,31.8,47.5,888.8,-88.8,-999.9,-88.8
1811,11.4,23.3,31.8,47.6,888.8,-88.8,-999.9,-88.8
1812,11.2,23.3,31.8,47.6,888.8,-88.8,-999.9,-88.8
1813,10.9,23.4,31.9,47.8,888.8,-88.8,-999.9,-88.8
1814,10.7,23.4,31.8,47.7,888.8,-88.8,-999.9,-88.8
1815,10.4,23.4,31.8,47.5,888.8,-88.8,-999.9,-88.8
1816,10.2,23.4,31.8,46.8,888.8,-88.8,-999.9,-88.8
1817,10,23.4,31.8,46.2,888.8,-88.8,-999.9,-88.8
1818,9.8,23.4,31.8,45.8,888.8,-88.8,-999.9,-88.8
1819,9.6,23.4,31.8,39.6,888.8,-88.8,-999.9,-88.8
1820,9.3,23.4,31.9,38.8,888.8,-88.8,-999.9,-88.8
1821,9.2,23.4,31.8,39.6,888.8,-88.8,-999.9,-88.8
1822,9,23.4,31.8,40.4,888.8,-88.8,-999.9,-88.8
1823,8.8,23.4,31.8,41.4,888.8,-88.8,-999.9,-88.8
1824,8.5,23.4,31.8,41.9,888.8,-88.8,-999.9,-88.8
1825,8.4,23.4,31.8,42.2,888.8,-88.8,-999.9,-88.8
1826,8.2,23.4,31.8,42,888.8,-88.8,-999.9,-88.8
1827,8,23.4,31.8,41.2,888.8,-88.8,-999.9,-88.8
1828,7.8,23.4,31.9,40.5,888.8,-88.8,-999.9,-88.8
1829,7.6,23.4,31.8,39.9,888.8,-88.8,-999.9,-88.8
1830,7.5,23.4,31.8,39.3,888.8,-88.8,-999.9,-88.8
1831,7.3,23.4,31.8,38.9,888.8,-88.8,-999.9,-88.8
1832,7.1,23.4,31.8,39.1,888.8,-88.8,-999.9,-88.8
1833,6.9,23.4,31.8,39.5,888.8,-88.8,-999.9,-88.8
1834,6.8,23.4,31.8,39.9,888.8,-88.8,-999.9,-88.8
1835,6.6,23.4,31.8,40.3,888.8,-88.8,-999.9,-88.8
1836,6.5,23.4,31.8,40.8,888.8,-88.8,-999.9,-88.8
1837,6.3,23.3,31.8,41.1,888.8,-88.8,-999.9,-88.8
1838,6.2,23.3,31.8,41.4,888.8,-88.8,-999.9,-88.8
1839,6,23.2,31.7,41.8,888.8,-88.8,-999.9,-88.8
1840,5.9,23.1,31.8,42.1,888.8,-88.8,-999.9,-88.8
1841,5.7,23.1,31.7,41.2,888.8,-88.8,-999.9,-88.8
1842,5.6,23.1,31.7,41.4,888.8,-88.8,-999.9,-88.8
1843,5.5,23.1,31.7,41.3,888.8,-88.8,-999.9,-88.8
1844,5.4,23,31.7,40.4,888.8,-88.8,-999.9,-88.8
1845,5.2,23.1,31.7,39.9,888.8,-88.8,-999.9,-88.8
1846,5.1,23,31.7,39.5,888.8,-88.8,-999.9,-88.8
1847,5,23,31.7,39.2,888.8,-88.8,-999.9,-88.8
1848,4.9,23,31.7,38.9,888.8,-88.8,-999.9,-88.8
1849,4.7,23,31.7,38.6,888.8,-88.8,-999.9,-88.8
1850,4.6,23,31.7,38.3,888.8,-88.8,-999.9,-88.8
1851,4.5,23,31.7,38,888.8,-88.8,-999.9,-88.8
1852,4.4,23,31.7,37.9,888.8,-88.8,-999.9,-88.8
1853,4.3,23,31.7,38.2,888.8,-88.8,-999.9,-88.8
1854,4.2,23,31.7,38.5,888.8,-88.8,-999.9,-88.8
1855,4.1,23,31.7,39.1,888.8,-88.8,-999.9,-88.8
1856,4,23,31.7,39.7,888.8,-88.8,-999.9,-88.8
1857,3.9,23,31.7,40.1,888.8,-88.8,-999.9,-88.8
1858,3.9,23,31.7,40.7,888.8,-88.8,-999.9,-88.8
1859,3.8,23,31.7,41.2,888.8,-88.8,-999.9,-88.8
1900,3.6,23,31.7,41.6,888.8,-88.8,-999.9,-88.8
1901,3.5,23,31.7,42.1,888.8,-88.8,-999.9,-88.8
1902,3.5,23,31.7,42.6,888.8,-88.8,-999.9,-88.8
1903,3.4,23,31.7,43,888.8,-88.8,-999.9,-88.8
1904,3.3,22.9,31.7,43.4,888.8,-88.8,-999.9,-88.8
1905,3.2,22.9,31.7,43.5,888.8,-88.8,-999.9,-88.8
1906,3.1,22.9,31.7,43.3,888.8,-88.8,-999.9,-88.8
1907,3,22.9,31.7,43.4,888.8,-88.8,-999.9,-88.8
1908,3,22.9,31.7,42.6,888.8,-88.8,-999.9,-88.8
1909,2.9,22.9,31.6,41.9,888.8,-88.8,-999.9,-88.8
1910,2.8,22.9,31.7,41.5,888.8,-88.8,-999.9,-88.8
1911,2.7,22.9,31.6,41.1,888.8,-88.8,-999.9,-88.8
1912,2.7,22.9,31.6,41,888.8,-88.8,-999.9,-88.8
1913,2.6,22.9,31.7,40.6,888.8,-88.8,-999.9,-88.8
1914,2.5,22.9,31.7,40.2,888.8,-88.8,-999.9,-88.8
1915,2.4,22.9,31.7,39.9,888.8,-88.8,-999.9,-88.8
1916,2.4,22.9,31.7,39.7,888.8,-88.8,-999.9,-88.8
1917,2.3,22.9,31.7,40,888.8,-88.8,-999.9,-88.8
1918,2.3,22.9,31.7,40.3,888.8,-88.8,-999.9,-88.8
1919,2.2,22.9,31.7,40.9,888.8,-88.8,-999.9,-88.8
1920,2.2,22.9,31.7,41.4,888.8,-88.8,-999.9,-88.8
1921,2.1,22.9,31.7,41.8,888.8,-88.8,-999.9,-88.8
1922,2,22.9,31.7,42.1,888.8,-88.8,-999.9,-88.8
1923,1.9,22.9,31.6,42.8,888.8,-88.8,-999.9,-88.8
1924,1.9,22.9,31.7,43.3,888.8,-88.8,-999.9,-88.8
1925,1.8,23,31.6,43.2,888.8,-88.8,-999.9,-88.8
1926,1.8,23,31.7,43.1,888.8,-88.8,-999.9,-88.8
1927,1.7,23,31.6,43.1,888.8,-88.8,-999.9,-88.8
1928,1.7,23,31.7,42.1,888.8,-88.8,-999.9,-88.8
1929,1.6,23,31.7,41.8,888.8,-88.8,-999.9,-88.8
1930,1.6,22.9,31.6,41.4,888.8,-88.8,-999.9,-88.8
1931,1.5,22.9,31.6,41.2,888.8,-88.8,-999.9,-88.8
1932,1.5,22.8,31.6,41,888.8,-88.8,-999.9,-88.8
1933,1.4,22.8,31.6,40.6,888.8,-88.8,-999.9,-88.8
1934,1.3,22.8,31.6,40.3,888.8,-88.8,-999.9,-88.8
1935,1.3,22.8,31.6,39.9,888.8,-88.8,-999.9,-88.8
1936,1.2,22.7,31.5,39.6,888.8,-88.8,-999.9,-88.8
1937,1.2,22.7,31.5,39.9,888.8,-88.8,-999.9,-88.8
1938,1.1,22.7,31.5,40.1,888.8,-88.8,-999.9,-88.8
1939,1.1,22.7,31.5,40.7,888.8,-88.8,-999.9,-88.8
1940,1,22.7,31.5,41.1,888.8,-88.8,-999.9,-88.8
1941,1,22.7,31.5,41.7,888.8,-88.8,-999.9,-88.8
1942,1,22.7,31.5,42.1,888.8,-88.8,-999.9,-88.8
1943,0.9,22.7,31.5,42.4,888.8,-88.8,-999.9,-88.8
1944,0.9,22.7,31.5,43.1,888.8,-88.8,-999.9,-88.8
1945,0.8,22.7,31.5,42.7,888.8,-88.8,-999.9,-88.8
1946,0.8,22.7,31.5,42.6,888.8,-88.8,-999.9,-88.8
1947,0.7,22.7,31.5,42.9,888.8,-88.8,-999.9,-88.8
1948,0.7,22.5,31.4,42.3,888.8,-88.8,-999.9,-88.8
1949,0.7,22.5,31.3,42,888.8,-88.8,-999.9,-88.8
1950,0.6,22.4,31.2,41.7,888.8,-88.8,-999.9,-88.8
1951,0.6,22.2,31.2,41.7,888.8,-88.8,-999.9,-88.8
1952,0.5,22.1,31.1,41.4,888.8,-88.8,-999.9,-88.8
1953,0.5,22,31,41,888.8,-88.8,-999.9,-88.8
1954,0.4,21.9,31,40.6,888.8,-88.8,-999.9,-88.8
1955,0.4,21.9,30.9,40.1,888.8,-88.8,-999.9,-88.8
1956,0.4,21.8,30.9,39.8,888.8,-88.8,-999.9,-88.8
1957,0.3,21.8,30.8,40.1,888.8,-88.8,-999.9,-88.8
1958,0.3,21.6,30.7,40.4,888.8,-88.8,-999.9,-88.8
1959,0.3,21.5,30.7,41,888.8,-88.8,-999.9,-88.8
2000,0.3,21.4,30.6,41.2,888.8,-88.8,-999.9,-88.8
2001,0.2,21.4,30.6,41.3,888.8,-88.8,-999.9,-88.8
2002,0.1,21.3,30.5,41.6,888.8,-88.8,-999.9,-88.8
2003,0.1,21.2,30.5,42.5,888.8,-88.8,-999.9,-88.8
2004,0.1,21.2,30.5,43.3,888.8,-88.8,-999.9,-88.8
2005,0,21.2,30.5,43.9,888.8,-88.8,-999.9,-88.8
2006,0,21.2,30.5,44.1,888.8,-88.8,-999.9,-88.8
2007,0,21.2,30.5,43.9,888.8,-88.8,-999.9,-88.8
2008,0,21.2,30.5,44,888.8,-88.8,-999.9,-88.8
2009,0,21.2,30.5,43.2,888.8,-88.8,-999.9,-88.8
2010,0,21.2,30.5,42.7,888.8,-88.8,-999.9,-88.8
2011,0,21.2,30.5,42.4,888.8,-88.8,-999.9,-88.8
2012,-0.1,21.2,30.5,42,888.8,-88.8,-999.9,-88.8
2013,-0.1,21.1,30.5,41.6,888.8,-88.8,-999.9,-88.8
2014,-0.1,21.2,30.5,41.2,888.8,-88.8,-999.9,-88.8
2015,-0.2,21.2,30.5,40.7,888.8,-88.8,-999.9,-88.8
2016,-0.2,21.2,30.5,40.3,888.8,-88.8,-999.9,-88.8
2017,-0.2,21.2,30.5,39.7,888.8,-88.8,-999.9,-88.8
2018,-0.3,21.1,30.5,39.3,888.8,-88.8,-999.9,-88.8
2019,-0.3,21.1,30.5,39.3,888.8,-88.8,-999.9,-88.8
2020,-0.4,21.1,30.5,39.7,888.8,-88.8,-999.9,-88.8
2021,-0.4,21.2,30.5,40.1,888.8,-88.8,-999.9,-88.8
2022,-0.4,21.1,30.5,40.4,888.8,-88.8,-999.9,-88.8
2023,-0.4,21.1,30.5,40.8,888.8,-88.8,-999.9,-88.8
2024,-0.5,21.1,30.5,41.3,888.8,-88.8,-999.9,-88.8
2025,-0.5,21.1,30.5,41.7,888.8,-88.8,-999.9,-88.8
2026,-0.5,21.1,30.5,40.8,888.8,-88.8,-999.9,-88.8
2027,-0.6,21.1,30.5,40.6,888.8,-88.8,-999.9,-88.8
2028,-0.6,21.1,30.5,41,888.8,-88.8,-999.9,-88.8
2029,-0.6,21.1,30.5,41.8,888.8,-88.8,-999.9,-88.8
2030,-0.7,21.1,30.5,42.2,888.8,-88.8,-999.9,-88.8
2031,-0.7,21.1,30.5,42.7,888.8,-88.8,-999.9,-88.8
2032,-0.7,21.1,30.5,42.2,888.8,-88.8,-999.9,-88.8
2033,-0.8,21.1,30.5,41.5,888.8,-88.8,-999.9,-88.8
2034,-0.8,21.2,30.5,40.9,888.8,-88.8,-999.9,-88.8
2035,-0.8,21.2,30.5,40.4,888.8,-88.8,-999.9,-88.8
2036,-0.8,21.2,30.5,40.1,888.8,-88.8,-999.9,-88.8
2037,-0.9,21.2,30.5,40.1,888.8,-88.8,-999.9,-88.8
2038,-0.9,21.2,30.5,40.6,888.8,-88.8,-999.9,-88.8
2039,-0.9,21.2,30.5,41.1,888.8,-88.8,-999.9,-88.8
2040,-0.9,21.2,30.5,41.6,888.8,-88.8,-999.9,-88.8
2041,-1,21.2,30.5,42,888.8,-88.8,-999.9,-88.8
2042,-1,21.2,30.5,42.3,888.8,-88.8,-999.9,-88.8
2043,-1.1,21.2,30.5,41.8,888.8,-88.8,-999.9,-88.8
2044,-1.1,21.2,30.5,41.1,888.8,-88.8,-999.9,-88.8
2045,-1.1,21.2,30.5,40.6,888.8,-88.8,-999.9,-88.8
2046,-1.2,21.2,30.5,40.1,888.8,-88.8,-999.9,-88.8
2047,-1.2,21.2,30.5,40,888.8,-88.8,-999.9,-88.8
2048,-1.2,21.2,30.5,40.6,888.8,-88.8,-999.9,-88.8
2049,-1.2,21.2,30.5,41.2,888.8,-88.8,-999.9,-88.8
2050,-1.3,21.2,30.5,41.6,888.8,-88.8,-999.9,-88.8
2051,-1.3,21.2,30.5,42.2,888.8,-88.8,-999.9,-88.8
2052,-1.3,21.2,30.5,42.4,888.8,-88.8,-999.9,-88.8
2053,-1.4,21.2,30.5,41.5,888.8,-88.8,-999.9,-88.8
2054,-1.4,21.2,30.5,41,888.8,-88.8,-999.9,-88.8
2055,-1.4,21.2,30.5,40.4,888.8,-88.8,-999.9,-88.8
2056,-1.4,21.2,30.5,40,888.8,-88.8,-999.9,-88.8
2057,-1.4,21.2,30.6,39.9,888.8,-88.8,-999.9,-88.8
2058,-1.5,21.2,30.6,40.4,888.8,-88.8,-999.9,-88.8
2059,-1.5,21.2,30.6,41.1,888.8,-88.8,-999.9,-88.8
2100,-1.5,21.2,30.6,41.6,888.8,-88.8,-999.9,-88.8
2101,-1.5,21.2,30.6,41.9,888.8,-88.8,-999.9,-88.8
2102,-1.5,21.2,30.6,42.3,888.8,-88.8,-999.9,-88.8
2103,-1.5,21.2,30.6,41.6,888.8,-88.8,-999.9,-88.8
2104,-1.6,21.2,30.6,41.1,888.8,-88.8,-999.9,-88.8
2105,-1.6,21.2,30.6,40.5,888.8,-88.8,-999.9,-88.8
2106,-1.6,21.2,30.6,40.1,888.8,-88.8,-999.9,-88.8
2107,-1.6,21.2,30.6,39.9,888.8,-88.8,-999.9,-88.8
2108,-1.6,21.2,30.6,40.6,888.8,-88.8,-999.9,-88.8
2109,-1.7,21.2,30.6,41.5,888.8,-88.8,-999.9,-88.8
2110,-1.7,21.2,30.6,42,888.8,-88.8,-999.9,-88.8
2111,-1.7,21.2,30.6,42.7,888.8,-88.8,-999.9,-88.8
2112,-1.7,21.2,30.6,42.1,888.8,-88.8,-999.9,-88.8
2113,-1.7,21.2,30.6,41.4,888.8,-88.8,-999.9,-88.8
2114,-1.8,21.2,30.6,41,888.8,-88.8,-999.9,-88.8
2115,-1.8,21.2,30.6,40.5,888.8,-88.8,-999.9,-88.8
2116,-1.8,21.3,30.6,40.2,888.8,-88.8,-999.9,-88.8
2117,-1.8,21.2,30.6,40.1,888.8,-88.8,-999.9,-88.8
2118,-1.8,21.2,30.6,40.7,888.8,-88.8,-999.9,-88.8
2119,-1.8,21.3,30.6,40.4,888.8,-88.8,-999.9,-88.8
2120,-1.8,21.2,30.6,39.9,888.8,-88.8,-999.9,-88.8
2121,-1.8,21.2,30.6,39.7,888.8,-88.8,-999.9,-88.8
2122,-1.8,21.2,30.7,40.1,888.8,-88.8,-999.9,-88.8
2123,-1.8,21.3,30.6,40.1,888.8,-88.8,-999.9,-88.8
2124,-1.9,21.3,30.6,39.8,888.8,-88.8,-999.9,-88.8
2125,-1.8,21.3,30.6,39.5,888.8,-88.8,-999.9,-88.8
2126,-1.9,21.3,30.6,39.5,888.8,-88.8,-999.9,-88.8
2127,-1.9,21.3,30.7,39.3,888.8,-88.8,-999.9,-88.8
2128,-1.9,21.3,30.6,39.1,888.8,-88.8,-999.9,-88.8
2129,-1.9,21.3,30.7,38.9,888.8,-88.8,-999.9,-88.8
2130,-1.9,21.3,30.7,38.8,888.8,-88.8,-999.9,-88.8
2131,-2,21.3,30.6,38.8,888.8,-88.8,-999.9,-88.8
2132,-2,21.3,30.6,38.4,888.8,-88.8,-999.9,-88.8
2133,-2,21.3,30.6,38.1,888.8,-88.8,-999.9,-88.8
2134,-2,21.3,30.6,37.9,888.8,-88.8,-999.9,-88.8
2135,-2,21.3,30.7,37.7,888.8,-88.8,-999.9,-88.8
2136,-2,21.3,30.7,37.5,888.8,-88.8,-999.9,-88.8
2137,-2,21.3,30.7,37.3,888.8,-88.8,-999.9,-88.8
2138,-2,21.3,30.7,37.1,888.8,-88.8,-999.9,-88.8
2139,-2,21.3,30.7,36.9,888.8,-88.8,-999.9,-88.8
2140,-2,21.3,30.7,36.9,888.8,-88.8,-999.9,-88.8
2141,-2,21.3,30.7,37.1,888.8,-88.8,-999.9,-88.8
2142,-2.1,21.3,30.6,36.8,888.8,-88.8,-999.9,-88.8
2143,-2.1,21.3,30.7,36.5,888.8,-88.8,-999.9,-88.8
2144,-2.1,21.3,30.7,36.3,888.8,-88.8,-999.9,-88.8
2145,-2.1,21.3,30.7,36.2,888.8,-88.8,-999.9,-88.8
2146,-2.1,21.3,30.7,36.2,888.8,-88.8,-999.9,-88.8
2147,-2.1,21.3,30.7,36.1,888.8,-88.8,-999.9,-88.8
2148,-2.1,21.3,30.7,35.9,888.8,-88.8,-999.9,-88.8
2149,-2.1,21.3,30.7,35.8,888.8,-88.8,-999.9,-88.8
2150,-2.2,21.3,30.7,35.8,888.8,-88.8,-999.9,-88.8
2151,-2.2,21.3,30.7,36.1,888.8,-88.8,-999.9,-88.8
2152,-2.2,21.3,30.7,35.9,888.8,-88.8,-999.9,-88.8
2153,-2.2,21.3,30.7,35.7,888.8,-88.8,-999.9,-88.8
2154,-2.2,21.4,30.7,35.5,888.8,-88.8,-999.9,-88.8
2155,-2.2,21.4,30.7,35.5,888.8,-88.8,-999.9,-88.8
2156,-2.2,21.4,30.7,35.5,888.8,-88.8,-999.9,-88.8
2157,-2.2,21.4,30.7,35.4,888.8,-88.8,-999.9,-88.8
2158,-2.2,21.4,30.7,35.2,888.8,-88.8,-999.9,-88.8
2159,-2.2,21.4,30.7,35.1,888.8,-88.8,-999.9,-88.8
2200,-2.2,21.3,30.7,35.1,888.8,-88.8,-999.9,-88.8
2201,-2.2,21.4,30.7,35.6,888.8,-88.8,-999.9,-88.8
2202,-2.2,21.4,30.7,35.5,888.8,-88.8,-999.9,-88.8
2203,-2.2,21.4,30.7,35.2,888.8,-88.8,-999.9,-88.8
2204,-2.3,21.4,30.7,35.1,888.8,-88.8,-999.9,-88.8
2205,-2.3,21.4,30.7,35.1,888.8,-88.8,-999.9,-88.8
2206,-2.3,21.4,30.7,35.1,888.8,-88.8,-999.9,-88.8
2207,-2.3,21.4,30.7,35,888.8,-88.8,-999.9,-88.8
2208,-2.3,21.4,30.7,34.9,888.8,-88.8,-999.9,-88.8
2209,-2.3,21.4,30.7,34.8,888.8,-88.8,-999.9,-88.8
2210,-2.3,21.4,30.7,34.7,888.8,-88.8,-999.9,-88.8
2211,-2.3,21.4,30.7,35.2,888.8,-88.8,-999.9,-88.8
2212,-2.3,21.4,30.7,35.1,888.8,-88.8,-999.9,-88.8
2213,-2.3,21.4,30.7,34.9,888.8,-88.8,-999.9,-88.8
2214,-2.3,21.5,30.7,34.8,888.8,-88.8,-999.9,-88.8
2215,-2.3,21.5,30.7,34.7,888.8,-88.8,-999.9,-88.8
2216,-2.3,21.5,30.7,34.7,888.8,-88.8,-999.9,-88.8
2217,-2.3,21.5,30.7,34.6,888.8,-88.8,-999.9,-88.8
2218,-2.3,21.5,30.8,33.8,888.8,-88.8,-999.9,-88.8
2219,-2.3,21.4,30.7,32.5,888.8,-88.8,-999.9,-88.8
2220,-2.3,21.5,30.7,32.5,888.8,-88.8,-999.9,-88.8
2221,-2.3,21.5,30.8,32.5,888.8,-88.8,-999.9,-88.8
2222,-2.3,21.5,30.8,32.5,888.8,-88.8,-999.9,-88.8
2223,-2.3,21.4,30.8,32.3,888.8,-88.8,-999.9,-88.8
2224,-2.3,21.5,30.8,32.6,888.8,-88.8,-999.9,-88.8
2225,-2.3,21.5,30.8,32.5,888.8,-88.8,-999.9,-88.8
2226,-2.3,21.5,30.8,32.5,888.8,-88.8,-999.9,-88.8
2227,-2.3,21.5,30.8,32.4,888.8,-88.8,-999.9,-88.8
2228,-2.3,21.5,30.8,32.3,888.8,-88.8,-999.9,-88.8
2229,-2.3,21.5,30.8,32.2,888.8,-88.8,-999.9,-88.8
2230,-2.3,21.5,30.8,31.9,888.8,-88.8,-999.9,-88.8
2231,-2.3,21.5,30.7,31.3,888.8,-88.8,-999.9,-88.8
2232,-2.3,21.5,30.8,31,888.8,-88.8,-999.9,-88.8
2233,-2.3,21.5,30.8,30.1,888.8,-88.8,-999.9,-88.8
2234,-2.3,21.5,30.8,28.9,888.8,-88.8,-999.9,-88.8
2235,-2.3,21.5,30.8,27.2,888.8,-88.8,-999.9,-88.8
2236,-2.3,21.5,30.8,25.4,888.8,-88.8,-999.9,-88.8
2237,-2.3,21.5,30.8,23.9,888.8,-88.8,-999.9,-88.8
2238,-2.3,21.5,30.8,22.6,888.8,-88.8,-999.9,-88.8
2239,-2.3,21.5,30.8,21.7,888.8,-88.8,-999.9,-88.8
2240,-2.3,21.5,30.8,20.7,888.8,-88.8,-999.9,-88.8
2241,-2.3,21.5,30.8,20.2,888.8,-88.8,-999.9,-88.8
2242,-2.3,21.5,30.8,19.9,888.8,-88.8,-999.9,-88.8
2243,-2.2,21.5,30.8,19.6,888.8,-88.8,-999.9,-88.8
2244,-2.3,21.5,30.8,19.3,888.8,-88.8,-999.9,-88.8
2245,-2.2,21.5,30.8,19.2,888.8,-88.8,-999.9,-88.8
2246,-2.2,21.5,30.8,19,888.8,-88.8,-999.9,-88.8
2247,-2.2,21.5,30.8,18.9,888.8,-88.8,-999.9,-88.8
2248,-2.2,21.6,30.8,18.7,888.8,-88.8,-999.9,-88.8
2249,-2.2,21.6,30.8,18.5,888.8,-88.8,-999.9,-88.8
2250,-2.2,21.5,30.8,18.5,888.8,-88.8,-999.9,-88.8
2251,-2.2,21.6,30.8,18.5,888.8,-88.8,-999.9,-88.8
2252,-2.2,21.5,30.8,18.1,888.8,-88.8,-999.9,-88.8
2253,-2.2,21.6,30.8,18,888.8,-88.8,-999.9,-88.8
2254,-2.2,21.6,30.8,17.9,888.8,-88.8,-999.9,-88.8
2255,-2.2,21.5,30.8,17.9,888.8,-88.8,-999.9,-88.8
2256,-2.2,21.5,30.8,17.9,888.8,-88.8,-999.9,-88.8
2257,-2.2,21.5,30.8,17.8,888.8,-88.8,-999.9,-88.8
2258,-2.2,21.6,30.8,17.8,888.8,-88.8,-999.9,-88.8
2259,-2.2,21.6,30.8,17.8,888.8,-88.8,-999.9,-88.8
2300,-2.2,21.5,30.8,17.7,888.8,-88.8,-999.9,-88.8
2301,-2.2,21.5,30.8,17.7,888.8,-88.8,-999.9,-88.8
2302,-2.2,21.5,30.8,18,888.8,-88.8,-999.9,-88.8
2303,-2.2,21.5,30.8,23.4,888.8,-88.8,-999.9,-88.8
2304,-2.2,21.5,30.8,24.1,888.8,-88.8,-999.9,-88.8
2305,-2.2,21.5,30.8,23.1,888.8,-88.8,-999.9,-88.8
2306,-2.2,21.6,30.8,22.4,888.8,-88.8,-999.9,-88.8
2307,-2.2,21.6,30.8,22.4,888.8,-88.8,-999.9,-88.8
2308,-2.2,21.6,30.8,22.7,888.8,-88.8,-999.9,-88.8
2309,-2.2,21.6,30.8,23.2,888.8,-88.8,-999.9,-88.8
2310,-2.2,21.5,30.8,24.2,888.8,-88.8,-999.9,-88.8
2311,-2.2,21.6,30.8,25.4,888.8,-88.8,-999.9,-88.8
2312,-2.2,21.6,30.8,26.6,888.8,-88.8,-999.9,-88.8
2313,-2.2,21.6,30.8,27.3,888.8,-88.8,-999.9,-88.8
2314,-2.2,21.6,30.8,27.8,888.8,-88.8,-999.9,-88.8
2315,-2.2,21.6,30.8,28.2,888.8,-88.8,-999.9,-88.8
2316,-2.2,21.6,30.8,28.4,888.8,-88.8,-999.9,-88.8
2317,-2.1,21.6,30.8,28.3,888.8,-88.8,-999.9,-88.8
2318,-2.1,21.6,30.8,28.7,888.8,-88.8,-999.9,-88.8
2319,-2.1,21.6,30.9,29.2,888.8,-88.8,-999.9,-88.8
2320,-2.1,21.6,30.9,29.4,888.8,-88.8,-999.9,-88.8
2321,-2.1,21.6,30.8,27.7,888.8,-88.8,-999.9,-88.8
2322,-2.1,21.6,30.8,27.4,888.8,-88.8,-999.9,-88.8
2323,-2.1,21.6,30.8,27,888.8,-88.8,-999.9,-88.8
2324,-2.1,21.6,30.8,26.5,888.8,-88.8,-999.9,-88.8
2325,-2.1,21.6,30.8,26.3,888.8,-88.8,-999.9,-88.8
2326,-2.1,21.6,30.9,26.3,888.8,-88.8,-999.9,-88.8
2327,-2.1,21.6,30.9,26.3,888.8,-88.8,-999.9,-88.8
2328,-2.1,21.6,30.9,26.5,888.8,-88.8,-999.9,-88.8
2329,-2.1,21.6,30.9,26.6,888.8,-88.8,-999.9,-88.8
2330,-2.1,21.6,30.9,26.7,888.8,-88.8,-999.9,-88.8
2331,-2.1,21.6,30.9,26.8,888.8,-88.8,-999.9,-88.8
2332,-2.1,21.6,30.9,26.9,888.8,-88.8,-999.9,-88.8
2333,-2.1,21.6,30.9,27,888.8,-88.8,-999.9,-88.8
2334,-2.1,21.6,30.9,27.1,888.8,-88.8,-999.9,-88.8
2335,-2.1,21.6,30.8,27.3,888.8,-88.8,-999.9,-88.8
2336,-2.1,21.6,30.9,27.4,888.8,-88.8,-999.9,-88.8
2337,-2.1,21.6,30.9,27.5,888.8,-88.8,-999.9,-88.8
2338,-2.1,21.6,30.9,27.6,888.8,-88.8,-999.9,-88.8
2339,-2.1,21.7,30.9,27.7,888.8,-88.8,-999.9,-88.8
2340,-2.1,21.7,30.9,27.8,888.8,-88.8,-999.9,-88.8
2341,-2.1,21.7,30.9,27.8,888.8,-88.8,-999.9,-88.8
2342,-2.1,21.6,30.9,27.9,888.8,-88.8,-999.9,-88.8
2343,-2.1,21.7,30.9,27.9,888.8,-88.8,-999.9,-88.8
2344,-2.1,21.7,30.9,28,888.8,-88.8,-999.9,-88.8
2345,-2.1,21.7,31,28,888.8,-88.8,-999.9,-88.8
2346,-2.1,21.7,30.9,28,888.8,-88.8,-999.9,-88.8
2347,-2.1,21.7,31,28,888.8,-88.8,-999.9,-88.8
2348,-2.1,21.7,30.9,28,888.8,-88.8,-999.9,-88.8
2349,-2.1,21.7,31,28,888.8,-88.8,-999.9,-88.8
2350,-2.1,21.7,31,28,888.8,-88.8,-999.9,-88.8
2351,-2.1,21.7,31,28,888.8,-88.8,-999.9,-88.8
2352,-2.1,21.7,30.9,28,888.8,-88.8,-999.9,-88.8
2353,-2.1,21.7,31,28,888.8,-88.8,-999.9,-88.8
2354,-2.1,21.7,31,28,888.8,-88.8,-999.9,-88.8
2355,-2.1,21.7,31,28,888.8,-88.8,-999.9,-88.8
2356,-2.1,21.7,31,27.8,888.8,-88.8,-999.9,-88.8
2357,-2.1,21.7,31,27.7,888.8,-88.8,-999.9,-88.8
2358,-2.1,21.7,31,27.4,888.8,-88.8,-999.9,-88.8
2359,-2.1,21.7,31,27.4,888.8,-88.8,-999.9,-88.8