0,-1.7,22.2,35.4,19.7,888.8,-88.8,-999.9,-88.8
1,-1.7,22.2,35.4,19.7,888.8,-88.8,-999.9,-88.8
2,-1.7,22.2,35.4,19.6,888.8,-88.8,-999.9,-88.8
3,-1.7,22.2,35.4,19.6,888.8,-88.8,-999.9,-88.8
4,-1.7,22.2,35.4,19.6,888.8,-88.8,-999.9,-88.8
5,-1.7,22.2,35.4,19.5,888.8,-88.8,-999.9,-88.8
6,-1.7,22.2,35.4,19.5,888.8,-88.8,-999.9,-88.8
7,-1.7,22.2,35.4,19.4,888.8,-88.8,-999.9,-88.8
8,-1.7,22.2,35.4,19.4,888.8,-88.8,-999.9,-88.8
9,-1.7,22.2,35.4,19.4,888.8,-88.8,-999.9,-88.8
10,-1.7,22.2,35.4,19.4,888.8,-88.8,-999.9,-88.8
11,-1.7,22.2,35.4,19.3,888.8,-88.8,-999.9,-88.8
12,-1.7,22.2,35.4,19.3,888.8,-88.8,-999.9,-88.8
13,-1.7,22.2,35.4,19.3,888.8,-88.8,-999.9,-88.8
14,-1.6,22.2,35.4,19.2,888.8,-88.8,-999.9,-88.8
15,-1.7,22.2,35.4,19.2,888.8,-88.8,-999.9,-88.8
16,-1.7,22.2,35.4,19.2,888.8,-88.8,-999.9,-88.8
17,-1.7,22.2,35.4,19.1,888.8,-88.8,-999.9,-88.8
18,-1.6,22.2,35.4,19.1,888.8,-88.8,-999.9,-88.8
19,-1.7,22.2,35.4,19.1,888.8,-88.8,-999.9,-88.8
20,-1.7,22.2,35.4,19.1,888.8,-88.8,-999.9,-88.8
21,-1.6,22.2,35.4,19,888.8,-88.8,-999.9,-88.8
22,-1.6,22.2,35.4,19,888.8,-88.8,-999.9,-88.8
23,-1.7,22.3,35.4,19,888.8,-88.8,-999.9,-88.8
24,-1.6,22.2,35.4,18.9,888.8,-88.8,-999.9,-88.8
25,-1.6,22.2,35.4,18.9,888.8,-88.8,-999.9,-88.8
26,-1.7,22.2,35.3,18.9,888.8,-88.8,-999.9,-88.8
27,-1.6,22.3,35.3,18.9,888.8,-88.8,-999.9,-88.8
28,-1.6,22.3,35.3,18.8,888.8,-88.8,-999.9,-88.8
29,-1.6,22.3,35.3,18.8,888.8,-88.8,-999.9,-88.8
30,-1.6,22.3,35.3,18.8,888.8,-88.8,-999.9,-88.8
31,-1.6,22.3,35.3,18.7,888.8,-88.8,-999.9,-88.8
32,-1.6,22.3,35.3,18.7,888.8,-88.8,-999.9,-88.8
33,-1.6,22.3,35.3,18.7,888.8,-88.8,-999.9,-88.8
34,-1.6,22.3,35.3,18.7,888.8,-88.8,-999.9,-88.8
35,-1.6,22.3,35.3,18.7,888.8,-88.8,-999.9,-88.8
36,-1.6,22.3,35.3,18.6,888.8,-88.8,-999.9,-88.8
37,-1.6,22.3,35.3,18.6,888.8,-88.8,-999.9,-88.8
38,-1.6,22.3,35.3,18.6,888.8,-88.8,-999.9,-88.8
39,-1.6,22.3,35.3,18.5,888.8,-88.8,-999.9,-88.8
40,-1.6,22.3,35.3,18.5,888.8,-88.8,-999.9,-88.8
41,-1.6,22.3,35.3,18.5,888.8,-88.8,-999.9,-88.8
42,-1.6,22.3,35.3,18.5,888.8,-88.8,-999.9,-88.8
43,-1.6,22.3,35.3,18.4,888.8,-88.8,-999.9,-88.8
44,-1.6,22.3,35.2,18.4,888.8,-88.8,-999.9,-88.8
45,-1.6,22.3,35.3,18.4,888.8,-88.8,-999.9,-88.8
46,-1.6,22.3,35.2,18.4,888.8,-88.8,-999.9,-88.8
47,-1.6,22.3,35.2,18.4,888.8,-88.8,-999.9,-88.8
48,-1.6,22.3,35.2,18.3,888.8,-88.8,-999.9,-88.8
49,-1.6,22.3,35.2,18.3,888.8,-88.8,-999.9,-88.8
50,-1.6,22.3,35.2,18.3,888.8,-88.8,-999.9,-88.8
51,-1.6,22.3,35.2,18.3,888.8,-88.8,-999.9,-88.8
52,-1.6,22.3,35.2,18.3,888.8,-88.8,-999.9,-88.8
53,-1.6,22.3,35.2,18.3,888.8,-88.8,-999.9,-88.8
54,-1.6,22.3,35.2,18.2,888.8,-88.8,-999.9,-88.8
55,-1.6,22.3,35.2,18.2,888.8,-88.8,-999.9,-88.8
56,-1.6,22.4,35.2,18.2,888.8,-88.8,-999.9,-88.8
57,-1.6,22.4,35.2,18.1,888.8,-88.8,-999.9,-88.8
58,-1.6,22.4,35.2,18.2,888.8,-88.8,-999.9,-88.8
59,-1.6,22.4,35.2,18.1,888.8,-88.8,-999.9,-88.8
100,-1.6,22.4,35.2,18.1,888.8,-88.8,-999.9,-88.8
101,-1.5,22.4,35.2,18.1,888.8,-88.8,-999.9,-88.8
102,-1.6,22.4,35.2,18.1,888.8,-88.8,-999.9,-88.8
103,-1.6,22.4,35.2,18,888.8,-88.8,-999.9,-88.8
104,-1.5,22.4,35.2,18.1,888.8,-88.8,-999.9,-88.8
105,-1.5,22.4,35.1,18,888.8,-88.8,-999.9,-88.8
106,-1.5,22.4,35.2,18,888.8,-88.8,-999.9,-88.8
107,-1.5,22.4,35.2,18,888.8,-88.8,-999.9,-88.8
108,-1.5,22.4,35.2,18,888.8,-88.8,-999.9,-88.8
109,-1.5,22.4,35.2,17.9,888.8,-88.8,-999.9,-88.8
110,-1.5,22.4,35.2,17.9,888.8,-88.8,-999.9,-88.8
111,-1.5,22.4,35.2,17.9,888.8,-88.8,-999.9,-88.8
112,-1.5,22.4,35.2,17.9,888.8,-88.8,-999.9,-88.8
113,-1.5,22.4,35.1,17.9,888.8,-88.8,-999.9,-88.8
114,-1.5,22.4,35.1,17.9,888.8,-88.8,-999.9,-88.8
115,-1.5,22.4,35.1,17.9,888.8,-88.8,-999.9,-88.8
116,-1.5,22.4,35.1,17.8,888.8,-88.8,-999.9,-88.8
117,-1.5,22.4,35.1,17.8,888.8,-88.8,-999.9,-88.8
118,-1.5,22.4,35.1,17.8,888.8,-88.8,-999.9,-88.8
119,-1.5,22.4,35.1,17.8,888.8,-88.8,-999.9,-88.8
120,-1.5,22.4,35.1,17.8,888.8,-88.8,-999.9,-88.8
121,-1.5,22.4,35.1,17.7,888.8,-88.8,-999.9,-88.8
122,-1.5,22.5,35.1,17.7,888.8,-88.8,-999.9,-88.8
123,-1.5,22.5,35.1,17.7,888.8,-88.8,-999.9,-88.8
124,-1.5,22.5,35.1,17.7,888.8,-88.8,-999.9,-88.8
125,-1.5,22.5,35.1,17.6,888.8,-88.8,-999.9,-88.8
126,-1.5,22.5,35.1,17.7,888.8,-88.8,-999.9,-88.8
127,-1.5,22.5,35.1,17.6,888.8,-88.8,-999.9,-88.8
128,-1.5,22.5,35.1,17.6,888.8,-88.8,-999.9,-88.8
129,-1.5,22.5,35.1,17.6,888.8,-88.8,-999.9,-88.8
130,-1.5,22.5,35.1,17.6,888.8,-88.8,-999.9,-88.8
131,-1.5,22.5,35.1,17.6,888.8,-88.8,-999.9,-88.8
132,-1.5,22.5,35.1,17.6,888.8,-88.8,-999.9,-88.8
133,-1.5,22.5,35.1,17.6,888.8,-88.8,-999.9,-88.8
134,-1.5,22.5,35.1,17.5,888.8,-88.8,-999.9,-88.8
135,-1.5,22.5,35.1,17.5,888.8,-88.8,-999.9,-88.8
136,-1.5,22.5,35.1,17.5,888.8,-88.8,-999.9,-88.8
137,-1.5,22.5,35.1,17.5,888.8,-88.8,-999.9,-88.8
138,-1.5,22.5,35.1,17.4,888.8,-88.8,-999.9,-88.8
139,-1.5,22.5,35,17.4,888.8,-88.8,-999.9,-88.8
140,-1.5,22.5,35.1,17.4,888.8,-88.8,-999.9,-88.8
141,-1.5,22.5,35.1,17.4,888.8,-88.8,-999.9,-88.8
142,-1.5,22.5,35,17.4,888.8,-88.8,-999.9,-88.8
143,-1.5,22.5,35,17.4,888.8,-88.8,-999.9,-88.8
144,-1.5,22.5,35,17.4,888.8,-88.8,-999.9,-88.8
145,-1.5,22.5,35,17.3,888.8,-88.8,-999.9,-88.8
146,-1.5,22.5,35,17.4,888.8,-88.8,-999.9,-88.8
147,-1.5,22.5,35,17.4,888.8,-88.8,-999.9,-88.8
148,-1.5,22.6,35,17.4,888.8,-88.8,-999.9,-88.8
149,-1.5,22.6,35,17.3,888.8,-88.8,-999.9,-88.8
150,-1.5,22.5,35,17.3,888.8,-88.8,-999.9,-88.8
151,-1.5,22.6,35,17.3,888.8,-88.8,-999.9,-88.8
152,-1.5,22.6,34.9,17.3,888.8,-88.8,-999.9,-88.8
153,-1.5,22.6,35,17.3,888.8,-88.8,-999.9,-88.8
154,-1.5,22.6,35,17.3,888.8,-88.8,-999.9,-88.8
155,-1.5,22.6,34.9,17.3,888.8,-88.8,-999.9,-88.8
156,-1.5,22.6,35,17.3,888.8,-88.8,-999.9,-88.8
157,-1.5,22.6,35,17.2,888.8,-88.8,-999.9,-88.8
158,-1.5,22.6,35,17.2,888.8,-88.8,-999.9,-88.8
159,-1.5,22.6,34.9,17.2,888.8,-88.8,-999.9,-88.8
200,-1.5,22.6,34.9,17.2,888.8,-88.8,-999.9,-88.8
201,-1.5,22.6,34.9,17.2,888.8,-88.8,-999.9,-88.8
202,-1.5,22.6,34.9,17.2,888.8,-88.8,-999.9,-88.8
203,-1.5,22.6,34.9,17.2,888.8,-88.8,-999.9,-88.8
204,-1.6,22.6,34.9,17.2,888.8,-88.8,-999.9,-88.8
205,-1.5,22.6,34.9,17.2,888.8,-88.8,-999.9,-88.8
206,-1.5,22.6,34.9,17.2,888.8,-88.8,-999.9,-88.8
207,-1.5,22.7,34.9,17.2,888.8,-88.8,-999.9,-88.8
208,-1.5,22.6,34.9,17.1,888.8,-88.8,-999.9,-88.8
209,-1.5,22.7,34.9,17.1,888.8,-88.8,-999.9,-88.8
210,-1.5,22.6,34.9,17.1,888.8,-88.8,-999.9,-88.8
211,-1.5,22.7,34.9,17.1,888.8,-88.8,-999.9,-88.8
212,-1.5,22.7,34.9,17.1,888.8,-88.8,-999.9,-88.8
213,-1.5,22.7,34.9,17.1,888.8,-88.8,-999.9,-88.8
214,-1.5,22.7,34.9,17.1,888.8,-88.8,-999.9,-88.8
215,-1.5,22.7,34.9,17.1,888.8,-88.8,-999.9,-88.8
216,-1.5,22.7,34.9,17.1,888.8,-88.8,-999.9,-88.8
217,-1.5,22.7,34.9,17,888.8,-88.8,-999.9,-88.8
218,-1.5,22.7,34.9,17,888.8,-88.8,-999.9,-88.8
219,-1.5,22.7,34.9,17,888.8,-88.8,-999.9,-88.8
220,-1.5,22.7,34.9,17,888.8,-88.8,-999.9,-88.8
221,-1.6,22.7,34.9,17,888.8,-88.8,-999.9,-88.8
222,-1.5,22.7,34.9,17,888.8,-88.8,-999.9,-88.8
223,-1.5,22.7,34.9,17,888.8,-88.8,-999.9,-88.8
224,-1.5,22.7,34.8,17,888.8,-88.8,-999.9,-88.8
225,-1.5,22.7,34.8,17,888.8,-88.8,-999.9,-88.8
226,-1.5,22.7,34.8,17,888.8,-88.8,-999.9,-88.8
227,-1.5,22.7,34.8,17,888.8,-88.8,-999.9,-88.8
228,-1.5,22.7,34.8,17,888.8,-88.8,-999.9,-88.8
229,-1.5,22.7,34.8,16.9,888.8,-88.8,-999.9,-88.8
230,-1.5,22.7,34.8,16.9,888.8,-88.8,-999.9,-88.8
231,-1.5,22.7,34.8,17,888.8,-88.8,-999.9,-88.8
232,-1.5,22.7,34.8,16.9,888.8,-88.8,-999.9,-88.8
233,-1.5,22.7,34.8,17,888.8,-88.8,-999.9,-88.8
234,-1.5,22.7,34.8,16.9,888.8,-88.8,-999.9,-88.8
235,-1.5,22.7,34.8,16.9,888.8,-88.8,-999.9,-88.8
236,-1.5,22.7,34.8,16.9,888.8,-88.8,-999.9,-88.8
237,-1.5,22.7,34.7,16.9,888.8,-88.8,-999.9,-88.8
238,-1.5,22.7,34.8,16.9,888.8,-88.8,-999.9,-88.8
239,-1.5,22.7,34.8,16.9,888.8,-88.8,-999.9,-88.8
240,-1.5,22.7,34.7,17,888.8,-88.8,-999.9,-88.8
241,-1.5,22.7,34.7,16.9,888.8,-88.8,-999.9,-88.8
242,-1.5,22.7,34.7,16.9,888.8,-88.8,-999.9,-88.8
243,-1.5,22.8,34.7,16.8,888.8,-88.8,-999.9,-88.8
244,-1.5,22.8,34.7,16.9,888.8,-88.8,-999.9,-88.8
245,-1.5,22.8,34.7,16.9,888.8,-88.8,-999.9,-88.8
246,-1.5,22.8,34.7,16.9,888.8,-88.8,-999.9,-88.8
247,-1.5,22.8,34.7,16.9,888.8,-88.8,-999.9,-88.8
248,-1.5,22.8,34.7,16.8,888.8,-88.8,-999.9,-88.8
249,-1.5,22.8,34.7,16.8,888.8,-88.8,-999.9,-88.8
250,-1.5,22.8,34.7,16.8,888.8,-88.8,-999.9,-88.8
251,-1.5,22.8,34.7,16.8,888.8,-88.8,-999.9,-88.8
252,-1.5,22.8,34.7,16.8,888.8,-88.8,-999.9,-88.8
253,-1.5,22.8,34.7,16.8,888.8,-88.8,-999.9,-88.8
254,-1.5,22.8,34.7,16.7,888.8,-88.8,-999.9,-88.8
255,-1.5,22.8,34.7,16.8,888.8,-88.8,-999.9,-88.8
256,-1.5,22.8,34.7,16.8,888.8,-88.8,-999.9,-88.8
257,-1.5,22.8,34.7,16.7,888.8,-88.8,-999.9,-88.8
258,-1.5,22.8,34.7,16.7,888.8,-88.8,-999.9,-88.8
259,-1.5,22.8,34.7,16.7,888.8,-88.8,-999.9,-88.8
300,-1.5,22.8,34.7,16.7,888.8,-88.8,-999.9,-88.8
301,-1.5,22.8,34.7,16.7,888.8,-88.8,-999.9,-88.8
302,-1.5,22.8,34.7,16.7,888.8,-88.8,-999.9,-88.8
303,-1.5,22.8,34.6,16.7,888.8,-88.8,-999.9,-88.8
304,-1.5,22.8,34.6,16.7,888.8,-88.8,-999.9,-88.8
305,-1.5,22.8,34.6,16.7,888.8,-88.8,-999.9,-88.8
306,-1.5,22.8,34.6,16.7,888.8,-88.8,-999.9,-88.8
307,-1.5,22.8,34.6,16.7,888.8,-88.8,-999.9,-88.8
308,-1.5,22.9,34.6,16.7,888.8,-88.8,-999.9,-88.8
309,-1.5,22.8,34.6,16.7,888.8,-88.8,-999.9,-88.8
310,-1.5,22.8,34.7,16.6,888.8,-88.8,-999.9,-88.8
311,-1.5,22.8,34.6,16.6,888.8,-88.8,-999.9,-88.8
312,-1.5,22.9,34.6,16.6,888.8,-88.8,-999.9,-88.8
313,-1.5,22.8,34.6,16.6,888.8,-88.8,-999.9,-88.8
314,-1.5,22.8,34.6,16.6,888.8,-88.8,-999.9,-88.8
315,-1.4,22.8,34.6,16.6,888.8,-88.8,-999.9,-88.8
316,-1.5,22.9,34.6,16.6,888.8,-88.8,-999.9,-88.8
317,-1.5,22.8,34.6,16.6,888.8,-88.8,-999.9,-88.8
318,-1.5,22.9,34.5,16.6,888.8,-88.8,-999.9,-88.8
319,-1.5,22.9,34.5,16.6,888.8,-88.8,-999.9,-88.8
320,-1.5,22.9,34.5,16.6,888.8,-88.8,-999.9,-88.8
321,-1.5,22.9,34.5,16.6,888.8,-88.8,-999.9,-88.8
322,-1.5,22.9,34.5,16.6,888.8,-88.8,-999.9,-88.8
323,-1.5,22.9,34.5,16.6,888.8,-88.8,-999.9,-88.8
324,-1.5,22.9,34.5,16.6,888.8,-88.8,-999.9,-88.8
325,-1.5,22.9,34.5,16.6,888.8,-88.8,-999.9,-88.8
326,-1.5,22.9,34.6,16.6,888.8,-88.8,-999.9,-88.8
327,-1.5,22.9,34.5,16.6,888.8,-88.8,-999.9,-88.8
328,-1.5,22.9,34.5,16.5,888.8,-88.8,-999.9,-88.8
329,-1.5,22.9,34.5,16.6,888.8,-88.8,-999.9,-88.8
330,-1.5,22.9,34.5,16.5,888.8,-88.8,-999.9,-88.8
331,-1.5,22.9,34.5,16.5,888.8,-88.8,-999.9,-88.8
332,-1.5,22.9,34.5,16.5,888.8,-88.8,-999.9,-88.8
333,-1.5,22.9,34.5,16.5,888.8,-88.8,-999.9,-88.8
334,-1.5,22.9,34.5,16.5,888.8,-88.8,-999.9,-88.8
335,-1.5,22.9,34.5,16.5,888.8,-88.8,-999.9,-88.8
336,-1.5,22.9,34.5,16.5,888.8,-88.8,-999.9,-88.8
337,-1.5,22.9,34.5,16.5,888.8,-88.8,-999.9,-88.8
338,-1.5,22.9,34.5,16.5,888.8,-88.8,-999.9,-88.8
339,-1.5,22.9,34.5,16.5,888.8,-88.8,-999.9,-88.8
340,-1.5,23,34.4,16.5,888.8,-88.8,-999.9,-88.8
341,-1.5,23,34.4,16.5,888.8,-88.8,-999.9,-88.8
342,-1.5,23,34.4,16.4,888.8,-88.8,-999.9,-88.8
343,-1.5,23,34.4,16.5,888.8,-88.8,-999.9,-88.8
344,-1.5,23,34.4,16.5,888.8,-88.8,-999.9,-88.8
345,-1.5,23,34.4,16.5,888.8,-88.8,-999.9,-88.8
346,-1.5,23,34.4,16.5,888.8,-88.8,-999.9,-88.8
347,-1.5,23,34.4,16.4,888.8,-88.8,-999.9,-88.8
348,-1.5,23,34.4,16.4,888.8,-88.8,-999.9,-88.8
349,-1.5,23,34.4,16.4,888.8,-88.8,-999.9,-88.8
350,-1.5,23,34.4,16.4,888.8,-88.8,-999.9,-88.8
351,-1.5,23,34.4,16.4,888.8,-88.8,-999.9,-88.8
352,-1.5,23,34.4,16.4,888.8,-88.8,-999.9,-88.8
353,-1.4,23,34.4,16.4,888.8,-88.8,-999.9,-88.8
354,-1.4,23,34.4,16.4,888.8,-88.8,-999.9,-88.8
355,-1.5,23,34.4,16.4,888.8,-88.8,-999.9,-88.8
356,-1.5,23,34.4,16.4,888.8,-88.8,-999.9,-88.8
357,-1.4,23,34.4,16.4,888.8,-88.8,-999.9,-88.8
358,-1.4,23,34.4,16.4,888.8,-88.8,-999.9,-88.8
359,-1.4,23,34.4,16.4,888.8,-88.8,-999.9,-88.8
400,-1.4,23,34.4,16.4,888.8,-88.8,-999.9,-88.8
401,-1.4,23,34.4,16.4,888.8,-88.8,-999.9,-88.8
402,-1.4,23,34.4,16.4,888.8,-88.8,-999.9,-88.8
403,-1.4,23,34.4,16.4,888.8,-88.8,-999.9,-88.8
404,-1.4,23,34.4,16.4,888.8,-88.8,-999.9,-88.8
405,-1.4,23,34.4,16.4,888.8,-88.8,-999.9,-88.8
406,-1.4,23,34.3,16.4,888.8,-88.8,-999.9,-88.8
407,-1.4,23,34.3,16.4,888.8,-88.8,-999.9,-88.8
408,-1.4,23,34.3,16.4,888.8,-88.8,-999.9,-88.8
409,-1.4,23,34.3,16.4,888.8,-88.8,-999.9,-88.8
410,-1.4,23,34.3,16.4,888.8,-88.8,-999.9,-88.8
411,-1.4,23,34.3,16.3,888.8,-88.8,-999.9,-88.8
412,-1.4,23,34.3,16.3,888.8,-88.8,-999.9,-88.8
413,-1.4,23,34.3,16.3,888.8,-88.8,-999.9,-88.8
414,-1.4,23.1,34.3,16.4,888.8,-88.8,-999.9,-88.8
415,-1.4,23.1,34.3,16.3,888.8,-88.8,-999.9,-88.8
416,-1.4,23.1,34.3,16.3,888.8,-88.8,-999.9,-88.8
417,-1.4,23.1,34.3,16.3,888.8,-88.8,-999.9,-88.8
418,-1.4,23.1,34.3,16.3,888.8,-88.8,-999.9,-88.8
419,-1.3,23,34.2,16.3,888.8,-88.8,-999.9,-88.8
420,-1.3,23.1,34.2,16.3,888.8,-88.8,-999.9,-88.8
421,-1.3,23,34.2,16.3,888.8,-88.8,-999.9,-88.8
422,-1.3,23.1,34.2,16.3,888.8,-88.8,-999.9,-88.8
423,-1.4,23,34.2,16.3,888.8,-88.8,-999.9,-88.8
424,-1.3,23.1,34.2,16.3,888.8,-88.8,-999.9,-88.8
425,-1.3,23,34.2,16.3,888.8,-88.8,-999.9,-88.8
426,-1.3,23.1,34.2,16.3,888.8,-88.8,-999.9,-88.8
427,-1.3,23.1,34.2,16.3,888.8,-88.8,-999.9,-88.8
428,-1.3,23.1,34.2,16.3,888.8,-88.8,-999.9,-88.8
429,-1.3,23.1,34.2,16.3,888.8,-88.8,-999.9,-88.8
430,-1.3,23.1,34.2,16.3,888.8,-88.8,-999.9,-88.8
431,-1.3,23.1,34.2,16.3,888.8,-88.8,-999.9,-88.8
432,-1.3,23.1,34.2,16.3,888.8,-88.8,-999.9,-88.8
433,-1.3,23.1,34.2,16.3,888.8,-88.8,-999.9,-88.8
434,-1.3,23.1,34.2,16.3,888.8,-88.8,-999.9,-88.8
435,-1.3,23.1,34.2,16.3,888.8,-88.8,-999.9,-88.8
436,-1.3,23.1,34.2,16.3,888.8,-88.8,-999.9,-88.8
437,-1.2,23.1,34.2,16.3,888.8,-88.8,-999.9,-88.8
438,-1.2,23.1,34.2,16.3,888.8,-88.8,-999.9,-88.8
439,-1.2,23.1,34.2,16.3,888.8,-88.8,-999.9,-88.8
440,-1.2,23.1,34.2,16.3,888.8,-88.8,-999.9,-88.8
441,-1.2,23.1,34.2,16.3,888.8,-88.8,-999.9,-88.8
442,-1.2,23.1,34.2,16.2,888.8,-88.8,-999.9,-88.8
443,-1.2,23.1,34.1,16.3,888.8,-88.8,-999.9,-88.8
444,-1.2,23.1,34.1,16.2,888.8,-88.8,-999.9,-88.8
445,-1.2,23.1,34.1,16.2,888.8,-88.8,-999.9,-88.8
446,-1.2,23.1,34.1,16.2,888.8,-88.8,-999.9,-88.8
447,-1.2,23.1,34.1,16.2,888.8,-88.8,-999.9,-88.8
448,-1.2,23.1,34.1,16.2,888.8,-88.8,-999.9,-88.8
449,-1.2,23.1,34.1,16.2,888.8,-88.8,-999.9,-88.8
450,-1.2,23.1,34.1,16.2,888.8,-88.8,-999.9,-88.8
451,-1.2,23.1,34.1,16.2,888.8,-88.8,-999.9,-88.8
452,-1.2,23.1,34.1,16.2,888.8,-88.8,-999.9,-88.8
453,-1.2,23.2,34.1,16.2,888.8,-88.8,-999.9,-88.8
454,-1.1,23.2,34.1,16.2,888.8,-88.8,-999.9,-88.8
455,-1.1,23.2,34.1,16.2,888.8,-88.8,-999.9,-88.8
456,-1.1,23.2,34.1,16.2,888.8,-88.8,-999.9,-88.8
457,-1.1,23.2,34.1,16.2,888.8,-88.8,-999.9,-88.8
458,-1.1,23.2,34,16.2,888.8,-88.8,-999.9,-88.8
459,-1.1,23.2,34,16.2,888.8,-88.8,-999.9,-88.8
500,-1.1,23.2,34,16.2,888.8,-88.8,-999.9,-88.8
501,-1.1,23.2,34,16.2,888.8,-88.8,-999.9,-88.8
502,-1.1,23.2,34,16.2,888.8,-88.8,-999.9,-88.8
503,-1.1,23.2,34,16.2,888.8,-88.8,-999.9,-88.8
504,-1.1,23.2,34,16.2,888.8,-88.8,-999.9,-88.8
505,-1.1,23.2,34,16.2,888.8,-88.8,-999.9,-88.8
506,-1.1,23.2,34,16.2,888.8,-88.8,-999.9,-88.8
507,-1.1,23.2,34,16.2,888.8,-88.8,-999.9,-88.8
508,-1.1,23.2,34,16.2,888.8,-88.8,-999.9,-88.8
509,-1.1,23.2,34,16.2,888.8,-88.8,-999.9,-88.8
510,-1.1,23.2,34,16.2,888.8,-88.8,-999.9,-88.8
511,-1.1,23.2,34,16.2,888.8,-88.8,-999.9,-88.8
512,-1.1,23.2,34,16.2,888.8,-88.8,-999.9,-88.8
513,-1.1,23.2,34,16.2,888.8,-88.8,-999.9,-88.8
514,-1.1,23.3,34,16.2,888.8,-88.8,-999.9,-88.8
515,-1.1,23.2,34,16.2,888.8,-88.8,-999.9,-88.8
516,-1,23.3,34,16.2,888.8,-88.8,-999.9,-88.8
517,-1,23.2,34,16.2,888.8,-88.8,-999.9,-88.8
518,-1,23.3,34,16.2,888.8,-88.8,-999.9,-88.8
519,-1,23.2,34,16.2,888.8,-88.8,-999.9,-88.8
520,-1,23.3,33.9,16.1,888.8,-88.8,-999.9,-88.8
521,-1,23.2,33.9,16.1,888.8,-88.8,-999.9,-88.8
522,-1,23.3,33.9,16.1,888.8,-88.8,-999.9,-88.8
523,-1,23.3,33.9,16.2,888.8,-88.8,-999.9,-88.8
524,-1,23.3,33.9,16.1,888.8,-88.8,-999.9,-88.8
525,-1,23.3,33.9,16.2,888.8,-88.8,-999.9,-88.8
526,-1,23.3,33.9,16.1,888.8,-88.8,-999.9,-88.8
527,-1,23.3,33.9,16.1,888.8,-88.8,-999.9,-88.8
528,-1,23.3,33.9,16.1,888.8,-88.8,-999.9,-88.8
529,-0.9,23.3,33.9,16.1,888.8,-88.8,-999.9,-88.8
530,-0.9,23.3,33.9,16.1,888.8,-88.8,-999.9,-88.8
531,-0.9,23.3,33.9,16.1,888.8,-88.8,-999.9,-88.8
532,-0.9,23.3,33.9,16.1,888.8,-88.8,-999.9,-88.8
533,-0.9,23.3,33.9,16.1,888.8,-88.8,-999.9,-88.8
534,-0.9,23.3,33.9,16.1,888.8,-88.8,-999.9,-88.8
535,-0.9,23.3,33.9,16,888.8,-88.8,-999.9,-88.8
536,-0.9,23.3,33.9,16.1,888.8,-88.8,-999.9,-88.8
537,-0.9,23.3,33.9,16.1,888.8,-88.8,-999.9,-88.8
538,-0.9,23.3,33.9,16.1,888.8,-88.8,-999.9,-88.8
539,-0.9,23.3,33.9,16.1,888.8,-88.8,-999.9,-88.8
540,-0.9,23.3,33.9,16.1,888.8,-88.8,-999.9,-88.8
541,-0.9,23.3,33.8,16.1,888.8,-88.8,-999.9,-88.8
542,-0.9,23.3,33.9,16.1,888.8,-88.8,-999.9,-88.8
543,-0.9,23.3,33.8,16.1,888.8,-88.8,-999.9,-88.8
544,-0.9,23.3,33.9,16.1,888.8,-88.8,-999.9,-88.8
545,-0.8,23.3,33.8,16.1,888.8,-88.8,-999.9,-88.8
546,-0.8,23.3,33.8,16.1,888.8,-88.8,-999.9,-88.8
547,-0.8,23.3,33.8,16,888.8,-88.8,-999.9,-88.8
548,-0.9,23.3,33.8,16,888.8,-88.8,-999.9,-88.8
549,-0.8,23.3,33.8,16,888.8,-88.8,-999.9,-88.8
550,-0.8,23.3,33.8,16,888.8,-88.8,-999.9,-88.8
551,-0.8,23.3,33.8,16,888.8,-88.8,-999.9,-88.8
552,-0.8,23.3,33.8,16.1,888.8,-88.8,-999.9,-88.8
553,-0.8,23.3,33.8,16,888.8,-88.8,-999.9,-88.8
554,-0.8,23.3,33.8,16,888.8,-88.8,-999.9,-88.8
555,-0.8,23.3,33.7,16,888.8,-88.8,-999.9,-88.8
556,-0.8,23.3,33.7,16,888.8,-88.8,-999.9,-88.8
557,-0.8,23.3,33.7,16,888.8,-88.8,-999.9,-88.8
558,-0.8,23.4,33.8,16,888.8,-88.8,-999.9,-88.8
559,-0.8,23.3,33.7,16,888.8,-88.8,-999.9,-88.8
600,-0.8,23.3,33.7,16,888.8,-88.8,-999.9,-88.8
601,-0.8,23.4,33.8,16,888.8,-88.8,-999.9,-88.8
602,-0.8,23.4,33.7,16,888.8,-88.8,-999.9,-88.8
603,-0.7,23.3,33.7,16,888.8,-88.8,-999.9,-88.8
604,-0.8,23.4,33.7,16,888.8,-88.8,-999.9,-88.8
605,-0.7,23.4,33.7,16,888.8,-88.8,-999.9,-88.8
606,-0.7,23.4,33.7,16,888.8,-88.8,-999.9,-88.8
607,-0.7,23.4,33.7,16,888.8,-88.8,-999.9,-88.8
608,-0.7,23.4,33.7,16,888.8,-88.8,-999.9,-88.8
609,-0.7,23.4,33.7,16,888.8,-88.8,-999.9,-88.8
610,-0.7,23.4,33.7,16,888.8,-88.8,-999.9,-88.8
611,-0.7,23.4,33.7,16,888.8,-88.8,-999.9,-88.8
612,-0.7,23.4,33.7,16,888.8,-88.8,-999.9,-88.8
613,-0.7,23.4,33.7,16,888.8,-88.8,-999.9,-88.8
614,-0.7,23.4,33.7,16,888.8,-88.8,-999.9,-88.8
615,-0.7,23.4,33.7,16,888.8,-88.8,-999.9,-88.8
616,-0.7,23.4,33.7,16,888.8,-88.8,-999.9,-88.8
617,-0.7,23.4,33.7,16,888.8,-88.8,-999.9,-88.8
618,-0.7,23.4,33.7,16,888.8,-88.8,-999.9,-88.8
619,-0.7,23.4,33.7,16,888.8,-88.8,-999.9,-88.8
620,-0.7,23.4,33.7,16,888.8,-88.8,-999.9,-88.8
621,-0.6,23.4,33.7,16,888.8,-88.8,-999.9,-88.8
622,-0.6,23.4,33.6,16,888.8,-88.8,-999.9,-88.8
623,-0.6,23.4,33.6,15.9,888.8,-88.8,-999.9,-88.8
624,-0.6,23.4,33.6,16,888.8,-88.8,-999.9,-88.8
625,-0.6,23.4,33.6,16,888.8,-88.8,-999.9,-88.8
626,-0.6,23.4,33.6,16,888.8,-88.8,-999.9,-88.8
627,-0.6,23.4,33.6,16,888.8,-88.8,-999.9,-88.8
628,-0.6,23.4,33.6,16,888.8,-88.8,-999.9,-88.8
629,-0.6,23.4,33.6,16,888.8,-88.8,-999.9,-88.8
630,-0.6,23.4,33.6,16,888.8,-88.8,-999.9,-88.8
631,-0.6,23.4,33.6,16,888.8,-88.8,-999.9,-88.8
632,-0.6,23.4,33.6,16,888.8,-88.8,-999.9,-88.8
633,-0.6,23.4,33.6,16,888.8,-88.8,-999.9,-88.8
634,-0.6,23.4,33.6,16,888.8,-88.8,-999.9,-88.8
635,-0.6,23.4,33.6,16,888.8,-88.8,-999.9,-88.8
636,-0.6,23.4,33.5,16,888.8,-88.8,-999.9,-88.8
637,-0.6,23.4,33.6,16,888.8,-88.8,-999.9,-88.8
638,-0.6,23.5,33.5,16,888.8,-88.8,-999.9,-88.8
639,-0.6,23.4,33.5,15.9,888.8,-88.8,-999.9,-88.8
640,-0.6,23.4,33.5,16,888.8,-88.8,-999.9,-88.8
641,-0.6,23.4,33.5,16,888.8,-88.8,-999.9,-88.8
642,-0.6,23.5,33.5,15.9,888.8,-88.8,-999.9,-88.8
643,-0.6,23.5,33.6,16,888.8,-88.8,-999.9,-88.8
644,-0.6,23.5,33.5,15.9,888.8,-88.8,-999.9,-88.8
645,-0.6,23.5,33.5,15.9,888.8,-88.8,-999.9,-88.8
646,-0.6,23.5,33.5,15.9,888.8,-88.8,-999.9,-88.8
647,-0.6,23.5,33.5,15.9,888.8,-88.8,-999.9,-88.8
648,-0.5,23.5,33.5,15.9,888.8,-88.8,-999.9,-88.8
649,-0.6,23.5,33.5,15.9,888.8,-88.8,-999.9,-88.8
650,-0.6,23.5,33.5,15.9,888.8,-88.8,-999.9,-88.8
651,-0.5,23.5,33.5,15.9,888.8,-88.8,-999.9,-88.8
652,-0.5,23.5,33.5,15.9,888.8,-88.8,-999.9,-88.8
653,-0.5,23.5,33.5,15.9,888.8,-88.8,-999.9,-88.8
654,-0.5,23.5,33.5,15.9,888.8,-88.8,-999.9,-88.8
655,-0.5,23.5,33.5,15.9,888.8,-88.8,-999.9,-88.8
656,-0.5,23.5,33.5,15.9,888.8,-88.8,-999.9,-88.8
657,-0.5,23.5,33.5,15.9,888.8,-88.8,-999.9,-88.8
658,-0.5,23.5,33.4,15.9,888.8,-88.8,-999.9,-88.8
659,-0.5,23.5,33.5,15.9,888.8,-88.8,-999.9,-88.8
700,-0.5,23.5,33.5,15.9,888.8,-88.8,-999.9,-88.8
701,-0.5,23.5,33.5,16,888.8,-88.8,-999.9,-88.8
702,-0.5,23.5,33.5,15.9,888.8,-88.8,-999.9,-88.8
703,-0.5,23.5,33.5,15.9,888.8,-88.8,-999.9,-88.8
704,-0.5,23.5,33.4,15.9,888.8,-88.8,-999.9,-88.8
705,-0.5,23.5,33.4,15.9,888.8,-88.8,-999.9,-88.8
706,-0.5,23.5,33.5,15.9,888.8,-88.8,-999.9,-88.8
707,-0.5,23.5,33.4,15.9,888.8,-88.8,-999.9,-88.8
708,-0.5,23.5,33.4,15.9,888.8,-88.8,-999.9,-88.8
709,-0.5,23.5,33.4,15.9,888.8,-88.8,-999.9,-88.8
710,-0.5,23.6,33.4,15.9,888.8,-88.8,-999.9,-88.8
711,-0.5,23.6,33.4,15.9,888.8,-88.8,-999.9,-88.8
712,-0.5,23.5,33.4,15.9,888.8,-88.8,-999.9,-88.8
713,-0.5,23.6,33.4,15.9,888.8,-88.8,-999.9,-88.8
714,-0.5,23.5,33.4,15.9,888.8,-88.8,-999.9,-88.8
715,-0.5,23.5,33.4,15.9,888.8,-88.8,-999.9,-88.8
716,-0.5,23.6,33.4,15.9,888.8,-88.8,-999.9,-88.8
717,-0.5,23.5,33.4,15.9,888.8,-88.8,-999.9,-88.8
718,-0.5,23.5,33.4,15.9,888.8,-88.8,-999.9,-88.8
719,-0.5,23.5,33.4,15.9,888.8,-88.8,-999.9,-88.8
720,-0.5,23.5,33.3,15.9,888.8,-88.8,-999.9,-88.8
721,-0.5,23.6,33.3,15.9,888.8,-88.8,-999.9,-88.8
722,-0.5,23.6,33.4,15.9,888.8,-88.8,-999.9,-88.8
723,-0.5,23.6,33.3,15.9,888.8,-88.8,-999.9,-88.8
724,-0.5,23.6,33.3,15.9,888.8,-88.8,-999.9,-88.8
725,-0.5,23.6,33.3,15.9,888.8,-88.8,-999.9,-88.8
726,-0.5,23.6,33.3,15.9,888.8,-88.8,-999.9,-88.8
727,-0.5,23.6,33.3,15.9,888.8,-88.8,-999.9,-88.8
728,-0.5,23.6,33.3,15.9,888.8,-88.8,-999.9,-88.8
729,-0.5,23.6,33.3,15.9,888.8,-88.8,-999.9,-88.8
730,-0.5,23.6,33.3,15.9,888.8,-88.8,-999.9,-88.8
731,-0.5,23.6,33.3,15.9,888.8,-88.8,-999.9,-88.8
732,-0.5,23.6,33.3,15.9,888.8,-88.8,-999.9,-88.8
733,-0.5,23.6,33.3,15.9,888.8,-88.8,-999.9,-88.8
734,-0.5,23.6,33.3,15.9,888.8,-88.8,-999.9,-88.8
735,-0.5,23.6,33.3,15.9,888.8,-88.8,-999.9,-88.8
736,-0.5,23.6,33.3,15.9,888.8,-88.8,-999.9,-88.8
737,-0.5,23.6,33.3,15.9,888.8,-88.8,-999.9,-88.8
738,-0.5,23.6,33.2,15.9,888.8,-88.8,-999.9,-88.8
739,-0.5,23.6,33.3,15.9,888.8,-88.8,-999.9,-88.8
740,-0.5,23.6,33.3,15.9,888.8,-88.8,-999.9,-88.8
741,-0.5,23.6,33.3,15.9,888.8,-88.8,-999.9,-88.8
742,-0.5,23.6,33.2,15.9,888.8,-88.8,-999.9,-88.8
743,-0.5,23.6,33.2,15.9,888.8,-88.8,-999.9,-88.8
744,-0.5,23.6,33.2,15.9,888.8,-88.8,-999.9,-88.8
745,-0.5,23.6,33.2,15.9,888.8,-88.8,-999.9,-88.8
746,-0.5,23.6,33.2,15.9,888.8,-88.8,-999.9,-88.8
747,-0.5,23.6,33.2,15.9,888.8,-88.8,-999.9,-88.8
748,-0.5,23.6,33.2,15.9,888.8,-88.8,-999.9,-88.8
749,-0.5,23.6,33.2,15.9,888.8,-88.8,-999.9,-88.8
750,-0.5,23.6,33.2,15.9,888.8,-88.8,-999.9,-88.8
751,-0.5,23.6,33.2,15.9,888.8,-88.8,-999.9,-88.8
752,-0.5,23.6,33.2,15.9,888.8,-88.8,-999.9,-88.8
753,-0.5,23.6,33.2,15.9,888.8,-88.8,-999.9,-88.8
754,-0.4,23.6,33.2,15.9,888.8,-88.8,-999.9,-88.8
755,-0.5,23.6,33.2,15.9,888.8,-88.8,-999.9,-88.8
756,-0.4,23.6,33.2,15.9,888.8,-88.8,-999.9,-88.8
757,-0.4,23.6,33.2,15.9,888.8,-88.8,-999.9,-88.8
758,-0.4,23.6,33.2,15.9,888.8,-88.8,-999.9,-88.8
759,-0.4,23.6,33.2,15.9,888.8,-88.8,-999.9,-88.8
800,-0.4,23.6,33.2,15.9,888.8,-88.8,-999.9,-88.8
801,-0.4,23.7,33.2,15.9,888.8,-88.8,-999.9,-88.8
802,-0.4,23.6,33.2,15.8,888.8,-88.8,-999.9,-88.8
803,-0.4,23.7,33.2,15.9,888.8,-88.8,-999.9,-88.8
804,-0.4,23.6,33.2,15.9,888.8,-88.8,-999.9,-88.8
805,-0.4,23.7,33.2,15.9,888.8,-88.8,-999.9,-88.8
806,-0.4,23.6,33.1,15.8,888.8,-88.8,-999.9,-88.8
807,-0.4,23.7,33.1,17.6,888.8,-88.8,-999.9,-88.8
808,-0.4,23.7,33.1,16.5,888.8,-88.8,-999.9,-88.8
809,-0.4,23.7,33.1,16.7,888.8,-88.8,-999.9,-88.8
810,-0.4,23.7,33.1,18.3,888.8,-88.8,-999.9,-88.8
811,-0.4,23.7,33.1,20,888.8,-88.8,-999.9,-88.8
812,-0.4,23.6,33.1,21.3,888.8,-88.8,-999.9,-88.8
813,-0.4,23.7,33.1,22.5,888.8,-88.8,-999.9,-88.8
814,-0.4,23.7,33.1,23.6,888.8,-88.8,-999.9,-88.8
815,-0.4,23.7,33.1,25.3,888.8,-88.8,-999.9,-88.8
816,-0.4,23.7,33.1,27.2,888.8,-88.8,-999.9,-88.8
817,-0.4,23.7,33.1,29,888.8,-88.8,-999.9,-88.8
818,-0.4,23.7,33.1,30.5,888.8,-88.8,-999.9,-88.8
819,-0.4,23.7,33,31.9,888.8,-88.8,-999.9,-88.8
820,-0.4,23.7,33.1,33,888.8,-88.8,-999.9,-88.8
821,-0.4,23.7,33,34,888.8,-88.8,-999.9,-88.8
822,-0.4,23.7,33,35,888.8,-88.8,-999.9,-88.8
823,-0.4,23.7,33,35.9,888.8,-88.8,-999.9,-88.8
824,-0.4,23.7,33,36.7,888.8,-88.8,-999.9,-88.8
825,-0.4,23.7,33,37.4,888.8,-88.8,-999.9,-88.8
826,-0.4,23.7,33,38.2,888.8,-88.8,-999.9,-88.8
827,-0.4,23.7,33,38.9,888.8,-88.8,-999.9,-88.8
828,-0.4,23.7,33,39.5,888.8,-88.8,-999.9,-88.8
829,-0.4,23.7,33,40.2,888.8,-88.8,-999.9,-88.8
830,-0.4,23.7,33,40.7,888.8,-88.8,-999.9,-88.8
831,-0.4,23.7,33,41.4,888.8,-88.8,-999.9,-88.8
832,-0.4,23.7,33,41.8,888.8,-88.8,-999.9,-88.8
833,-0.4,23.7,33,42.3,888.8,-88.8,-999.9,-88.8
834,-0.4,23.7,33,42.7,888.8,-88.8,-999.9,-88.8
835,-0.4,23.7,33,43.2,888.8,-88.8,-999.9,-88.8
836,-0.4,23.7,33,43.5,888.8,-88.8,-999.9,-88.8
837,-0.4,23.7,33,43.9,888.8,-88.8,-999.9,-88.8
838,-0.3,23.7,33,44.3,888.8,-88.8,-999.9,-88.8
839,-0.3,23.7,33,44.5,888.8,-88.8,-999.9,-88.8
840,-0.3,23.7,32.9,45,888.8,-88.8,-999.9,-88.8
841,-0.3,23.7,32.9,45.2,888.8,-88.8,-999.9,-88.8
842,-0.3,23.6,32.8,45.5,888.8,-88.8,-999.9,-88.8
843,-0.3,23.6,32.8,45,888.8,-88.8,-999.9,-88.8
844,-0.3,23.5,32.8,45,888.8,-88.8,-999.9,-88.8
845,-0.3,23.5,32.8,44.9,888.8,-88.8,-999.9,-88.8
846,-0.2,23.4,32.8,44.3,888.8,-88.8,-999.9,-88.8
847,-0.2,23.4,32.7,43.2,888.8,-88.8,-999.9,-88.8
848,-0.2,23.4,32.7,42.3,888.8,-88.8,-999.9,-88.8
849,-0.2,23.4,32.7,41.7,888.8,-88.8,-999.9,-88.8
850,-0.2,23.4,32.7,40.9,888.8,-88.8,-999.9,-88.8
851,-0.2,23.4,32.7,40.1,888.8,-88.8,-999.9,-88.8
852,-0.2,23.4,32.7,39.4,888.8,-88.8,-999.9,-88.8
853,-0.2,23.3,32.7,38.8,888.8,-88.8,-999.9,-88.8
854,-0.2,23.3,32.7,38.7,888.8,-88.8,-999.9,-88.8
855,-0.2,23.3,32.7,38.5,888.8,-88.8,-999.9,-88.8
856,-0.1,23.3,32.7,38.6,888.8,-88.8,-999.9,-88.8
857,-0.1,23.2,32.7,38.7,888.8,-88.8,-999.9,-88.8
858,-0.1,23.2,32.6,38.1,888.8,-88.8,-999.9,-88.8
859,-0.1,23.1,32.6,38.7,888.8,-88.8,-999.9,-88.8
900,-0.1,23.1,32.6,39.4,888.8,-88.8,-999.9,-88.8
901,-0.1,23.1,32.6,40.3,888.8,-88.8,-999.9,-88.8
902,-0.1,23,32.5,41,888.8,-88.8,-999.9,-88.8
903,-0.1,23,32.5,42.8,888.8,-88.8,-999.9,-88.8
904,0,22.9,32.5,44,888.8,-88.8,-999.9,-88.8
905,0,22.9,32.4,45,888.8,-88.8,-999.9,-88.8
906,0,22.8,32.4,45.8,888.8,-88.8,-999.9,-88.8
907,0,22.8,32.4,47.5,888.8,-88.8,-999.9,-88.8
908,0,22.7,32.4,48.4,888.8,-88.8,-999.9,-88.8
909,0,22.7,32.4,48.9,888.8,-88.8,-999.9,-88.8
910,0,22.7,32.4,46.9,888.8,-88.8,-999.9,-88.8
911,0,22.7,32.4,45.8,888.8,-88.8,-999.9,-88.8
912,0,22.7,32.4,45.4,888.8,-88.8,-999.9,-88.8
913,0,22.7,32.3,45,888.8,-88.8,-999.9,-88.8
914,0,22.7,32.3,44.5,888.8,-88.8,-999.9,-88.8
915,0.1,22.7,32.3,44.2,888.8,-88.8,-999.9,-88.8
916,0.1,22.7,32.3,43.6,888.8,-88.8,-999.9,-88.8
917,0.1,22.7,32.3,43,888.8,-88.8,-999.9,-88.8
918,0.2,22.7,32.3,42.5,888.8,-88.8,-999.9,-88.8
919,0.1,22.7,32.3,42.1,888.8,-88.8,-999.9,-88.8
920,0.2,22.7,32.3,41.4,888.8,-88.8,-999.9,-88.8
921,0.2,22.7,32.3,40.7,888.8,-88.8,-999.9,-88.8
922,0.3,22.7,32.3,40.2,888.8,-88.8,-999.9,-88.8
923,0.3,22.7,32.3,39.6,888.8,-88.8,-999.9,-88.8
924,0.3,22.7,32.3,39,888.8,-88.8,-999.9,-88.8
925,0.3,22.7,32.3,38.5,888.8,-88.8,-999.9,-88.8
926,0.3,22.7,32.3,38.1,888.8,-88.8,-999.9,-88.8
927,0.4,22.7,32.3,37.6,888.8,-88.8,-999.9,-88.8
928,0.4,22.7,32.3,37.2,888.8,-88.8,-999.9,-88.8
929,0.4,22.7,32.3,36.7,888.8,-88.8,-999.9,-88.8
930,0.4,22.7,32.3,36.4,888.8,-88.8,-999.9,-88.8
931,0.4,22.7,32.3,36.1,888.8,-88.8,-999.9,-88.8
932,0.5,22.7,32.3,36.6,888.8,-88.8,-999.9,-88.8
933,0.5,22.7,32.3,34.6,888.8,-88.8,-999.9,-88.8
934,0.5,22.7,32.3,35.9,888.8,-88.8,-999.9,-88.8
935,0.5,22.8,32.3,37.3,888.8,-88.8,-999.9,-88.8
936,0.6,22.7,32.3,36.9,888.8,-88.8,-999.9,-88.8
937,0.6,22.8,32.3,35.6,888.8,-88.8,-999.9,-88.8
938,0.6,22.8,32.4,34.7,888.8,-88.8,-999.9,-88.8
939,0.6,22.8,32.3,34,888.8,-88.8,-999.9,-88.8
940,0.6,22.8,32.3,33.2,888.8,-88.8,-999.9,-88.8
941,0.7,22.8,32.3,32.5,888.8,-88.8,-999.9,-88.8
942,0.7,22.8,32.3,31.9,888.8,-88.8,-999.9,-88.8
943,0.7,22.8,32.3,31.4,888.8,-88.8,-999.9,-88.8
944,0.8,22.8,32.3,31.2,888.8,-88.8,-999.9,-88.8
945,0.8,22.8,32.3,31.4,888.8,-88.8,-999.9,-88.8
946,0.8,22.8,32.3,32,888.8,-88.8,-999.9,-88.8
947,0.8,22.8,32.3,33.6,888.8,-88.8,-999.9,-88.8
948,0.9,22.8,32.3,36.2,888.8,-88.8,-999.9,-88.8
949,0.9,22.8,32.3,38,888.8,-88.8,-999.9,-88.8
950,0.9,22.8,32.3,37.8,888.8,-88.8,-999.9,-88.8
951,0.9,22.8,32.3,36.1,888.8,-88.8,-999.9,-88.8
952,0.9,22.8,32.3,36,888.8,-88.8,-999.9,-88.8
953,0.9,22.8,32.3,36.4,888.8,-88.8,-999.9,-88.8
954,1,22.8,32.3,36.3,888.8,-88.8,-999.9,-88.8
955,1,22.8,32.3,36.3,888.8,-88.8,-999.9,-88.8
956,1,22.8,32.3,36.8,888.8,-88.8,-999.9,-88.8
957,1,22.8,32.3,39.6,888.8,-88.8,-999.9,-88.8
958,1.1,22.8,32.3,38.3,888.8,-88.8,-999.9,-88.8
959,1.1,22.8,32.3,37.6,888.8,-88.8,-999.9,-88.8
1000,1.1,22.8,32.3,37.8,888.8,-88.8,-999.9,-88.8
1001,1.1,22.7,32.3,37.9,888.8,-88.8,-999.9,-88.8
1002,1.2,22.8,32.3,37.7,888.8,-88.8,-999.9,-88.8
1003,1.2,22.7,32.3,37.5,888.8,-88.8,-999.9,-88.8
1004,1.2,22.7,32.3,37.5,888.8,-88.8,-999.9,-88.8
1005,1.2,22.7,32.3,37.4,888.8,-88.8,-999.9,-88.8
1006,1.2,22.7,32.3,37.5,888.8,-88.8,-999.9,-88.8
1007,1.3,22.7,32.3,39.9,888.8,-88.8,-999.9,-88.8
1008,1.3,22.7,32.3,38.6,888.8,-88.8,-999.9,-88.8
1009,1.3,22.7,32.3,37.7,888.8,-88.8,-999.9,-88.8
1010,1.3,22.7,32.3,37.8,888.8,-88.8,-999.9,-88.8
1011,1.3,22.7,32.3,37.7,888.8,-88.8,-999.9,-88.8
1012,1.4,22.7,32.3,37.4,888.8,-88.8,-999.9,-88.8
1013,1.4,22.7,32.3,37.2,888.8,-88.8,-999.9,-88.8
1014,1.4,22.7,32.3,37.1,888.8,-88.8,-999.9,-88.8
1015,1.5,22.7,32.3,36.9,888.8,-88.8,-999.9,-88.8
1016,1.5,22.7,32.3,36.8,888.8,-88.8,-999.9,-88.8
1017,1.5,22.7,32.3,36.6,888.8,-88.8,-999.9,-88.8
1018,1.5,22.7,32.3,36.5,888.8,-88.8,-999.9,-88.8
1019,1.5,22.7,32.3,36.5,888.8,-88.8,-999.9,-88.8
1020,1.6,22.7,32.3,36.4,888.8,-88.8,-999.9,-88.8
1021,1.6,22.7,32.3,36.3,888.8,-88.8,-999.9,-88.8
1022,1.6,22.7,32.3,36.3,888.8,-88.8,-999.9,-88.8
1023,1.6,22.7,32.3,36.2,888.8,-88.8,-999.9,-88.8
1024,1.6,22.7,32.3,36.1,888.8,-88.8,-999.9,-88.8
1025,1.6,22.7,32.3,36.1,888.8,-88.8,-999.9,-88.8
1026,1.7,22.7,32.3,36,888.8,-88.8,-999.9,-88.8
1027,1.7,22.7,32.3,35.9,888.8,-88.8,-999.9,-88.8
1028,1.7,22.7,32.3,35.9,888.8,-88.8,-999.9,-88.8
1029,1.7,22.7,32.3,35.8,888.8,-88.8,-999.9,-88.8
1030,1.7,22.7,32.4,35.8,888.8,-88.8,-999.9,-88.8
1031,1.7,22.7,32.3,35.8,888.8,-88.8,-999.9,-88.8
1032,1.7,22.8,32.3,35.7,888.8,-88.8,-999.9,-88.8
1033,1.8,22.7,32.3,35.6,888.8,-88.8,-999.9,-88.8
1034,1.8,22.8,32.3,35.6,888.8,-88.8,-999.9,-88.8
1035,1.8,22.8,32.3,35.5,888.8,-88.8,-999.9,-88.8
1036,1.9,22.8,32.4,35.4,888.8,-88.8,-999.9,-88.8
1037,1.9,22.7,32.4,35.4,888.8,-88.8,-999.9,-88.8
1038,2,22.8,32.4,35.3,888.8,-88.8,-999.9,-88.8
1039,2.1,22.8,32.4,35.3,888.8,-88.8,-999.9,-88.8
1040,2.1,22.8,32.3,35.2,888.8,-88.8,-999.9,-88.8
1041,2.2,22.8,32.4,35.2,888.8,-88.8,-999.9,-88.8
1042,2.3,22.8,32.4,35.1,888.8,-88.8,-999.9,-88.8
1043,2.4,22.8,32.4,35.1,888.8,-88.8,-999.9,-88.8
1044,2.5,22.8,32.4,35,888.8,-88.8,-999.9,-88.8
1045,2.7,22.8,32.4,35,888.8,-88.8,-999.9,-88.8
1046,2.8,22.8,32.4,35,888.8,-88.8,-999.9,-88.8
1047,2.9,22.8,32.5,34.9,888.8,-88.8,-999.9,-88.8
1048,3.1,22.8,32.4,34.9,888.8,-88.8,-999.9,-88.8
1049,3.2,22.8,32.5,34.9,888.8,-88.8,-999.9,-88.8
1050,3.4,22.8,32.4,34.9,888.8,-88.8,-999.9,-88.8
1051,3.5,22.8,32.5,34.9,888.8,-88.8,-999.9,-88.8
1052,3.6,22.8,32.5,34.9,888.8,-88.8,-999.9,-88.8
1053,3.8,22.8,32.5,34.9,888.8,-88.8,-999.9,-88.8
1054,4,22.8,32.5,34.9,888.8,-88.8,-999.9,-88.8
1055,4.1,22.8,32.5,34.7,888.8,-88.8,-999.9,-88.8
1056,4.3,22.8,32.5,35,888.8,-88.8,-999.9,-88.8
1057,4.5,22.8,32.5,34.5,888.8,-88.8,-999.9,-88.8
1058,4.6,22.8,32.4,34.5,888.8,-88.8,-999.9,-88.8
1059,4.8,22.7,32.4,34.4,888.8,-88.8,-999.9,-88.8
1100,5,22.6,32.3,34.4,888.8,-88.8,-999.9,-88.8
1101,5.1,22.5,32.3,34.4,888.8,-88.8,-999.9,-88.8
1102,5.3,22.5,32.3,30.3,888.8,-88.8,-999.9,-88.8
1103,5.5,22.4,32.3,28.3,888.8,-88.8,-999.9,-88.8
1104,5.6,22.4,32.3,31.7,888.8,-88.8,-999.9,-88.8
1105,5.8,22.4,32.3,30.2,888.8,-88.8,-999.9,-88.8
1106,6,22.4,32.3,31.8,888.8,-88.8,-999.9,-88.8
1107,6.1,22.4,32.3,31.2,888.8,-88.8,-999.9,-88.8
1108,6.2,22.4,32.3,29.8,888.8,-88.8,-999.9,-88.8
1109,6.3,22.4,32.3,29.5,888.8,-88.8,-999.9,-88.8
1110,6.5,22.4,32.3,29.6,888.8,-88.8,-999.9,-88.8
1111,6.6,22.4,32.3,29.9,888.8,-88.8,-999.9,-88.8
1112,6.7,22.4,32.3,30.4,888.8,-88.8,-999.9,-88.8
1113,6.9,22.4,32.4,31,888.8,-88.8,-999.9,-88.8
1114,7,22.4,32.3,31.8,888.8,-88.8,-999.9,-88.8
1115,7.1,22.4,32.4,34.4,888.8,-88.8,-999.9,-88.8
1116,7.3,22.4,32.4,36.5,888.8,-88.8,-999.9,-88.8
1117,7.4,22.4,32.4,35.5,888.8,-88.8,-999.9,-88.8
1118,7.5,22.4,32.4,34,888.8,-88.8,-999.9,-88.8
1119,7.6,22.4,32.4,33.6,888.8,-88.8,-999.9,-88.8
1120,7.7,22.3,32.4,33.3,888.8,-88.8,-999.9,-88.8
1121,7.8,22.4,32.4,32.8,888.8,-88.8,-999.9,-88.8
1122,7.9,22.4,32.4,32.2,888.8,-88.8,-999.9,-88.8
1123,8,22.3,32.4,32.1,888.8,-88.8,-999.9,-88.8
1124,8.1,22.4,32.4,32.3,888.8,-88.8,-999.9,-88.8
1125,8.2,22.4,32.4,34.6,888.8,-88.8,-999.9,-88.8
1126,8.2,22.4,32.4,33.9,888.8,-88.8,-999.9,-88.8
1127,8.3,22.4,32.5,32.6,888.8,-88.8,-999.9,-88.8
1128,8.4,22.4,32.5,32.3,888.8,-88.8,-999.9,-88.8
1129,8.4,22.4,32.5,32.2,888.8,-88.8,-999.9,-88.8
1130,8.5,22.4,32.5,32,888.8,-88.8,-999.9,-88.8
1131,8.7,22.4,32.5,32,888.8,-88.8,-999.9,-88.8
1132,8.7,22.4,32.5,32,888.8,-88.8,-999.9,-88.8
1133,8.8,22.4,32.5,32,888.8,-88.8,-999.9,-88.8
1134,8.9,22.4,32.5,32.3,888.8,-88.8,-999.9,-88.8
1135,9,22.4,32.5,34.9,888.8,-88.8,-999.9,-88.8
1136,9.1,22.4,32.5,35.4,888.8,-88.8,-999.9,-88.8
1137,9.2,22.4,32.5,33.7,888.8,-88.8,-999.9,-88.8
1138,9.3,22.4,32.6,33.2,888.8,-88.8,-999.9,-88.8
1139,9.4,22.4,32.5,33,888.8,-88.8,-999.9,-88.8
1140,9.4,22.4,32.5,32.7,888.8,-88.8,-999.9,-88.8
1141,9.6,22.4,32.6,32.5,888.8,-88.8,-999.9,-88.8
1142,9.7,22.4,32.5,32.4,888.8,-88.8,-999.9,-88.8
1143,9.8,22.4,32.5,32.4,888.8,-88.8,-999.9,-88.8
1144,9.8,22.4,32.5,30.2,888.8,-88.8,-999.9,-88.8
1145,9.9,22.4,32.5,27.3,888.8,-88.8,-999.9,-88.8
1146,10.1,22.4,32.5,26.4,888.8,-88.8,-999.9,-88.8
1147,10.2,22.3,32.6,26,888.8,-88.8,-999.9,-88.8
1148,10.3,22.4,32.6,25.7,888.8,-88.8,-999.9,-88.8
1149,10.3,22.3,32.6,26.5,888.8,-88.8,-999.9,-88.8
1150,10.4,22.3,32.6,30.8,888.8,-88.8,-999.9,-88.8
1151,10.5,22.3,32.6,31.9,888.8,-88.8,-999.9,-88.8
1152,10.5,22.3,32.6,32.8,888.8,-88.8,-999.9,-88.8
1153,10.6,22.3,32.6,33.2,888.8,-88.8,-999.9,-88.8
1154,10.6,22.3,32.6,32.9,888.8,-88.8,-999.9,-88.8
1155,10.7,22.3,32.6,31.5,888.8,-88.8,-999.9,-88.8
1156,10.7,22.4,32.6,31,888.8,-88.8,-999.9,-88.8
1157,10.8,22.4,32.6,30.9,888.8,-88.8,-999.9,-88.8
1158,10.9,22.3,32.6,30.7,888.8,-88.8,-999.9,-88.8
1159,11,22.3,32.6,30.5,888.8,-88.8,-999.9,-88.8
1200,11.2,22.4,32.7,30.5,888.8,-88.8,-999.9,-88.8
1201,11.2,22.4,32.6,30.4,888.8,-88.8,-999.9,-88.8
1202,11.4,22.4,32.6,30.4,888.8,-88.8,-999.9,-88.8
1203,11.5,22.4,32.6,32.3,888.8,-88.8,-999.9,-88.8
1204,11.6,22.4,32.6,32.7,888.8,-88.8,-999.9,-88.8
1205,11.8,22.4,32.7,31.2,888.8,-88.8,-999.9,-88.8
1206,11.9,22.4,32.7,30.9,888.8,-88.8,-999.9,-88.8
1207,12.1,22.4,32.6,30.8,888.8,-88.8,-999.9,-88.8
1208,12.2,22.4,32.7,30.6,888.8,-88.8,-999.9,-88.8
1209,12.4,22.4,32.7,30.3,888.8,-88.8,-999.9,-88.8
1210,12.5,22.4,32.7,30.2,888.8,-88.8,-999.9,-88.8
1211,12.7,22.4,32.7,30.1,888.8,-88.8,-999.9,-88.8
1212,12.8,22.4,32.7,30,888.8,-88.8,-999.9,-88.8
1213,13,22.4,32.7,31.8,888.8,-88.8,-999.9,-88.8
1214,13.1,22.4,32.7,32.5,888.8,-88.8,-999.9,-88.8
1215,13.3,22.4,32.7,31,888.8,-88.8,-999.9,-88.8
1216,13.6,22.4,32.7,30.5,888.8,-88.8,-999.9,-88.8
1217,13.7,22.4,32.7,30.4,888.8,-88.8,-999.9,-88.8
1218,13.9,22.4,32.7,30.2,888.8,-88.8,-999.9,-88.8
1219,14.1,22.4,32.7,30,888.8,-88.8,-999.9,-88.8
1220,14.2,22.4,32.7,29.9,888.8,-88.8,-999.9,-88.8
1221,14.4,22.4,32.7,29.8,888.8,-88.8,-999.9,-88.8
1222,14.6,22.4,32.7,29.7,888.8,-88.8,-999.9,-88.8
1223,14.8,22.4,32.7,31.5,888.8,-88.8,-999.9,-88.8
1224,15.1,22.4,32.7,33,888.8,-88.8,-999.9,-88.8
1225,15.2,22.4,32.7,31.2,888.8,-88.8,-999.9,-88.8
1226,15.4,22.4,32.7,30.6,888.8,-88.8,-999.9,-88.8
1227,15.6,22.4,32.7,30.5,888.8,-88.8,-999.9,-88.8
1228,15.8,22.4,32.7,30.3,888.8,-88.8,-999.9,-88.8
1229,16.1,22.4,32.7,30,888.8,-88.8,-999.9,-88.8
1230,16.3,22.4,32.7,29.9,888.8,-88.8,-999.9,-88.8
1231,16.5,22.5,32.7,29.8,888.8,-88.8,-999.9,-88.8
1232,16.7,22.5,32.7,29.7,888.8,-88.8,-999.9,-88.8
1233,16.9,22.5,32.7,31.6,888.8,-88.8,-999.9,-88.8
1234,17.1,22.5,32.7,33,888.8,-88.8,-999.9,-88.8
1235,17.3,22.5,32.7,31.3,888.8,-88.8,-999.9,-88.8
1236,17.5,22.5,32.7,30.7,888.8,-88.8,-999.9,-88.8
1237,17.7,22.5,32.7,30.7,888.8,-88.8,-999.9,-88.8
1238,17.9,22.5,32.7,30.4,888.8,-88.8,-999.9,-88.8
1239,18,22.5,32.7,30.2,888.8,-88.8,-999.9,-88.8
1240,18.2,22.5,32.7,30.1,888.8,-88.8,-999.9,-88.8
1241,18.4,22.5,32.7,30,888.8,-88.8,-999.9,-88.8
1242,18.6,22.5,32.7,30,888.8,-88.8,-999.9,-88.8
1243,18.7,22.5,32.7,31.7,888.8,-88.8,-999.9,-88.8
1244,18.9,22.5,32.7,33.8,888.8,-88.8,-999.9,-88.8
1245,19,22.5,32.6,35.9,888.8,-88.8,-999.9,-88.8
1246,19.1,22.5,32.7,36.2,888.8,-88.8,-999.9,-88.8
1247,19.3,22.5,32.7,33.6,888.8,-88.8,-999.9,-88.8
1248,19.3,22.5,32.6,32.9,888.8,-88.8,-999.9,-88.8
1249,19.5,22.5,32.7,32.7,888.8,-88.8,-999.9,-88.8
1250,19.6,22.5,32.7,32.3,888.8,-88.8,-999.9,-88.8
1251,19.8,22.5,32.6,32.1,888.8,-88.8,-999.9,-88.8
1252,19.9,22.5,32.7,32,888.8,-88.8,-999.9,-88.8
1253,20,22.5,32.6,33.7,888.8,-88.8,-999.9,-88.8
1254,20.2,22.5,32.6,35.4,888.8,-88.8,-999.9,-88.8
1255,20.3,22.5,32.6,33.8,888.8,-88.8,-999.9,-88.8
1256,20.5,22.5,32.7,33,888.8,-88.8,-999.9,-88.8
1257,20.6,22.5,32.6,32.9,888.8,-88.8,-999.9,-88.8
1258,20.7,22.5,32.7,32.6,888.8,-88.8,-999.9,-88.8
1259,20.9,22.5,32.6,32.3,888.8,-88.8,-999.9,-88.8
1300,21,22.5,32.6,32.2,888.8,-88.8,-999.9,-88.8
1301,21.2,22.6,32.6,32.2,888.8,-88.8,-999.9,-88.8
1302,21.3,22.6,32.6,32,888.8,-88.8,-999.9,-88.8
1303,21.4,22.6,32.6,33.3,888.8,-88.8,-999.9,-88.8
1304,21.5,22.6,32.6,35.1,888.8,-88.8,-999.9,-88.8
1305,21.5,22.6,32.6,33.7,888.8,-88.8,-999.9,-88.8
1306,21.6,22.6,32.6,32.7,888.8,-88.8,-999.9,-88.8
1307,21.7,22.6,32.6,32.5,888.8,-88.8,-999.9,-88.8
1308,21.7,22.6,32.6,32.2,888.8,-88.8,-999.9,-88.8
1309,21.8,22.6,32.6,31.9,888.8,-88.8,-999.9,-88.8
1310,21.8,22.6,32.6,31.7,888.8,-88.8,-999.9,-88.8
1311,21.8,22.6,32.6,31.6,888.8,-88.8,-999.9,-88.8
1312,21.6,22.6,32.6,31.5,888.8,-88.8,-999.9,-88.8
1313,21.6,22.6,32.6,32.5,888.8,-88.8,-999.9,-88.8
1314,21.7,22.6,32.6,34.5,888.8,-88.8,-999.9,-88.8
1315,21.7,22.6,32.6,33.5,888.8,-88.8,-999.9,-88.8
1316,21.6,22.6,32.6,32,888.8,-88.8,-999.9,-88.8
1317,21.6,22.6,32.6,31.7,888.8,-88.8,-999.9,-88.8
1318,21.5,22.6,32.6,31.6,888.8,-88.8,-999.9,-88.8
1319,21.6,22.6,32.5,31.3,888.8,-88.8,-999.9,-88.8
1320,21.6,22.6,32.5,31.1,888.8,-88.8,-999.9,-88.8
1321,21.5,22.5,32.5,31,888.8,-88.8,-999.9,-88.8
1322,21.5,22.5,32.5,31,888.8,-88.8,-999.9,-88.8
1323,21.6,22.5,32.5,32,888.8,-88.8,-999.9,-88.8
1324,21.6,22.5,32.5,34.4,888.8,-88.8,-999.9,-88.8
1325,21.8,22.5,32.4,34,888.8,-88.8,-999.9,-88.8
1326,21.9,22.4,32.4,32.4,888.8,-88.8,-999.9,-88.8
1327,22.1,22.4,32.4,32.2,888.8,-88.8,-999.9,-88.8
1328,22.2,22.4,32.4,32.2,888.8,-88.8,-999.9,-88.8
1329,22.4,22.4,32.4,32.2,888.8,-88.8,-999.9,-88.8
1330,22.6,22.4,32.4,32,888.8,-88.8,-999.9,-88.8
1331,22.8,22.4,32.4,32,888.8,-88.8,-999.9,-88.8
1332,23,22.4,32.4,31.9,888.8,-88.8,-999.9,-88.8
1333,23.1,22.4,32.4,32.7,888.8,-88.8,-999.9,-88.8
1334,23.3,22.4,32.4,34.6,888.8,-88.8,-999.9,-88.8
1335,23.6,22.4,32.4,36.3,888.8,-88.8,-999.9,-88.8
1336,24,22.4,32.4,33.9,888.8,-88.8,-999.9,-88.8
1337,24.4,22.4,32.4,32.5,888.8,-88.8,-999.9,-88.8
1338,24.8,22.4,32.4,32.2,888.8,-88.8,-999.9,-88.8
1339,25.1,22.4,32.4,31.8,888.8,-88.8,-999.9,-88.8
1340,25.4,22.4,32.4,31.5,888.8,-88.8,-999.9,-88.8
1341,25.6,22.4,32.4,31.3,888.8,-88.8,-999.9,-88.8
1342,25.7,22.5,32.4,31.3,888.8,-88.8,-999.9,-88.8
1343,25.8,22.5,32.4,32.2,888.8,-88.8,-999.9,-88.8
1344,25.9,22.5,32.4,34.2,888.8,-88.8,-999.9,-88.8
1345,26,22.5,32.4,36.4,888.8,-88.8,-999.9,-88.8
1346,26.1,22.5,32.4,37.3,888.8,-88.8,-999.9,-88.8
1347,26.1,22.5,32.4,34.6,888.8,-88.8,-999.9,-88.8
1348,26.1,22.5,32.4,33.3,888.8,-88.8,-999.9,-88.8
1349,26,22.5,32.4,33.2,888.8,-88.8,-999.9,-88.8
1350,26,22.5,32.4,33,888.8,-88.8,-999.9,-88.8
1351,25.9,22.5,32.4,32.7,888.8,-88.8,-999.9,-88.8
1352,25.8,22.5,32.4,32.7,888.8,-88.8,-999.9,-88.8
1353,25.7,22.5,32.4,33.6,888.8,-88.8,-999.9,-88.8
1354,25.6,22.5,32.4,35.3,888.8,-88.8,-999.9,-88.8
1355,25.5,22.5,32.3,34.2,888.8,-88.8,-999.9,-88.8
1356,25.4,22.5,32.4,33.2,888.8,-88.8,-999.9,-88.8
1357,25.2,22.5,32.3,33,888.8,-88.8,-999.9,-88.8
1358,25.1,22.5,32.3,32.9,888.8,-88.8,-999.9,-88.8
1359,24.8,22.5,32.3,32.7,888.8,-88.8,-999.9,-88.8
1400,24.7,22.5,32.3,32.5,888.8,-88.8,-999.9,-88.8
1401,24.6,22.5,32.3,32.3,888.8,-88.8,-999.9,-88.8
1402,24.7,22.5,32.3,29.6,888.8,-88.8,-999.9,-88.8
1403,24.8,22.5,32.3,26.2,888.8,-88.8,-999.9,-88.8
1404,25,22.5,32.3,27.2,888.8,-88.8,-999.9,-88.8
1405,25.3,22.5,32.3,26.6,888.8,-88.8,-999.9,-88.8
1406,25.6,22.5,32.3,26.2,888.8,-88.8,-999.9,-88.8
1407,25.9,22.5,32.3,26.3,888.8,-88.8,-999.9,-88.8
1408,26.2,22.5,32.3,26.3,888.8,-88.8,-999.9,-88.8
1409,26.3,22.6,32.3,26.2,888.8,-88.8,-999.9,-88.8
1410,26.5,22.5,32.3,26.2,888.8,-88.8,-999.9,-88.8
1411,26.6,22.5,32.3,26.3,888.8,-88.8,-999.9,-88.8
1412,26.6,22.6,32.3,26.4,888.8,-88.8,-999.9,-88.8
1413,26.6,22.6,32.3,27.1,888.8,-88.8,-999.9,-88.8
1414,26.7,22.6,32.3,28.2,888.8,-88.8,-999.9,-88.8
1415,26.6,22.6,32.3,28.8,888.8,-88.8,-999.9,-88.8
1416,26.6,22.6,32.3,29.4,888.8,-88.8,-999.9,-88.8
1417,26.6,22.6,32.3,30,888.8,-88.8,-999.9,-88.8
1418,26.7,22.6,32.3,30.8,888.8,-88.8,-999.9,-88.8
1419,26.6,22.6,32.3,31.5,888.8,-88.8,-999.9,-88.8
1420,26.6,22.6,32.3,32.3,888.8,-88.8,-999.9,-88.8
1421,26.6,22.6,32.3,33.1,888.8,-88.8,-999.9,-88.8
1422,26.6,22.6,32.3,33.9,888.8,-88.8,-999.9,-88.8
1423,26.5,22.6,32.3,34.5,888.8,-88.8,-999.9,-88.8
1424,26.4,22.6,32.3,35.1,888.8,-88.8,-999.9,-88.8
1425,26.3,22.6,32.3,35.7,888.8,-88.8,-999.9,-88.8
1426,26.2,22.6,32.3,35.9,888.8,-88.8,-999.9,-88.8
1427,26.1,22.6,32.3,36.6,888.8,-88.8,-999.9,-88.8
1428,25.9,22.6,32.3,37.2,888.8,-88.8,-999.9,-88.8
1429,25.8,22.6,32.3,37.6,888.8,-88.8,-999.9,-88.8
1430,25.7,22.6,32.3,37,888.8,-88.8,-999.9,-88.8
1431,25.5,22.6,32.3,36.5,888.8,-88.8,-999.9,-88.8
1432,25.3,22.6,32.3,36.2,888.8,-88.8,-999.9,-88.8
1433,25.1,22.6,32.3,35.8,888.8,-88.8,-999.9,-88.8
1434,24.9,22.6,32.3,35.6,888.8,-88.8,-999.9,-88.8
1435,24.5,22.7,32.3,35.6,888.8,-88.8,-999.9,-88.8
1436,24.3,22.6,32.3,36,888.8,-88.8,-999.9,-88.8
1437,24.1,22.6,32.3,36.3,888.8,-88.8,-999.9,-88.8
1438,23.7,22.6,32.3,35.6,888.8,-88.8,-999.9,-88.8
1439,23.4,22.6,32.3,35,888.8,-88.8,-999.9,-88.8
1440,23.2,22.6,32.3,34.7,888.8,-88.8,-999.9,-88.8
1441,22.9,22.6,32.3,34.5,888.8,-88.8,-999.9,-88.8
1442,22.7,22.6,32.3,34.1,888.8,-88.8,-999.9,-88.8
1443,22.5,22.6,32.3,33.8,888.8,-88.8,-999.9,-88.8
1444,22.4,22.6,32.3,33.5,888.8,-88.8,-999.9,-88.8
1445,22.1,22.7,32.2,33.1,888.8,-88.8,-999.9,-88.8
1446,21.9,22.6,32.3,32.5,888.8,-88.8,-999.9,-88.8
1447,21.6,22.6,32.2,33,888.8,-88.8,-999.9,-88.8
1448,21.5,22.6,32.2,33.6,888.8,-88.8,-999.9,-88.8
1449,21.2,22.6,32.2,34.4,888.8,-88.8,-999.9,-88.8
1450,21,22.6,32.2,35.1,888.8,-88.8,-999.9,-88.8
1451,20.8,22.6,32.2,35.6,888.8,-88.8,-999.9,-88.8
1452,20.7,22.6,32.2,36.2,888.8,-88.8,-999.9,-88.8
1453,20.5,22.6,32.2,36.1,888.8,-88.8,-999.9,-88.8
1454,20.3,22.6,32.2,35.6,888.8,-88.8,-999.9,-88.8
1455,20.2,22.6,32.2,35.3,888.8,-88.8,-999.9,-88.8
1456,20,22.6,32.2,35.4,888.8,-88.8,-999.9,-88.8
1457,19.9,22.6,32.2,36.1,888.8,-88.8,-999.9,-88.8
1458,19.7,22.6,32.2,36.8,888.8,-88.8,-999.9,-88.8
1459,19.6,22.6,32.2,36.3,888.8,-88.8,-999.9,-88.8
1500,19.4,22.6,32.2,35.8,888.8,-88.8,-999.9,-88.8
1501,19.3,22.6,32.2,35.6,888.8,-88.8,-999.9,-88.8
1502,19.2,22.6,32.2,35.4,888.8,-88.8,-999.9,-88.8
1503,19,22.6,32.2,34,888.8,-88.8,-999.9,-88.8
1504,18.9,22.6,32.2,32.9,888.8,-88.8,-999.9,-88.8
1505,18.7,22.6,32.2,32.5,888.8,-88.8,-999.9,-88.8
1506,18.6,22.6,32.2,32.3,888.8,-88.8,-999.9,-88.8
1507,18.5,22.6,32.2,32.8,888.8,-88.8,-999.9,-88.8
1508,18.3,22.6,32.2,33.2,888.8,-88.8,-999.9,-88.8
1509,18.1,22.7,32.2,33.7,888.8,-88.8,-999.9,-88.8
1510,18,22.6,32.2,34.2,888.8,-88.8,-999.9,-88.8
1511,17.9,22.7,32.2,34.4,888.8,-88.8,-999.9,-88.8
1512,17.7,22.6,32.2,34.8,888.8,-88.8,-999.9,-88.8
1513,17.7,22.7,32.2,34.5,888.8,-88.8,-999.9,-88.8
1514,17.7,22.7,32.2,34.1,888.8,-88.8,-999.9,-88.8
1515,17.7,22.7,32.2,33.9,888.8,-88.8,-999.9,-88.8
1516,17.8,22.7,32.2,34,888.8,-88.8,-999.9,-88.8
1517,17.8,22.7,32.2,34.7,888.8,-88.8,-999.9,-88.8
1518,17.8,22.7,32.2,35.4,888.8,-88.8,-999.9,-88.8
1519,17.7,22.7,32.1,35.2,888.8,-88.8,-999.9,-88.8
1520,17.7,22.7,32.2,34.7,888.8,-88.8,-999.9,-88.8
1521,17.6,22.7,32.1,34.3,888.8,-88.8,-999.9,-88.8
1522,17.5,22.7,32.1,34.1,888.8,-88.8,-999.9,-88.8
1523,17.4,22.7,32.2,33.9,888.8,-88.8,-999.9,-88.8
1524,17.4,22.7,32.1,33.7,888.8,-88.8,-999.9,-88.8
1525,17.4,22.7,32.1,33.6,888.8,-88.8,-999.9,-88.8
1526,17.3,22.6,32.1,33.3,888.8,-88.8,-999.9,-88.8
1527,17.3,22.7,32.1,33.1,888.8,-88.8,-999.9,-88.8
1528,17.2,22.7,32.1,32.8,888.8,-88.8,-999.9,-88.8
1529,17,22.7,32.1,32.8,888.8,-88.8,-999.9,-88.8
1530,17,22.7,32.1,32.6,888.8,-88.8,-999.9,-88.8
1531,16.8,22.7,32.1,32.3,888.8,-88.8,-999.9,-88.8
1532,16.7,22.7,32.1,32.3,888.8,-88.8,-999.9,-88.8
1533,16.6,22.7,32.1,32.2,888.8,-88.8,-999.9,-88.8
1534,16.5,22.7,32.1,32,888.8,-88.8,-999.9,-88.8
1535,16.4,22.7,32.1,31.8,888.8,-88.8,-999.9,-88.8
1536,16.3,22.7,32,31.6,888.8,-88.8,-999.9,-88.8
1537,16.2,22.7,32,31.5,888.8,-88.8,-999.9,-88.8
1538,16.1,22.6,32.1,31.2,888.8,-88.8,-999.9,-88.8
1539,16,22.7,32.1,31.1,888.8,-88.8,-999.9,-88.8
1540,15.8,22.7,32.1,31.5,888.8,-88.8,-999.9,-88.8
1541,15.7,22.7,32.1,31.3,888.8,-88.8,-999.9,-88.8
1542,15.6,22.7,32.1,31.2,888.8,-88.8,-999.9,-88.8
1543,15.5,22.7,32.1,31.2,888.8,-88.8,-999.9,-88.8
1544,15.3,22.7,32.1,31.3,888.8,-88.8,-999.9,-88.8
1545,15.2,22.7,32.1,31.2,888.8,-88.8,-999.9,-88.8
1546,15.1,22.7,32.1,31,888.8,-88.8,-999.9,-88.8
1547,15,22.7,32,31,888.8,-88.8,-999.9,-88.8
1548,15,22.7,32.1,30.8,888.8,-88.8,-999.9,-88.8
1549,14.9,22.7,32.1,30.7,888.8,-88.8,-999.9,-88.8
1550,14.8,22.7,32,31,888.8,-88.8,-999.9,-88.8
1551,14.8,22.7,32.1,31.5,888.8,-88.8,-999.9,-88.8
1552,14.7,22.8,32.1,32.2,888.8,-88.8,-999.9,-88.8
1553,14.6,22.7,32,33,888.8,-88.8,-999.9,-88.8
1554,14.5,22.7,32,33.8,888.8,-88.8,-999.9,-88.8
1555,14.5,22.7,32.1,34.5,888.8,-88.8,-999.9,-88.8
1556,14.5,22.7,32,34.5,888.8,-88.8,-999.9,-88.8
1557,14.4,22.7,32.1,34.7,888.8,-88.8,-999.9,-88.8
1558,14.3,22.7,32,35.4,888.8,-88.8,-999.9,-88.8
1559,14.2,22.7,32,35.4,888.8,-88.8,-999.9,-88.8
1600,14.2,22.7,32,35.3,888.8,-88.8,-999.9,-88.8
1601,14.1,22.7,32,35.1,888.8,-88.8,-999.9,-88.8
1602,14.1,22.7,32,34.9,888.8,-88.8,-999.9,-88.8
1603,14,22.7,32,34.5,888.8,-88.8,-999.9,-88.8
1604,13.9,22.8,32,34.1,888.8,-88.8,-999.9,-88.8
1605,13.8,22.8,32,33.8,888.8,-88.8,-999.9,-88.8
1606,13.7,22.8,32,33.5,888.8,-88.8,-999.9,-88.8
1607,13.5,22.8,32,33.3,888.8,-88.8,-999.9,-88.8
1608,13.5,22.8,32,33.1,888.8,-88.8,-999.9,-88.8
1609,13.4,22.8,32,32.9,888.8,-88.8,-999.9,-88.8
1610,13.3,22.8,32,32.6,888.8,-88.8,-999.9,-88.8
1611,13.2,22.8,32,32.4,888.8,-88.8,-999.9,-88.8
1612,13.1,22.8,32,32.2,888.8,-88.8,-999.9,-88.8
1613,13,22.8,32,32,888.8,-88.8,-999.9,-88.8
1614,12.9,22.8,32,32,888.8,-88.8,-999.9,-88.8
1615,12.9,22.8,32,31.8,888.8,-88.8,-999.9,-88.8
1616,12.8,22.8,32,31.5,888.8,-88.8,-999.9,-88.8
1617,12.7,22.8,32,31.4,888.8,-88.8,-999.9,-88.8
1618,12.5,22.8,32,31.2,888.8,-88.8,-999.9,-88.8
1619,12.3,22.8,32,27.3,888.8,-88.8,-999.9,-88.8
1620,12.3,22.8,32,25.9,888.8,-88.8,-999.9,-88.8
1621,12.3,22.8,32,25.4,888.8,-88.8,-999.9,-88.8
1622,12.1,22.8,32,25,888.8,-88.8,-999.9,-88.8
1623,12,22.8,32,24.8,888.8,-88.8,-999.9,-88.8
1624,11.8,22.8,32,30.3,888.8,-88.8,-999.9,-88.8
1625,11.7,22.8,32,29.9,888.8,-88.8,-999.9,-88.8
1626,11.5,22.8,32,29.8,888.8,-88.8,-999.9,-88.8
1627,11.4,22.8,32,30.3,888.8,-88.8,-999.9,-88.8
1628,11.3,22.8,32,31,888.8,-88.8,-999.9,-88.8
1629,11.1,22.8,32,31.6,888.8,-88.8,-999.9,-88.8
1630,11,22.8,32,32.3,888.8,-88.8,-999.9,-88.8
1631,10.8,22.8,32,33.2,888.8,-88.8,-999.9,-88.8
1632,10.7,22.8,32,33.8,888.8,-88.8,-999.9,-88.8
1633,10.5,22.8,31.9,34.4,888.8,-88.8,-999.9,-88.8
1634,10.4,22.9,32,34.9,888.8,-88.8,-999.9,-88.8
1635,10.2,22.8,31.9,35.4,888.8,-88.8,-999.9,-88.8
1636,10,22.8,32,35.8,888.8,-88.8,-999.9,-88.8
1637,9.8,22.8,31.9,36.1,888.8,-88.8,-999.9,-88.8
1638,9.7,22.9,32,36.2,888.8,-88.8,-999.9,-88.8
1639,9.5,22.8,31.9,36.3,888.8,-88.8,-999.9,-88.8
1640,9.4,22.9,32,36.5,888.8,-88.8,-999.9,-88.8
1641,9.2,22.9,31.9,36.4,888.8,-88.8,-999.9,-88.8
1642,9,22.9,32,36.3,888.8,-88.8,-999.9,-88.8
1643,8.8,22.8,32,36.1,888.8,-88.8,-999.9,-88.8
1644,8.6,22.9,32,35.9,888.8,-88.8,-999.9,-88.8
1645,8.4,22.9,32,35.6,888.8,-88.8,-999.9,-88.8
1646,8.3,22.9,32,35.4,888.8,-88.8,-999.9,-88.8
1647,8.1,22.9,32,35.2,888.8,-88.8,-999.9,-88.8
1648,8,22.9,31.9,35,888.8,-88.8,-999.9,-88.8
1649,7.8,22.9,31.9,34.8,888.8,-88.8,-999.9,-88.8
1650,7.6,22.9,32,34.6,888.8,-88.8,-999.9,-88.8
1651,7.5,22.9,32,34.5,888.8,-88.8,-999.9,-88.8
1652,7.3,22.9,31.9,34.4,888.8,-88.8,-999.9,-88.8
1653,7.1,22.9,32,34.2,888.8,-88.8,-999.9,-88.8
1654,7,22.9,31.9,34.2,888.8,-88.8,-999.9,-88.8
1655,6.8,22.9,31.9,34,888.8,-88.8,-999.9,-88.8
1656,6.7,22.9,31.9,33.9,888.8,-88.8,-999.9,-88.8
1657,6.5,22.9,31.9,33.8,888.8,-88.8,-999.9,-88.8
1658,6.4,22.9,31.9,33.7,888.8,-88.8,-999.9,-88.8
1659,6.2,22.9,31.9,33.6,888.8,-88.8,-999.9,-88.8
1700,6,22.9,32,33.5,888.8,-88.8,-999.9,-88.8
1701,5.9,23,31.9,33.4,888.8,-88.8,-999.9,-88.8
1702,5.7,22.9,31.9,33.3,888.8,-88.8,-999.9,-88.8
1703,5.6,23,32,33.2,888.8,-88.8,-999.9,-88.8
1704,5.5,22.9,31.9,33.1,888.8,-88.8,-999.9,-88.8
1705,5.3,23,31.9,33,888.8,-88.8,-999.9,-88.8
1706,5.2,23,32,32.9,888.8,-88.8,-999.9,-88.8
1707,5,23,32,32.9,888.8,-88.8,-999.9,-88.8
1708,4.9,23,32,32.8,888.8,-88.8,-999.9,-88.8
1709,4.7,23,32,32.7,888.8,-88.8,-999.9,-88.8
1710,4.6,23,32,32.7,888.8,-88.8,-999.9,-88.8
1711,4.5,23,32,32.6,888.8,-88.8,-999.9,-88.8
1712,4.3,23,32,32.6,888.8,-88.8,-999.9,-88.8
1713,4.2,23,32,32.5,888.8,-88.8,-999.9,-88.8
1714,4,23,32,32.5,888.8,-88.8,-999.9,-88.8
1715,3.9,23,32,32.7,888.8,-88.8,-999.9,-88.8
1716,3.8,23,32,33,888.8,-88.8,-999.9,-88.8
1717,3.6,23,32,33.3,888.8,-88.8,-999.9,-88.8
1718,3.5,23,32,32.2,888.8,-88.8,-999.9,-88.8
1719,3.4,23,32,32.7,888.8,-88.8,-999.9,-88.8
1720,3.3,23,32,33.9,888.8,-88.8,-999.9,-88.8
1721,3.1,23,32,35.1,888.8,-88.8,-999.9,-88.8
1722,3,23,32,35.9,888.8,-88.8,-999.9,-88.8
1723,2.9,23,32,36.4,888.8,-88.8,-999.9,-88.8
1724,2.8,23,32,36.9,888.8,-88.8,-999.9,-88.8
1725,2.7,23,32,37.1,888.8,-88.8,-999.9,-88.8
1726,2.6,23,31.9,36.8,888.8,-88.8,-999.9,-88.8
1727,2.5,23,32,36.6,888.8,-88.8,-999.9,-88.8
1728,2.4,23,32,36.5,888.8,-88.8,-999.9,-88.8
1729,2.3,23,32,36.5,888.8,-88.8,-999.9,-88.8
1730,2.2,23,32,36.4,888.8,-88.8,-999.9,-88.8
1731,2.1,23,32,36.2,888.8,-88.8,-999.9,-88.8
1732,2,23,32,35.9,888.8,-88.8,-999.9,-88.8
1733,1.9,23,32,35.6,888.8,-88.8,-999.9,-88.8
1734,1.8,23,32,35.4,888.8,-88.8,-999.9,-88.8
1735,1.7,23,32.1,35.1,888.8,-88.8,-999.9,-88.8
1736,1.6,23,32,34.9,888.8,-88.8,-999.9,-88.8
1737,1.6,23,32,34.7,888.8,-88.8,-999.9,-88.8
1738,1.5,23,32,34.4,888.8,-88.8,-999.9,-88.8
1739,1.4,23,32,34.2,888.8,-88.8,-999.9,-88.8
1740,1.3,23,32,34,888.8,-88.8,-999.9,-88.8
1741,1.2,23,32,33.9,888.8,-88.8,-999.9,-88.8
1742,1.1,23,32,33.8,888.8,-88.8,-999.9,-88.8
1743,1.1,23,32,33.9,888.8,-88.8,-999.9,-88.8
1744,1,23,32,34.2,888.8,-88.8,-999.9,-88.8
1745,0.9,23,32,34.5,888.8,-88.8,-999.9,-88.8
1746,0.8,23,31.9,34.9,888.8,-88.8,-999.9,-88.8
1747,0.7,22.8,31.8,35.1,888.8,-88.8,-999.9,-88.8
1748,0.6,22.8,31.8,35.4,888.8,-88.8,-999.9,-88.8
1749,0.6,22.7,31.8,35.8,888.8,-88.8,-999.9,-88.8
1750,0.5,22.7,31.8,36.1,888.8,-88.8,-999.9,-88.8
1751,0.4,22.6,31.7,36.3,888.8,-88.8,-999.9,-88.8
1752,0.4,22.6,31.7,35.8,888.8,-88.8,-999.9,-88.8
1753,0.3,22.6,31.8,36.1,888.8,-88.8,-999.9,-88.8
1754,0.2,22.6,31.8,36.4,888.8,-88.8,-999.9,-88.8
1755,0.1,22.6,31.7,36.5,888.8,-88.8,-999.9,-88.8
1756,0.1,22.5,31.7,36.6,888.8,-88.8,-999.9,-88.8
1757,0,22.5,31.7,36.7,888.8,-88.8,-999.9,-88.8
1758,0,22.5,31.7,36.7,888.8,-88.8,-999.9,-88.8
1759,0,22.5,31.7,36.5,888.8,-88.8,-999.9,-88.8
1800,-0.1,22.5,31.7,36.2,888.8,-88.8,-999.9,-88.8
1801,-0.2,22.5,31.7,35.9,888.8,-88.8,-999.9,-88.8
1802,-0.2,22.5,31.7,35.6,888.8,-88.8,-999.9,-88.8
1803,-0.3,22.5,31.7,35.4,888.8,-88.8,-999.9,-88.8
1804,-0.3,22.5,31.7,35.1,888.8,-88.8,-999.9,-88.8
1805,-0.4,22.5,31.7,34.8,888.8,-88.8,-999.9,-88.8
1806,-0.5,22.5,31.7,34.5,888.8,-88.8,-999.9,-88.8
1807,-0.5,22.5,31.7,34.2,888.8,-88.8,-999.9,-88.8
1808,-0.6,22.5,31.7,34,888.8,-88.8,-999.9,-88.8
1809,-0.6,22.5,31.7,33.9,888.8,-88.8,-999.9,-88.8
1810,-0.7,22.5,31.7,33.7,888.8,-88.8,-999.9,-88.8
1811,-0.7,22.5,31.7,33.6,888.8,-88.8,-999.9,-88.8
1812,-0.8,22.5,31.7,33.6,888.8,-88.8,-999.9,-88.8
1813,-0.8,22.5,31.8,33.6,888.8,-88.8,-999.9,-88.8
1814,-0.9,22.5,31.7,33.7,888.8,-88.8,-999.9,-88.8
1815,-0.9,22.5,31.7,33.9,888.8,-88.8,-999.9,-88.8
1816,-1,22.5,31.7,34.2,888.8,-88.8,-999.9,-88.8
1817,-1,22.5,31.7,34.5,888.8,-88.8,-999.9,-88.8
1818,-1.1,22.5,31.7,34.5,888.8,-88.8,-999.9,-88.8
1819,-1.1,22.5,31.7,35.2,888.8,-88.8,-999.9,-88.8
1820,-1.2,22.5,31.7,37.1,888.8,-88.8,-999.9,-88.8
1821,-1.2,22.5,31.8,37.9,888.8,-88.8,-999.9,-88.8
1822,-1.3,22.5,31.7,38.4,888.8,-88.8,-999.9,-88.8
1823,-1.3,22.5,31.8,38.5,888.8,-88.8,-999.9,-88.8
1824,-1.3,22.5,31.7,37.9,888.8,-88.8,-999.9,-88.8
1825,-1.4,22.5,31.8,37.5,888.8,-88.8,-999.9,-88.8
1826,-1.4,22.6,31.8,37.2,888.8,-88.8,-999.9,-88.8
1827,-1.5,22.5,31.8,37.1,888.8,-88.8,-999.9,-88.8
1828,-1.5,22.5,31.7,36.7,888.8,-88.8,-999.9,-88.8
1829,-1.5,22.6,31.7,36.6,888.8,-88.8,-999.9,-88.8
1830,-1.6,22.6,31.8,36.5,888.8,-88.8,-999.9,-88.8
1831,-1.6,22.6,31.7,36.2,888.8,-88.8,-999.9,-88.8
1832,-1.6,22.6,31.8,36,888.8,-88.8,-999.9,-88.8
1833,-1.6,22.6,31.8,35.8,888.8,-88.8,-999.9,-88.8
1834,-1.7,22.6,31.8,35.6,888.8,-88.8,-999.9,-88.8
1835,-1.8,22.6,31.7,35.3,888.8,-88.8,-999.9,-88.8
1836,-1.8,22.5,31.7,35.2,888.8,-88.8,-999.9,-88.8
1837,-1.8,22.5,31.6,34.9,888.8,-88.8,-999.9,-88.8
1838,-1.9,22.4,31.6,34.7,888.8,-88.8,-999.9,-88.8
1839,-1.9,22.3,31.5,34.5,888.8,-88.8,-999.9,-88.8
1840,-1.9,22.2,31.4,34.4,888.8,-88.8,-999.9,-88.8
1841,-1.9,22.1,31.4,34.6,888.8,-88.8,-999.9,-88.8
1842,-1.9,22,31.3,35.4,888.8,-88.8,-999.9,-88.8
1843,-2,22,31.3,35.7,888.8,-88.8,-999.9,-88.8
1844,-2,21.9,31.3,35.8,888.8,-88.8,-999.9,-88.8
1845,-2,21.9,31.3,36.3,888.8,-88.8,-999.9,-88.8
1846,-2,21.9,31.3,36.6,888.8,-88.8,-999.9,-88.8
1847,-2,21.9,31.3,36.8,888.8,-88.8,-999.9,-88.8
1848,-2.1,21.8,31.3,37.2,888.8,-88.8,-999.9,-88.8
1849,-2.1,21.8,31.2,37.5,888.8,-88.8,-999.9,-88.8
1850,-2.1,21.8,31.3,37.9,888.8,-88.8,-999.9,-88.8
1851,-2.1,21.8,31.3,38.1,888.8,-88.8,-999.9,-88.8
1852,-2.1,21.8,31.2,38.4,888.8,-88.8,-999.9,-88.8
1853,-2.1,21.8,31.2,38.7,888.8,-88.8,-999.9,-88.8
1854,-2.2,21.8,31.3,39,888.8,-88.8,-999.9,-88.8
1855,-2.2,21.8,31.2,39.2,888.8,-88.8,-999.9,-88.8
1856,-2.2,21.8,31.2,38.6,888.8,-88.8,-999.9,-88.8
1857,-2.2,21.8,31.2,37.9,888.8,-88.8,-999.9,-88.8
1858,-2.2,21.8,31.2,37.4,888.8,-88.8,-999.9,-88.8
1859,-2.3,21.8,31.2,37.2,888.8,-88.8,-999.9,-88.8
1900,-2.3,21.8,31.2,37,888.8,-88.8,-999.9,-88.8
1901,-2.3,21.8,31.2,36.9,888.8,-88.8,-999.9,-88.8
1902,-2.3,21.7,31.2,36.8,888.8,-88.8,-999.9,-88.8
1903,-2.3,21.7,31.2,36.6,888.8,-88.8,-999.9,-88.8
1904,-2.4,21.6,31.1,36.4,888.8,-88.8,-999.9,-88.8
1905,-2.4,21.6,31.2,36.1,888.8,-88.8,-999.9,-88.8
1906,-2.4,21.6,31.1,35.9,888.8,-88.8,-999.9,-88.8
1907,-2.4,21.6,31.1,35.7,888.8,-88.8,-999.9,-88.8
1908,-2.4,21.6,31.1,35.5,888.8,-88.8,-999.9,-88.8
1909,-2.5,21.6,31.1,35.3,888.8,-88.8,-999.9,-88.8
1910,-2.5,21.6,31.1,35.8,888.8,-88.8,-999.9,-88.8
1911,-2.6,21.6,31.1,36.4,888.8,-88.8,-999.9,-88.8
1912,-2.6,21.6,31.1,36.6,888.8,-88.8,-999.9,-88.8
1913,-2.6,21.6,31.1,36.8,888.8,-88.8,-999.9,-88.8
1914,-2.6,21.6,31.1,37.1,888.8,-88.8,-999.9,-88.8
1915,-2.6,21.6,31.1,37.3,888.8,-88.8,-999.9,-88.8
1916,-2.7,21.6,31.1,37.7,888.8,-88.8,-999.9,-88.8
1917,-2.7,21.6,31.2,38,888.8,-88.8,-999.9,-88.8
1918,-2.7,21.6,31.1,38.3,888.8,-88.8,-999.9,-88.8
1919,-2.7,21.6,31.1,38.6,888.8,-88.8,-999.9,-88.8
1920,-2.8,21.6,31.1,38.6,888.8,-88.8,-999.9,-88.8
1921,-2.8,21.6,31.1,37.8,888.8,-88.8,-999.9,-88.8
1922,-2.8,21.6,31.1,37.3,888.8,-88.8,-999.9,-88.8
1923,-2.9,21.6,31.1,37,888.8,-88.8,-999.9,-88.8
1924,-2.9,21.6,31.1,36.8,888.8,-88.8,-999.9,-88.8
1925,-2.9,21.6,31.2,36.7,888.8,-88.8,-999.9,-88.8
1926,-2.9,21.6,31.1,36.6,888.8,-88.8,-999.9,-88.8
1927,-2.9,21.6,31.1,36.6,888.8,-88.8,-999.9,-88.8
1928,-3,21.6,31.1,36.4,888.8,-88.8,-999.9,-88.8
1929,-3,21.6,31.1,36.2,888.8,-88.8,-999.9,-88.8
1930,-3,21.6,31.1,36,888.8,-88.8,-999.9,-88.8
1931,-3,21.6,31.1,35.8,888.8,-88.8,-999.9,-88.8
1932,-3.1,21.6,31.1,35.6,888.8,-88.8,-999.9,-88.8
1933,-3.1,21.6,31.1,35.4,888.8,-88.8,-999.9,-88.8
1934,-3.1,21.6,31.1,35.2,888.8,-88.8,-999.9,-88.8
1935,-3.1,21.6,31.1,35.1,888.8,-88.8,-999.9,-88.8
1936,-3.1,21.6,31.1,35.8,888.8,-88.8,-999.9,-88.8
1937,-3.1,21.6,31.1,36.3,888.8,-88.8,-999.9,-88.8
1938,-3.2,21.6,31.1,36.5,888.8,-88.8,-999.9,-88.8
1939,-3.2,21.6,31.1,36.8,888.8,-88.8,-999.9,-88.8
1940,-3.2,21.6,31,37.2,888.8,-88.8,-999.9,-88.8
1941,-3.3,21.5,31,37.4,888.8,-88.8,-999.9,-88.8
1942,-3.3,21.5,31,37.7,888.8,-88.8,-999.9,-88.8
1943,-3.3,21.4,30.9,38.1,888.8,-88.8,-999.9,-88.8
1944,-3.3,21.3,30.8,38.4,888.8,-88.8,-999.9,-88.8
1945,-3.3,21.3,30.8,38.7,888.8,-88.8,-999.9,-88.8
1946,-3.3,21.3,30.8,38.7,888.8,-88.8,-999.9,-88.8
1947,-3.3,21.3,30.8,37.8,888.8,-88.8,-999.9,-88.8
1948,-3.4,21.2,30.8,37.3,888.8,-88.8,-999.9,-88.8
1949,-3.4,21.2,30.8,37,888.8,-88.8,-999.9,-88.8
1950,-3.4,21.2,30.8,36.8,888.8,-88.8,-999.9,-88.8
1951,-3.4,21.2,30.8,36.7,888.8,-88.8,-999.9,-88.8
1952,-3.4,21.2,30.8,36.6,888.8,-88.8,-999.9,-88.8
1953,-3.4,21.2,30.8,36.5,888.8,-88.8,-999.9,-88.8
1954,-3.4,21.2,30.8,36.4,888.8,-88.8,-999.9,-88.8
1955,-3.5,21.1,30.7,36.1,888.8,-88.8,-999.9,-88.8
1956,-3.5,21.1,30.7,35.9,888.8,-88.8,-999.9,-88.8
1957,-3.5,21.1,30.7,35.7,888.8,-88.8,-999.9,-88.8
1958,-3.5,21.1,30.7,35.5,888.8,-88.8,-999.9,-88.8
1959,-3.5,21.1,30.8,35.5,888.8,-88.8,-999.9,-88.8
2000,-3.5,21.1,30.7,36.3,888.8,-88.8,-999.9,-88.8
2001,-3.5,21.1,30.7,36.8,888.8,-88.8,-999.9,-88.8
2002,-3.5,21.1,30.8,37,888.8,-88.8,-999.9,-88.8
2003,-3.5,21.1,30.7,37.2,888.8,-88.8,-999.9,-88.8
2004,-3.5,21.1,30.7,37.5,888.8,-88.8,-999.9,-88.8
2005,-3.6,21.1,30.7,37.8,888.8,-88.8,-999.9,-88.8
2006,-3.6,21.1,30.7,38.2,888.8,-88.8,-999.9,-88.8
2007,-3.6,21.1,30.7,38.6,888.8,-88.8,-999.9,-88.8
2008,-3.6,21,30.7,39,888.8,-88.8,-999.9,-88.8
2009,-3.6,21.1,30.7,39.5,888.8,-88.8,-999.9,-88.8
2010,-3.6,21,30.7,39.9,888.8,-88.8,-999.9,-88.8
2011,-3.6,21.1,30.7,40.3,888.8,-88.8,-999.9,-88.8
2012,-3.6,21.1,30.7,40.7,888.8,-88.8,-999.9,-88.8
2013,-3.7,21.1,30.7,41.1,888.8,-88.8,-999.9,-88.8
2014,-3.7,21.1,30.7,41.4,888.8,-88.8,-999.9,-88.8
2015,-3.7,21,30.8,41.7,888.8,-88.8,-999.9,-88.8
2016,-3.7,21.1,30.7,41.9,888.8,-88.8,-999.9,-88.8
2017,-3.7,21.1,30.7,42.1,888.8,-88.8,-999.9,-88.8
2018,-3.7,21.1,30.7,41.9,888.8,-88.8,-999.9,-88.8
2019,-3.7,21.1,30.7,40.9,888.8,-88.8,-999.9,-88.8
2020,-3.7,21.1,30.7,40.3,888.8,-88.8,-999.9,-88.8
2021,-3.7,21.1,30.7,40,888.8,-88.8,-999.9,-88.8
2022,-3.7,21.1,30.7,39.7,888.8,-88.8,-999.9,-88.8
2023,-3.7,21.1,30.7,39.5,888.8,-88.8,-999.9,-88.8
2024,-3.7,21.1,30.7,39.2,888.8,-88.8,-999.9,-88.8
2025,-3.7,21.1,30.7,38.9,888.8,-88.8,-999.9,-88.8
2026,-3.7,21.1,30.7,38.6,888.8,-88.8,-999.9,-88.8
2027,-3.7,21.1,30.7,38.2,888.8,-88.8,-999.9,-88.8
2028,-3.7,21.1,30.7,38.7,888.8,-88.8,-999.9,-88.8
2029,-3.7,21.1,30.7,39.2,888.8,-88.8,-999.9,-88.8
2030,-3.7,21.1,30.7,39.3,888.8,-88.8,-999.9,-88.8
2031,-3.7,21.1,30.7,39.4,888.8,-88.8,-999.9,-88.8
2032,-3.7,21.1,30.7,39.7,888.8,-88.8,-999.9,-88.8
2033,-3.7,21.1,30.7,39.8,888.8,-88.8,-999.9,-88.8
2034,-3.8,21.1,30.7,40.1,888.8,-88.8,-999.9,-88.8
2035,-3.8,21.1,30.7,40.4,888.8,-88.8,-999.9,-88.8
2036,-3.7,21.1,30.7,40.8,888.8,-88.8,-999.9,-88.8
2037,-3.8,21.1,30.7,41.2,888.8,-88.8,-999.9,-88.8
2038,-3.8,21.1,30.7,41.6,888.8,-88.8,-999.9,-88.8
2039,-3.8,21.2,30.7,40.8,888.8,-88.8,-999.9,-88.8
2040,-3.8,21.2,30.7,40.4,888.8,-88.8,-999.9,-88.8
2041,-3.8,21.1,30.8,40.1,888.8,-88.8,-999.9,-88.8
2042,-3.8,21.2,30.7,39.9,888.8,-88.8,-999.9,-88.8
2043,-3.8,21.2,30.7,39.8,888.8,-88.8,-999.9,-88.8
2044,-3.7,21.2,30.7,39.7,888.8,-88.8,-999.9,-88.8
2045,-3.7,21.2,30.7,39.4,888.8,-88.8,-999.9,-88.8
2046,-3.7,21.1,30.7,39.1,888.8,-88.8,-999.9,-88.8
2047,-3.8,21.2,30.7,38.8,888.8,-88.8,-999.9,-88.8
2048,-3.8,21.2,30.7,38.5,888.8,-88.8,-999.9,-88.8
2049,-3.7,21.2,30.7,38.2,888.8,-88.8,-999.9,-88.8
2050,-3.7,21.2,30.7,37.9,888.8,-88.8,-999.9,-88.8
2051,-3.8,21.2,30.7,37.7,888.8,-88.8,-999.9,-88.8
2052,-3.7,21.2,30.7,37.4,888.8,-88.8,-999.9,-88.8
2053,-3.7,21.2,30.7,37.2,888.8,-88.8,-999.9,-88.8
2054,-3.7,21.2,30.7,37.5,888.8,-88.8,-999.9,-88.8
2055,-3.7,21.2,30.7,38.3,888.8,-88.8,-999.9,-88.8
2056,-3.7,21.2,30.7,38.6,888.8,-88.8,-999.9,-88.8
2057,-3.7,21.2,30.7,39.1,888.8,-88.8,-999.9,-88.8
2058,-3.7,21.2,30.8,39.5,888.8,-88.8,-999.9,-88.8
2059,-3.7,21.2,30.7,39.9,888.8,-88.8,-999.9,-88.8
2100,-3.7,21.2,30.7,40.4,888.8,-88.8,-999.9,-88.8
2101,-3.7,21.2,30.7,40.9,888.8,-88.8,-999.9,-88.8
2102,-3.7,21.2,30.7,40.8,888.8,-88.8,-999.9,-88.8
2103,-3.7,21.2,30.7,40.4,888.8,-88.8,-999.9,-88.8
2104,-3.7,21.2,30.7,40.5,888.8,-88.8,-999.9,-88.8
2105,-3.7,21.2,30.7,40.5,888.8,-88.8,-999.9,-88.8
2106,-3.7,21.2,30.7,40.4,888.8,-88.8,-999.9,-88.8
2107,-3.7,21.2,30.8,40.1,888.8,-88.8,-999.9,-88.8
2108,-3.7,21.2,30.7,39.9,888.8,-88.8,-999.9,-88.8
2109,-3.7,21.2,30.7,39.5,888.8,-88.8,-999.9,-88.8
2110,-3.7,21.2,30.8,39.3,888.8,-88.8,-999.9,-88.8
2111,-3.7,21.3,30.7,39,888.8,-88.8,-999.9,-88.8
2112,-3.7,21.3,30.7,38.8,888.8,-88.8,-999.9,-88.8
2113,-3.6,21.3,30.8,38.6,888.8,-88.8,-999.9,-88.8
2114,-3.7,21.3,30.7,38.4,888.8,-88.8,-999.9,-88.8
2115,-3.6,21.3,30.7,38.2,888.8,-88.8,-999.9,-88.8
2116,-3.6,21.3,30.7,38.1,888.8,-88.8,-999.9,-88.8
2117,-3.6,21.3,30.8,37.9,888.8,-88.8,-999.9,-88.8
2118,-3.6,21.3,30.8,37.2,888.8,-88.8,-999.9,-88.8
2119,-3.6,21.3,30.7,36.1,888.8,-88.8,-999.9,-88.8
2120,-3.6,21.3,30.7,35.9,888.8,-88.8,-999.9,-88.8
2121,-3.6,21.3,30.8,35.8,888.8,-88.8,-999.9,-88.8
2122,-3.6,21.3,30.8,35.7,888.8,-88.8,-999.9,-88.8
2123,-3.6,21.3,30.8,35.6,888.8,-88.8,-999.9,-88.8
2124,-3.6,21.3,30.8,35.6,888.8,-88.8,-999.9,-88.8
2125,-3.6,21.3,30.8,35.5,888.8,-88.8,-999.9,-88.8
2126,-3.6,21.3,30.8,35.6,888.8,-88.8,-999.9,-88.8
2127,-3.6,21.3,30.8,32.8,888.8,-88.8,-999.9,-88.8
2128,-3.5,21.3,30.8,32.2,888.8,-88.8,-999.9,-88.8
2129,-3.5,21.3,30.8,32.4,888.8,-88.8,-999.9,-88.8
2130,-3.5,21.3,30.8,32.5,888.8,-88.8,-999.9,-88.8
2131,-3.5,21.3,30.8,32.8,888.8,-88.8,-999.9,-88.8
2132,-3.5,21.4,30.8,33,888.8,-88.8,-999.9,-88.8
2133,-3.5,21.3,30.8,33.2,888.8,-88.8,-999.9,-88.8
2134,-3.5,21.3,30.8,33.2,888.8,-88.8,-999.9,-88.8
2135,-3.5,21.3,30.8,33,888.8,-88.8,-999.9,-88.8
2136,-3.5,21.3,30.8,33.1,888.8,-88.8,-999.9,-88.8
2137,-3.5,21.3,30.8,33.2,888.8,-88.8,-999.9,-88.8
2138,-3.5,21.3,30.8,33.5,888.8,-88.8,-999.9,-88.8
2139,-3.5,21.3,30.8,33.8,888.8,-88.8,-999.9,-88.8
2140,-3.5,21.3,30.8,34.4,888.8,-88.8,-999.9,-88.8
2141,-3.5,21.3,30.8,35.2,888.8,-88.8,-999.9,-88.8
2142,-3.5,21.3,30.8,36.5,888.8,-88.8,-999.9,-88.8
2143,-3.5,21.3,30.8,37.9,888.8,-88.8,-999.9,-88.8
2144,-3.5,21.4,30.8,39.2,888.8,-88.8,-999.9,-88.8
2145,-3.5,21.4,30.8,40.3,888.8,-88.8,-999.9,-88.8
2146,-3.5,21.4,30.8,40.5,888.8,-88.8,-999.9,-88.8
2147,-3.5,21.4,30.8,40.6,888.8,-88.8,-999.9,-88.8
2148,-3.5,21.4,30.8,39.4,888.8,-88.8,-999.9,-88.8
2149,-3.5,21.4,30.8,38.4,888.8,-88.8,-999.9,-88.8
2150,-3.5,21.4,30.8,37.7,888.8,-88.8,-999.9,-88.8
2151,-3.6,21.4,30.8,37.2,888.8,-88.8,-999.9,-88.8
2152,-3.5,21.4,30.8,36.7,888.8,-88.8,-999.9,-88.8
2153,-3.6,21.4,30.8,36.4,888.8,-88.8,-999.9,-88.8
2154,-3.5,21.4,30.8,36.1,888.8,-88.8,-999.9,-88.8
2155,-3.6,21.4,30.8,35.7,888.8,-88.8,-999.9,-88.8
2156,-3.6,21.4,30.8,35.3,888.8,-88.8,-999.9,-88.8
2157,-3.6,21.4,30.8,35.1,888.8,-88.8,-999.9,-88.8
2158,-3.6,21.5,30.8,35.1,888.8,-88.8,-999.9,-88.8
2159,-3.6,21.4,30.8,35.2,888.8,-88.8,-999.9,-88.8
2200,-3.6,21.4,30.8,35.2,888.8,-88.8,-999.9,-88.8
2201,-3.6,21.4,30.9,35.2,888.8,-88.8,-999.9,-88.8
2202,-3.6,21.4,30.8,35.2,888.8,-88.8,-999.9,-88.8
2203,-3.6,21.4,30.8,35.1,888.8,-88.8,-999.9,-88.8
2204,-3.7,21.5,30.8,34.9,888.8,-88.8,-999.9,-88.8
2205,-3.6,21.5,30.9,34.7,888.8,-88.8,-999.9,-88.8
2206,-3.7,21.5,30.9,34.5,888.8,-88.8,-999.9,-88.8
2207,-3.7,21.5,30.9,34.2,888.8,-88.8,-999.9,-88.8
2208,-3.7,21.5,30.9,34.2,888.8,-88.8,-999.9,-88.8
2209,-3.7,21.5,30.9,34.5,888.8,-88.8,-999.9,-88.8
2210,-3.7,21.5,30.9,34.9,888.8,-88.8,-999.9,-88.8
2211,-3.7,21.5,30.9,32,888.8,-88.8,-999.9,-88.8
2212,-3.7,21.5,30.9,29,888.8,-88.8,-999.9,-88.8
2213,-3.7,21.5,30.9,28.1,888.8,-88.8,-999.9,-88.8
2214,-3.7,21.5,30.9,27.5,888.8,-88.8,-999.9,-88.8
2215,-3.7,21.5,30.9,27.1,888.8,-88.8,-999.9,-88.8
2216,-3.7,21.5,30.9,26.8,888.8,-88.8,-999.9,-88.8
2217,-3.7,21.5,30.9,26.5,888.8,-88.8,-999.9,-88.8
2218,-3.7,21.5,30.9,26.3,888.8,-88.8,-999.9,-88.8
2219,-3.7,21.5,30.9,26.1,888.8,-88.8,-999.9,-88.8
2220,-3.7,21.5,30.9,26,888.8,-88.8,-999.9,-88.8
2221,-3.7,21.5,30.9,25.7,888.8,-88.8,-999.9,-88.8
2222,-3.7,21.5,30.9,25.5,888.8,-88.8,-999.9,-88.8
2223,-3.7,21.4,30.9,25.4,888.8,-88.8,-999.9,-88.8
2224,-3.7,21.4,30.8,25.3,888.8,-88.8,-999.9,-88.8
2225,-3.7,21.5,30.8,25.2,888.8,-88.8,-999.9,-88.8
2226,-3.7,21.4,30.8,25,888.8,-88.8,-999.9,-88.8
2227,-3.7,21.5,30.8,24.8,888.8,-88.8,-999.9,-88.8
2228,-3.7,21.4,30.8,24.7,888.8,-88.8,-999.9,-88.8
2229,-3.7,21.4,30.9,24.7,888.8,-88.8,-999.9,-88.8
2230,-3.7,21.4,30.8,24.5,888.8,-88.8,-999.9,-88.8
2231,-3.7,21.5,30.9,24.3,888.8,-88.8,-999.9,-88.8
2232,-3.7,21.4,30.8,24.3,888.8,-88.8,-999.9,-88.8
2233,-3.7,21.4,30.8,24.2,888.8,-88.8,-999.9,-88.8
2234,-3.7,21.4,30.8,24,888.8,-88.8,-999.9,-88.8
2235,-3.7,21.4,30.8,23.9,888.8,-88.8,-999.9,-88.8
2236,-3.7,21.4,30.8,23.9,888.8,-88.8,-999.9,-88.8
2237,-3.8,21.5,30.8,23.8,888.8,-88.8,-999.9,-88.8
2238,-3.8,21.4,30.9,23.7,888.8,-88.8,-999.9,-88.8
2239,-3.7,21.5,30.8,23.6,888.8,-88.8,-999.9,-88.8
2240,-3.7,21.4,30.8,23.5,888.8,-88.8,-999.9,-88.8
2241,-3.7,21.4,30.9,23.4,888.8,-88.8,-999.9,-88.8
2242,-3.7,21.5,30.9,23.3,888.8,-88.8,-999.9,-88.8
2243,-3.7,21.5,30.8,23.2,888.8,-88.8,-999.9,-88.8
2244,-3.7,21.5,30.8,23.1,888.8,-88.8,-999.9,-88.8
2245,-3.7,21.5,30.9,23,888.8,-88.8,-999.9,-88.8
2246,-3.7,21.5,30.9,23,888.8,-88.8,-999.9,-88.8
2247,-3.7,21.5,30.9,22.9,888.8,-88.8,-999.9,-88.8
2248,-3.7,21.5,30.9,22.7,888.8,-88.8,-999.9,-88.8
2249,-3.7,21.5,30.9,22.7,888.8,-88.8,-999.9,-88.8
2250,-3.7,21.5,30.9,22.6,888.8,-88.8,-999.9,-88.8
2251,-3.6,21.5,30.9,22.5,888.8,-88.8,-999.9,-88.8
2252,-3.6,21.4,30.9,22.5,888.8,-88.8,-999.9,-88.8
2253,-3.6,21.5,30.9,22.4,888.8,-88.8,-999.9,-88.8
2254,-3.6,21.5,30.9,22.3,888.8,-88.8,-999.9,-88.8
2255,-3.6,21.5,30.9,22.2,888.8,-88.8,-999.9,-88.8
2256,-3.6,21.5,30.9,22.1,888.8,-88.8,-999.9,-88.8
2257,-3.6,21.5,30.9,22.1,888.8,-88.8,-999.9,-88.8
2258,-3.6,21.5,30.9,22,888.8,-88.8,-999.9,-88.8
2259,-3.5,21.5,30.9,21.9,888.8,-88.8,-999.9,-88.8
2300,-3.5,21.5,30.9,21.8,888.8,-88.8,-999.9,-88.8
2301,-3.5,21.5,30.9,21.7,888.8,-88.8,-999.9,-88.8
2302,-3.5,21.5,30.9,21.7,888.8,-88.8,-999.9,-88.8
2303,-3.5,21.5,30.9,21.6,888.8,-88.8,-999.9,-88.8
2304,-3.5,21.5,30.9,21.5,888.8,-88.8,-999.9,-88.8
2305,-3.5,21.5,30.9,21.5,888.8,-88.8,-999.9,-88.8
2306,-3.4,21.5,30.9,21.4,888.8,-88.8,-999.9,-88.8
2307,-3.4,21.5,30.9,21.3,888.8,-88.8,-999.9,-88.8
2308,-3.4,21.5,30.9,21.3,888.8,-88.8,-999.9,-88.8
2309,-3.4,21.5,30.9,21.2,888.8,-88.8,-999.9,-88.8
2310,-3.4,21.6,30.9,21.2,888.8,-88.8,-999.9,-88.8
2311,-3.4,21.6,30.9,21.1,888.8,-88.8,-999.9,-88.8
2312,-3.4,21.6,30.9,21,888.8,-88.8,-999.9,-88.8
2313,-3.4,21.6,30.9,21,888.8,-88.8,-999.9,-88.8
2314,-3.4,21.6,30.9,20.9,888.8,-88.8,-999.9,-88.8
2315,-3.4,21.6,30.9,20.8,888.8,-88.8,-999.9,-88.8
2316,-3.4,21.6,30.9,20.7,888.8,-88.8,-999.9,-88.8
2317,-3.4,21.6,30.9,20.7,888.8,-88.8,-999.9,-88.8
2318,-3.3,21.5,30.9,20.7,888.8,-88.8,-999.9,-88.8
2319,-3.3,21.6,30.9,20.6,888.8,-88.8,-999.9,-88.8
2320,-3.3,21.6,30.9,20.6,888.8,-88.8,-999.9,-88.8
2321,-3.3,21.6,30.8,20.5,888.8,-88.8,-999.9,-88.8
2322,-3.3,21.6,30.9,20.4,888.8,-88.8,-999.9,-88.8
2323,-3.3,21.6,30.9,20.4,888.8,-88.8,-999.9,-88.8
2324,-3.3,21.6,30.9,20.3,888.8,-88.8,-999.9,-88.8
2325,-3.3,21.6,30.9,20.2,888.8,-88.8,-999.9,-88.8
2326,-3.3,21.6,30.9,20.2,888.8,-88.8,-999.9,-88.8
2327,-3.2,21.6,30.9,20.2,888.8,-88.8,-999.9,-88.8
2328,-3.2,21.6,30.9,20.1,888.8,-88.8,-999.9,-88.8
2329,-3.2,21.6,30.9,20,888.8,-88.8,-999.9,-88.8
2330,-3.1,21.6,30.9,20,888.8,-88.8,-999.9,-88.8
2331,-3.2,21.6,30.9,19.9,888.8,-88.8,-999.9,-88.8
2332,-3.2,21.6,30.9,19.9,888.8,-88.8,-999.9,-88.8
2333,-3.1,21.6,30.9,19.9,888.8,-88.8,-999.9,-88.8
2334,-3.1,21.6,30.9,19.8,888.8,-88.8,-999.9,-88.8
2335,-3.1,21.6,30.9,19.7,888.8,-88.8,-999.9,-88.8
2336,-3.1,21.6,30.9,19.7,888.8,-88.8,-999.9,-88.8
2337,-3.1,21.6,30.9,19.7,888.8,-88.8,-999.9,-88.8
2338,-3.1,21.7,30.9,19.6,888.8,-88.8,-999.9,-88.8
2339,-3,21.6,30.9,19.6,888.8,-88.8,-999.9,-88.8
2340,-3,21.6,30.9,19.5,888.8,-88.8,-999.9,-88.8
2341,-2.9,21.6,31,19.5,888.8,-88.8,-999.9,-88.8
2342,-2.9,21.6,30.9,19.5,888.8,-88.8,-999.9,-88.8
2343,-2.9,21.7,30.9,19.4,888.8,-88.8,-999.9,-88.8
2344,-2.9,21.7,30.9,19.3,888.8,-88.8,-999.9,-88.8
2345,-2.8,21.7,30.9,19.3,888.8,-88.8,-999.9,-88.8
2346,-2.8,21.7,30.9,19.3,888.8,-88.8,-999.9,-88.8
2347,-2.8,21.7,30.9,19.2,888.8,-88.8,-999.9,-88.8
2348,-2.8,21.7,30.9,19.2,888.8,-88.8,-999.9,-88.8
2349,-2.8,21.7,30.9,19.1,888.8,-88.8,-999.9,-88.8
2350,-2.7,21.6,30.9,19.1,888.8,-88.8,-999.9,-88.8
2351,-2.7,21.7,30.9,19,888.8,-88.8,-999.9,-88.8
2352,-2.7,21.7,30.9,19,888.8,-88.8,-999.9,-88.8
2353,-2.7,21.7,30.9,19,888.8,-88.8,-999.9,-88.8
2354,-2.7,21.7,30.9,19,888.8,-88.8,-999.9,-88.8
2355,-2.7,21.7,30.9,18.9,888.8,-88.8,-999.9,-88.8
2356,-2.7,21.7,30.9,18.9,888.8,-88.8,-999.9,-88.8
2357,-2.7,21.7,30.9,18.8,888.8,-88.8,-999.9,-88.8
2358,-2.7,21.7,30.9,18.8,888.8,-88.8,-999.9,-88.8
2359,-2.7,21.7,30.9,18.7,888.8,-88.8,-999.9,-88.8