0,-2.4,25.1,38.3,26.3,888.8,-88.8,-999.9,-88.8
1,-2.5,25.1,38.3,26.2,888.8,-88.8,-999.9,-88.8
2,-2.4,25.1,38.3,26.2,888.8,-88.8,-999.9,-88.8
3,-2.4,25.1,38.3,26.2,888.8,-88.8,-999.9,-88.8
4,-2.4,25.1,38.4,26.2,888.8,-88.8,-999.9,-88.8
5,-2.4,25.1,38.3,26.2,888.8,-88.8,-999.9,-88.8
6,-2.4,25.1,38.3,26.2,888.8,-88.8,-999.9,-88.8
7,-2.4,25.1,38.3,26.2,888.8,-88.8,-999.9,-88.8
8,-2.4,25.1,38.4,26.2,888.8,-88.8,-999.9,-88.8
9,-2.4,25.1,38.3,26.2,888.8,-88.8,-999.9,-88.8
10,-2.4,25.1,38.2,26.3,888.8,-88.8,-999.9,-88.8
11,-2.4,25.1,38.3,26.3,888.8,-88.8,-999.9,-88.8
12,-2.4,25.1,38.3,26.3,888.8,-88.8,-999.9,-88.8
13,-2.4,25.1,38.3,26.4,888.8,-88.8,-999.9,-88.8
14,-2.3,25.1,38.2,26.5,888.8,-88.8,-999.9,-88.8
15,-2.3,25.2,38.2,26.6,888.8,-88.8,-999.9,-88.8
16,-2.3,25.1,38.2,26.8,888.8,-88.8,-999.9,-88.8
17,-2.3,25.1,38.2,27,888.8,-88.8,-999.9,-88.8
18,-2.3,25.1,38.2,27.1,888.8,-88.8,-999.9,-88.8
19,-2.3,25.1,38.2,27.3,888.8,-88.8,-999.9,-88.8
20,-2.3,25.1,38.2,27.4,888.8,-88.8,-999.9,-88.8
21,-2.3,25.1,38.1,27.5,888.8,-88.8,-999.9,-88.8
22,-2.3,25.2,38.1,27.6,888.8,-88.8,-999.9,-88.8
23,-2.3,25.2,38.1,27.7,888.8,-88.8,-999.9,-88.8
24,-2.3,25.2,38.1,27.8,888.8,-88.8,-999.9,-88.8
25,-2.2,25.1,38.1,27.9,888.8,-88.8,-999.9,-88.8
26,-2.2,25.2,38.1,27.9,888.8,-88.8,-999.9,-88.8
27,-2.2,25.1,38,28,888.8,-88.8,-999.9,-88.8
28,-2.2,25.2,38,28.1,888.8,-88.8,-999.9,-88.8
29,-2.2,25.2,38,28.1,888.8,-88.8,-999.9,-88.8
30,-2.2,25.2,38,28.2,888.8,-88.8,-999.9,-88.8
31,-2.2,25.2,38,28.2,888.8,-88.8,-999.9,-88.8
32,-2.2,25.2,37.9,28.2,888.8,-88.8,-999.9,-88.8
33,-2.2,25.2,38,28.3,888.8,-88.8,-999.9,-88.8
34,-2.1,25.2,37.9,28.3,888.8,-88.8,-999.9,-88.8
35,-2.1,25.2,37.9,28.3,888.8,-88.8,-999.9,-88.8
36,-2.1,25.2,37.9,28.4,888.8,-88.8,-999.9,-88.8
37,-2.1,25.2,37.9,28.4,888.8,-88.8,-999.9,-88.8
38,-2.1,25.2,37.8,28.4,888.8,-88.8,-999.9,-88.8
39,-2.1,25.2,37.9,28.4,888.8,-88.8,-999.9,-88.8
40,-2.1,25.2,37.8,28.4,888.8,-88.8,-999.9,-88.8
41,-2.1,25.2,37.8,28.4,888.8,-88.8,-999.9,-88.8
42,-2.1,25.2,37.8,28.5,888.8,-88.8,-999.9,-88.8
43,-2.1,25.2,37.8,28.5,888.8,-88.8,-999.9,-88.8
44,-2.1,25.2,37.7,28.5,888.8,-88.8,-999.9,-88.8
45,-2,25.2,37.7,28.4,888.8,-88.8,-999.9,-88.8
46,-2,25.2,37.7,28.4,888.8,-88.8,-999.9,-88.8
47,-2,25.2,37.7,28.4,888.8,-88.8,-999.9,-88.8
48,-2,25.2,37.7,28.5,888.8,-88.8,-999.9,-88.8
49,-2,25.2,37.6,28.5,888.8,-88.8,-999.9,-88.8
50,-2,25.2,37.6,28.4,888.8,-88.8,-999.9,-88.8
51,-2,25.2,37.6,28.4,888.8,-88.8,-999.9,-88.8
52,-2,25.2,37.6,28.4,888.8,-88.8,-999.9,-88.8
53,-2,25.3,37.6,28.4,888.8,-88.8,-999.9,-88.8
54,-2,25.3,37.6,28.3,888.8,-88.8,-999.9,-88.8
55,-2,25.2,37.5,28.3,888.8,-88.8,-999.9,-88.8
56,-2,25.2,37.5,28.3,888.8,-88.8,-999.9,-88.8
57,-1.9,25.2,37.5,28.2,888.8,-88.8,-999.9,-88.8
58,-1.9,25.3,37.5,28.2,888.8,-88.8,-999.9,-88.8
59,-1.9,25.2,37.5,28.2,888.8,-88.8,-999.9,-88.8
100,-1.9,25.3,37.4,28.2,888.8,-88.8,-999.9,-88.8
101,-1.9,25.2,37.5,28.2,888.8,-88.8,-999.9,-88.8
102,-1.9,25.3,37.4,28.1,888.8,-88.8,-999.9,-88.8
103,-1.9,25.3,37.4,28.1,888.8,-88.8,-999.9,-88.8
104,-1.9,25.3,37.4,28.1,888.8,-88.8,-999.9,-88.8
105,-1.9,25.2,37.3,28.1,888.8,-88.8,-999.9,-88.8
106,-1.9,25.3,37.3,28,888.8,-88.8,-999.9,-88.8
107,-1.9,25.2,37.3,28,888.8,-88.8,-999.9,-88.8
108,-1.9,25.3,37.3,28,888.8,-88.8,-999.9,-88.8
109,-1.9,25.2,37.3,28,888.8,-88.8,-999.9,-88.8
110,-1.8,25.3,37.3,27.9,888.8,-88.8,-999.9,-88.8
111,-1.9,25.3,37.2,27.9,888.8,-88.8,-999.9,-88.8
112,-1.8,25.3,37.2,27.8,888.8,-88.8,-999.9,-88.8
113,-1.8,25.3,37.2,27.7,888.8,-88.8,-999.9,-88.8
114,-1.8,25.3,37.2,27.6,888.8,-88.8,-999.9,-88.8
115,-1.8,25.3,37.2,27.5,888.8,-88.8,-999.9,-88.8
116,-1.8,25.3,37.2,27.4,888.8,-88.8,-999.9,-88.8
117,-1.8,25.3,37.1,27.3,888.8,-88.8,-999.9,-88.8
118,-1.8,25.3,37,27.2,888.8,-88.8,-999.9,-88.8
119,-1.8,25.3,37,27.1,888.8,-88.8,-999.9,-88.8
120,-1.8,25.3,37,27.1,888.8,-88.8,-999.9,-88.8
121,-1.8,25.3,37,26,888.8,-88.8,-999.9,-88.8
122,-1.8,25.3,36.9,25.4,888.8,-88.8,-999.9,-88.8
123,-1.8,25.3,36.9,25.3,888.8,-88.8,-999.9,-88.8
124,-1.8,25.3,36.8,25.1,888.8,-88.8,-999.9,-88.8
125,-1.8,25.3,36.8,24.3,888.8,-88.8,-999.9,-88.8
126,-1.7,25.3,36.7,23.9,888.8,-88.8,-999.9,-88.8
127,-1.8,25.3,36.6,23.6,888.8,-88.8,-999.9,-88.8
128,-1.7,25.3,36.6,23.6,888.8,-88.8,-999.9,-88.8
129,-1.8,25.3,36.5,23.7,888.8,-88.8,-999.9,-88.8
130,-1.7,25.3,36.5,24.2,888.8,-88.8,-999.9,-88.8
131,-1.7,25.3,36.4,24.9,888.8,-88.8,-999.9,-88.8
132,-1.7,25.3,36.3,25.6,888.8,-88.8,-999.9,-88.8
133,-1.7,25.3,36.3,26.1,888.8,-88.8,-999.9,-88.8
134,-1.7,25.3,36.3,26.5,888.8,-88.8,-999.9,-88.8
135,-1.7,25.3,36.2,26.7,888.8,-88.8,-999.9,-88.8
136,-1.7,25.3,36.2,26.8,888.8,-88.8,-999.9,-88.8
137,-1.6,25.3,36.1,26.8,888.8,-88.8,-999.9,-88.8
138,-1.6,25.3,36.1,26.9,888.8,-88.8,-999.9,-88.8
139,-1.6,25.3,36.1,26.9,888.8,-88.8,-999.9,-88.8
140,-1.6,25.3,36,27,888.8,-88.8,-999.9,-88.8
141,-1.6,25.3,36,27.1,888.8,-88.8,-999.9,-88.8
142,-1.6,25.3,35.9,27.1,888.8,-88.8,-999.9,-88.8
143,-1.6,25.3,35.9,27.2,888.8,-88.8,-999.9,-88.8
144,-1.6,25.3,35.9,27.3,888.8,-88.8,-999.9,-88.8
145,-1.6,25.3,35.8,27.4,888.8,-88.8,-999.9,-88.8
146,-1.6,25.3,35.8,27.4,888.8,-88.8,-999.9,-88.8
147,-1.6,25.3,35.8,27.5,888.8,-88.8,-999.9,-88.8
148,-1.6,25.3,35.8,27.6,888.8,-88.8,-999.9,-88.8
149,-1.6,25.3,35.8,27.6,888.8,-88.8,-999.9,-88.8
150,-1.6,25.3,35.7,27.6,888.8,-88.8,-999.9,-88.8
151,-1.6,25.3,35.6,27.6,888.8,-88.8,-999.9,-88.8
152,-1.6,25.3,35.6,26.8,888.8,-88.8,-999.9,-88.8
153,-1.5,25.3,35.6,26.1,888.8,-88.8,-999.9,-88.8
154,-1.5,25.3,35.5,25.3,888.8,-88.8,-999.9,-88.8
155,-1.5,25.3,35.5,25,888.8,-88.8,-999.9,-88.8
156,-1.5,25.3,35.4,25,888.8,-88.8,-999.9,-88.8
157,-1.5,25.3,35.4,25.1,888.8,-88.8,-999.9,-88.8
158,-1.5,25.3,35.3,25.4,888.8,-88.8,-999.9,-88.8
159,-1.5,25.3,35.3,25.7,888.8,-88.8,-999.9,-88.8
200,-1.5,25.3,35.2,26,888.8,-88.8,-999.9,-88.8
201,-1.5,25.3,35.2,26.3,888.8,-88.8,-999.9,-88.8
202,-1.5,25.3,35.1,26.6,888.8,-88.8,-999.9,-88.8
203,-1.5,25.3,35.1,26.8,888.8,-88.8,-999.9,-88.8
204,-1.5,25.3,35.1,26.8,888.8,-88.8,-999.9,-88.8
205,-1.5,25.3,35,27,888.8,-88.8,-999.9,-88.8
206,-1.5,25.3,35,27,888.8,-88.8,-999.9,-88.8
207,-1.5,25.3,35,26.7,888.8,-88.8,-999.9,-88.8
208,-1.5,25.3,34.9,26.7,888.8,-88.8,-999.9,-88.8
209,-1.5,25.3,34.9,26.7,888.8,-88.8,-999.9,-88.8
210,-1.5,25.3,34.9,26.8,888.8,-88.8,-999.9,-88.8
211,-1.5,25.3,34.9,26.8,888.8,-88.8,-999.9,-88.8
212,-1.4,25.3,34.8,26.8,888.8,-88.8,-999.9,-88.8
213,-1.5,25.3,34.8,26.7,888.8,-88.8,-999.9,-88.8
214,-1.4,25.3,34.7,26.7,888.8,-88.8,-999.9,-88.8
215,-1.4,25.4,34.7,26.6,888.8,-88.8,-999.9,-88.8
216,-1.4,25.4,34.7,26.6,888.8,-88.8,-999.9,-88.8
217,-1.4,25.3,34.7,26.6,888.8,-88.8,-999.9,-88.8
218,-1.4,25.4,34.6,26.6,888.8,-88.8,-999.9,-88.8
219,-1.4,25.3,34.6,26.7,888.8,-88.8,-999.9,-88.8
220,-1.4,25.4,34.5,26.7,888.8,-88.8,-999.9,-88.8
221,-1.4,25.4,34.5,26.6,888.8,-88.8,-999.9,-88.8
222,-1.4,25.4,34.5,26.6,888.8,-88.8,-999.9,-88.8
223,-1.4,25.4,34.5,26.5,888.8,-88.8,-999.9,-88.8
224,-1.4,25.3,34.5,26.6,888.8,-88.8,-999.9,-88.8
225,-1.4,25.4,34.4,26.6,888.8,-88.8,-999.9,-88.8
226,-1.4,25.4,34.4,26.6,888.8,-88.8,-999.9,-88.8
227,-1.4,25.4,34.4,26.6,888.8,-88.8,-999.9,-88.8
228,-1.4,25.4,34.4,26.6,888.8,-88.8,-999.9,-88.8
229,-1.4,25.4,34.3,26.6,888.8,-88.8,-999.9,-88.8
230,-1.4,25.4,34.3,26.6,888.8,-88.8,-999.9,-88.8
231,-1.4,25.4,34.3,26.7,888.8,-88.8,-999.9,-88.8
232,-1.4,25.4,34.3,26.7,888.8,-88.8,-999.9,-88.8
233,-1.4,25.4,34.2,26.3,888.8,-88.8,-999.9,-88.8
234,-1.4,25.4,34.2,24.5,888.8,-88.8,-999.9,-88.8
235,-1.5,25.4,34.2,24.5,888.8,-88.8,-999.9,-88.8
236,-1.5,25.4,34.1,24.7,888.8,-88.8,-999.9,-88.8
237,-1.5,25.4,34.1,25,888.8,-88.8,-999.9,-88.8
238,-1.5,25.4,34,25.3,888.8,-88.8,-999.9,-88.8
239,-1.5,25.4,33.9,25.5,888.8,-88.8,-999.9,-88.8
240,-1.5,25.4,33.9,25.8,888.8,-88.8,-999.9,-88.8
241,-1.5,25.4,33.9,26.1,888.8,-88.8,-999.9,-88.8
242,-1.5,25.4,33.8,26.3,888.8,-88.8,-999.9,-88.8
243,-1.5,25.4,33.8,26.4,888.8,-88.8,-999.9,-88.8
244,-1.5,25.4,33.7,26.5,888.8,-88.8,-999.9,-88.8
245,-1.5,25.4,33.7,26.5,888.8,-88.8,-999.9,-88.8
246,-1.5,25.4,33.7,26.6,888.8,-88.8,-999.9,-88.8
247,-1.5,25.4,33.7,26.6,888.8,-88.8,-999.9,-88.8
248,-1.6,25.4,33.7,26.7,888.8,-88.8,-999.9,-88.8
249,-1.6,25.4,33.6,26.9,888.8,-88.8,-999.9,-88.8
250,-1.6,25.4,33.6,26.8,888.8,-88.8,-999.9,-88.8
251,-1.6,25.4,33.6,26.9,888.8,-88.8,-999.9,-88.8
252,-1.6,25.4,33.5,26.8,888.8,-88.8,-999.9,-88.8
253,-1.6,25.4,33.5,26.4,888.8,-88.8,-999.9,-88.8
254,-1.6,25.4,33.5,26,888.8,-88.8,-999.9,-88.8
255,-1.6,25.4,33.4,25.9,888.8,-88.8,-999.9,-88.8
256,-1.6,25.4,33.4,25.9,888.8,-88.8,-999.9,-88.8
257,-1.6,25.4,33.4,25.9,888.8,-88.8,-999.9,-88.8
258,-1.6,25.4,33.3,25.9,888.8,-88.8,-999.9,-88.8
259,-1.6,25.4,33.3,25.9,888.8,-88.8,-999.9,-88.8
300,-1.6,25.4,33.2,25.9,888.8,-88.8,-999.9,-88.8
301,-1.6,25.4,33.3,25.9,888.8,-88.8,-999.9,-88.8
302,-1.6,25.4,33.2,25.9,888.8,-88.8,-999.9,-88.8
303,-1.6,25.4,33.2,26,888.8,-88.8,-999.9,-88.8
304,-1.6,25.4,33.1,26.1,888.8,-88.8,-999.9,-88.8
305,-1.6,25.4,33.1,26.2,888.8,-88.8,-999.9,-88.8
306,-1.6,25.4,33,26.2,888.8,-88.8,-999.9,-88.8
307,-1.6,25.4,33,25.9,888.8,-88.8,-999.9,-88.8
308,-1.6,25.4,33,25.8,888.8,-88.8,-999.9,-88.8
309,-1.6,25.4,32.9,25.8,888.8,-88.8,-999.9,-88.8
310,-1.6,25.4,32.9,25.8,888.8,-88.8,-999.9,-88.8
311,-1.7,25.4,32.9,25.9,888.8,-88.8,-999.9,-88.8
312,-1.7,25.4,32.9,25.9,888.8,-88.8,-999.9,-88.8
313,-1.7,25.4,32.8,25.9,888.8,-88.8,-999.9,-88.8
314,-1.7,25.4,32.8,25.9,888.8,-88.8,-999.9,-88.8
315,-1.7,25.4,32.8,26,888.8,-88.8,-999.9,-88.8
316,-1.7,25.4,32.8,25.9,888.8,-88.8,-999.9,-88.8
317,-1.7,25.4,32.8,25.9,888.8,-88.8,-999.9,-88.8
318,-1.7,25.4,32.7,25.9,888.8,-88.8,-999.9,-88.8
319,-1.7,25.4,32.7,26,888.8,-88.8,-999.9,-88.8
320,-1.7,25.4,32.7,26,888.8,-88.8,-999.9,-88.8
321,-1.7,25.4,32.7,25.9,888.8,-88.8,-999.9,-88.8
322,-1.7,25.4,32.7,25.6,888.8,-88.8,-999.9,-88.8
323,-1.7,25.4,32.6,24.7,888.8,-88.8,-999.9,-88.8
324,-1.7,25.4,32.6,24.5,888.8,-88.8,-999.9,-88.8
325,-1.7,25.4,32.5,24.5,888.8,-88.8,-999.9,-88.8
326,-1.7,25.4,32.5,24.6,888.8,-88.8,-999.9,-88.8
327,-1.7,25.4,32.5,24.7,888.8,-88.8,-999.9,-88.8
328,-1.7,25.4,32.4,24.9,888.8,-88.8,-999.9,-88.8
329,-1.7,25.4,32.4,25.1,888.8,-88.8,-999.9,-88.8
330,-1.7,25.4,32.3,25.3,888.8,-88.8,-999.9,-88.8
331,-1.7,25.4,32.3,25.4,888.8,-88.8,-999.9,-88.8
332,-1.7,25.4,32.3,25.6,888.8,-88.8,-999.9,-88.8
333,-1.8,25.4,32.3,25.6,888.8,-88.8,-999.9,-88.8
334,-1.8,25.4,32.2,25.7,888.8,-88.8,-999.9,-88.8
335,-1.8,25.4,32.2,25,888.8,-88.8,-999.9,-88.8
336,-1.8,25.4,32.2,24.6,888.8,-88.8,-999.9,-88.8
337,-1.8,25.4,32.1,24.5,888.8,-88.8,-999.9,-88.8
338,-1.8,25.4,32.1,24.4,888.8,-88.8,-999.9,-88.8
339,-1.8,25.4,32.1,24.4,888.8,-88.8,-999.9,-88.8
340,-1.8,25.4,32,24.4,888.8,-88.8,-999.9,-88.8
341,-1.8,25.4,32,24.5,888.8,-88.8,-999.9,-88.8
342,-1.8,25.4,32,24.6,888.8,-88.8,-999.9,-88.8
343,-1.8,25.4,31.9,24.8,888.8,-88.8,-999.9,-88.8
344,-1.8,25.4,31.9,24.9,888.8,-88.8,-999.9,-88.8
345,-1.8,25.4,31.9,25,888.8,-88.8,-999.9,-88.8
346,-1.8,25.4,31.8,25.1,888.8,-88.8,-999.9,-88.8
347,-1.8,25.4,31.8,25.1,888.8,-88.8,-999.9,-88.8
348,-1.9,25.4,31.8,25.1,888.8,-88.8,-999.9,-88.8
349,-1.8,25.4,31.7,25.1,888.8,-88.8,-999.9,-88.8
350,-1.8,25.4,31.7,25.1,888.8,-88.8,-999.9,-88.8
351,-1.9,25.4,31.7,25.1,888.8,-88.8,-999.9,-88.8
352,-1.9,25.4,31.7,25.1,888.8,-88.8,-999.9,-88.8
353,-1.9,25.4,31.6,25.1,888.8,-88.8,-999.9,-88.8
354,-1.9,25.4,31.6,25.1,888.8,-88.8,-999.9,-88.8
355,-1.9,25.4,31.6,25.1,888.8,-88.8,-999.9,-88.8
356,-1.9,25.4,31.5,25.1,888.8,-88.8,-999.9,-88.8
357,-1.9,25.4,31.5,25.1,888.8,-88.8,-999.9,-88.8
358,-1.9,25.4,31.5,25.1,888.8,-88.8,-999.9,-88.8
359,-1.9,25.4,31.5,25.1,888.8,-88.8,-999.9,-88.8
400,-1.9,25.4,31.5,25.1,888.8,-88.8,-999.9,-88.8
401,-1.9,25.4,31.5,25.1,888.8,-88.8,-999.9,-88.8
402,-1.9,25.4,31.4,25.1,888.8,-88.8,-999.9,-88.8
403,-1.9,25.4,31.4,25.2,888.8,-88.8,-999.9,-88.8
404,-1.9,25.4,31.3,25.3,888.8,-88.8,-999.9,-88.8
405,-2,25.4,31.3,25.3,888.8,-88.8,-999.9,-88.8
406,-2,25.4,31.3,25.3,888.8,-88.8,-999.9,-88.8
407,-2,25.4,31.3,25.3,888.8,-88.8,-999.9,-88.8
408,-2,25.4,31.2,25.4,888.8,-88.8,-999.9,-88.8
409,-2,25.4,31.2,25.4,888.8,-88.8,-999.9,-88.8
410,-2,25.4,31.2,25.5,888.8,-88.8,-999.9,-88.8
411,-2.1,25.4,31.2,25.5,888.8,-88.8,-999.9,-88.8
412,-2.1,25.4,31.2,25.5,888.8,-88.8,-999.9,-88.8
413,-2.1,25.4,31.2,25.5,888.8,-88.8,-999.9,-88.8
414,-2.1,25.4,31.1,25.6,888.8,-88.8,-999.9,-88.8
415,-2.1,25.4,31.1,25.6,888.8,-88.8,-999.9,-88.8
416,-2.2,25.4,31.1,25.6,888.8,-88.8,-999.9,-88.8
417,-2.2,25.4,31,25.6,888.8,-88.8,-999.9,-88.8
418,-2.2,25.4,31.1,25.6,888.8,-88.8,-999.9,-88.8
419,-2.2,25.4,31,25.6,888.8,-88.8,-999.9,-88.8
420,-2.2,25.4,31,25.6,888.8,-88.8,-999.9,-88.8
421,-2.2,25.4,31,25.6,888.8,-88.8,-999.9,-88.8
422,-2.2,25.4,31,25.6,888.8,-88.8,-999.9,-88.8
423,-2.3,25.4,31,25.6,888.8,-88.8,-999.9,-88.8
424,-2.3,25.4,30.9,25.6,888.8,-88.8,-999.9,-88.8
425,-2.3,25.4,30.9,25.7,888.8,-88.8,-999.9,-88.8
426,-2.3,25.4,30.9,25.1,888.8,-88.8,-999.9,-88.8
427,-2.3,25.4,30.8,24.8,888.8,-88.8,-999.9,-88.8
428,-2.4,25.4,30.8,24.7,888.8,-88.8,-999.9,-88.8
429,-2.4,25.4,30.8,24.5,888.8,-88.8,-999.9,-88.8
430,-2.4,25.4,30.8,23.9,888.8,-88.8,-999.9,-88.8
431,-2.4,25.4,30.8,23.4,888.8,-88.8,-999.9,-88.8
432,-2.4,25.4,30.8,23.7,888.8,-88.8,-999.9,-88.8
433,-2.5,25.4,30.7,23.9,888.8,-88.8,-999.9,-88.8
434,-2.5,25.4,30.7,24.1,888.8,-88.8,-999.9,-88.8
435,-2.5,25.4,30.7,24.2,888.8,-88.8,-999.9,-88.8
436,-2.5,25.4,30.6,24.3,888.8,-88.8,-999.9,-88.8
437,-2.5,25.4,30.6,24.3,888.8,-88.8,-999.9,-88.8
438,-2.6,25.4,30.6,24.4,888.8,-88.8,-999.9,-88.8
439,-2.6,25.4,30.5,24.4,888.8,-88.8,-999.9,-88.8
440,-2.6,25.4,30.5,24.5,888.8,-88.8,-999.9,-88.8
441,-2.6,25.4,30.5,24.5,888.8,-88.8,-999.9,-88.8
442,-2.6,25.4,30.5,24.5,888.8,-88.8,-999.9,-88.8
443,-2.6,25.4,30.4,24.5,888.8,-88.8,-999.9,-88.8
444,-2.7,25.4,30.4,24.5,888.8,-88.8,-999.9,-88.8
445,-2.7,25.4,30.3,24,888.8,-88.8,-999.9,-88.8
446,-2.7,25.4,30.3,23.7,888.8,-88.8,-999.9,-88.8
447,-2.7,25.4,30.3,23.7,888.8,-88.8,-999.9,-88.8
448,-2.8,25.4,30.3,23.8,888.8,-88.8,-999.9,-88.8
449,-2.8,25.4,30.3,23.8,888.8,-88.8,-999.9,-88.8
450,-2.8,25.4,30.2,23.9,888.8,-88.8,-999.9,-88.8
451,-2.8,25.5,30.2,23.9,888.8,-88.8,-999.9,-88.8
452,-2.9,25.5,30.2,24,888.8,-88.8,-999.9,-88.8
453,-2.9,25.4,30.2,24,888.8,-88.8,-999.9,-88.8
454,-2.9,25.4,30.1,24.1,888.8,-88.8,-999.9,-88.8
455,-2.9,25.5,30.1,24.1,888.8,-88.8,-999.9,-88.8
456,-3,25.4,30.1,24.2,888.8,-88.8,-999.9,-88.8
457,-3,25.4,30,24.2,888.8,-88.8,-999.9,-88.8
458,-3,25.4,30,24.2,888.8,-88.8,-999.9,-88.8
459,-3,25.4,30,24.2,888.8,-88.8,-999.9,-88.8
500,-3.1,25.4,30,24.2,888.8,-88.8,-999.9,-88.8
501,-3.1,25.4,29.9,24.2,888.8,-88.8,-999.9,-88.8
502,-3.1,25.4,29.9,24.2,888.8,-88.8,-999.9,-88.8
503,-3.2,25.4,29.9,24.2,888.8,-88.8,-999.9,-88.8
504,-3.2,25.4,29.9,24.2,888.8,-88.8,-999.9,-88.8
505,-3.2,25.4,29.9,24,888.8,-88.8,-999.9,-88.8
506,-3.3,25.4,29.8,22.9,888.8,-88.8,-999.9,-88.8
507,-3.3,25.4,29.8,21.9,888.8,-88.8,-999.9,-88.8
508,-3.3,25.4,29.8,21.5,888.8,-88.8,-999.9,-88.8
509,-3.3,25.4,29.7,21.3,888.8,-88.8,-999.9,-88.8
510,-3.3,25.4,29.7,21.2,888.8,-88.8,-999.9,-88.8
511,-3.4,25.4,29.7,21.1,888.8,-88.8,-999.9,-88.8
512,-3.4,25.5,29.7,21,888.8,-88.8,-999.9,-88.8
513,-3.4,25.4,29.7,21,888.8,-88.8,-999.9,-88.8
514,-3.4,25.4,29.7,20.9,888.8,-88.8,-999.9,-88.8
515,-3.4,25.4,29.7,20.9,888.8,-88.8,-999.9,-88.8
516,-3.4,25.4,29.7,20.9,888.8,-88.8,-999.9,-88.8
517,-3.5,25.4,29.7,20.8,888.8,-88.8,-999.9,-88.8
518,-3.5,25.4,29.8,20.8,888.8,-88.8,-999.9,-88.8
519,-3.5,25.4,29.8,20.8,888.8,-88.8,-999.9,-88.8
520,-3.5,25.4,29.7,20.8,888.8,-88.8,-999.9,-88.8
521,-3.5,25.4,29.8,20.9,888.8,-88.8,-999.9,-88.8
522,-3.6,25.4,29.8,20.8,888.8,-88.8,-999.9,-88.8
523,-3.6,25.4,29.8,20.9,888.8,-88.8,-999.9,-88.8
524,-3.6,25.4,29.8,20.9,888.8,-88.8,-999.9,-88.8
525,-3.6,25.4,29.8,21.8,888.8,-88.8,-999.9,-88.8
526,-3.7,25.4,29.8,22.4,888.8,-88.8,-999.9,-88.8
527,-3.7,25.4,29.8,22,888.8,-88.8,-999.9,-88.8
528,-3.7,25.4,29.8,23.4,888.8,-88.8,-999.9,-88.8
529,-3.7,25.4,29.8,23.7,888.8,-88.8,-999.9,-88.8
530,-3.8,25.4,29.8,23.4,888.8,-88.8,-999.9,-88.8
531,-3.8,25.4,29.9,23.6,888.8,-88.8,-999.9,-88.8
532,-3.8,25.4,29.9,23.8,888.8,-88.8,-999.9,-88.8
533,-3.8,25.4,29.9,23.9,888.8,-88.8,-999.9,-88.8
534,-3.8,25.4,29.9,24.1,888.8,-88.8,-999.9,-88.8
535,-3.9,25.4,29.9,24.2,888.8,-88.8,-999.9,-88.8
536,-3.9,25.4,29.9,24.4,888.8,-88.8,-999.9,-88.8
537,-3.9,25.5,29.9,24.5,888.8,-88.8,-999.9,-88.8
538,-3.9,25.4,29.9,24.9,888.8,-88.8,-999.9,-88.8
539,-3.9,25.4,29.9,26.7,888.8,-88.8,-999.9,-88.8
540,-4,25.4,29.9,28.5,888.8,-88.8,-999.9,-88.8
541,-4,25.4,29.9,30.4,888.8,-88.8,-999.9,-88.8
542,-4,25.5,29.9,32,888.8,-88.8,-999.9,-88.8
543,-4,25.4,29.9,33.3,888.8,-88.8,-999.9,-88.8
544,-4.1,25.5,29.9,34.9,888.8,-88.8,-999.9,-88.8
545,-4.1,25.4,29.9,36.6,888.8,-88.8,-999.9,-88.8
546,-4.1,25.5,29.9,38.4,888.8,-88.8,-999.9,-88.8
547,-4.1,25.5,29.9,39.9,888.8,-88.8,-999.9,-88.8
548,-4.1,25.4,29.9,41.1,888.8,-88.8,-999.9,-88.8
549,-4.2,25.5,29.9,42.3,888.8,-88.8,-999.9,-88.8
550,-4.2,25.5,29.9,43.6,888.8,-88.8,-999.9,-88.8
551,-4.2,25.4,29.9,44.5,888.8,-88.8,-999.9,-88.8
552,-4.3,25.5,29.9,45.6,888.8,-88.8,-999.9,-88.8
553,-4.3,25.5,29.9,46.2,888.8,-88.8,-999.9,-88.8
554,-4.3,25.4,29.9,46.9,888.8,-88.8,-999.9,-88.8
555,-4.4,25.4,29.9,47.7,888.8,-88.8,-999.9,-88.8
556,-4.4,25.4,29.9,48.2,888.8,-88.8,-999.9,-88.8
557,-4.4,25.3,30,48.6,888.8,-88.8,-999.9,-88.8
558,-4.4,25.3,29.9,49,888.8,-88.8,-999.9,-88.8
559,-4.4,25.3,29.9,49.2,888.8,-88.8,-999.9,-88.8
600,-4.4,25.2,29.9,49.7,888.8,-88.8,-999.9,-88.8
601,-4.5,25.2,29.9,47.8,888.8,-88.8,-999.9,-88.8
602,-4.5,25.1,29.9,46.6,888.8,-88.8,-999.9,-88.8
603,-4.5,25.1,29.9,43.8,888.8,-88.8,-999.9,-88.8
604,-4.6,25.1,29.9,41.9,888.8,-88.8,-999.9,-88.8
605,-4.6,25.1,29.9,41.2,888.8,-88.8,-999.9,-88.8
606,-4.6,25.1,30,41.2,888.8,-88.8,-999.9,-88.8
607,-4.6,25.1,29.9,41.2,888.8,-88.8,-999.9,-88.8
608,-4.6,25.1,29.9,41.2,888.8,-88.8,-999.9,-88.8
609,-4.6,25.1,30,41.2,888.8,-88.8,-999.9,-88.8
610,-4.6,25.1,30,41.5,888.8,-88.8,-999.9,-88.8
611,-4.6,25.1,30,41.8,888.8,-88.8,-999.9,-88.8
612,-4.7,25.1,30,42.1,888.8,-88.8,-999.9,-88.8
613,-4.7,25.1,30,41,888.8,-88.8,-999.9,-88.8
614,-4.7,25.1,30,40.4,888.8,-88.8,-999.9,-88.8
615,-4.7,25.1,30,41.1,888.8,-88.8,-999.9,-88.8
616,-4.7,25.1,30,40.1,888.8,-88.8,-999.9,-88.8
617,-4.7,25.1,30,39.8,888.8,-88.8,-999.9,-88.8
618,-4.7,25.1,30,39.9,888.8,-88.8,-999.9,-88.8
619,-4.7,25.1,29.9,39.7,888.8,-88.8,-999.9,-88.8
620,-4.8,25.1,30,39.5,888.8,-88.8,-999.9,-88.8
621,-4.8,25.1,30,39,888.8,-88.8,-999.9,-88.8
622,-4.8,25.1,30,37,888.8,-88.8,-999.9,-88.8
623,-4.8,25.1,30,37.6,888.8,-88.8,-999.9,-88.8
624,-4.8,25.1,30,36.6,888.8,-88.8,-999.9,-88.8
625,-4.8,25.1,30,34.7,888.8,-88.8,-999.9,-88.8
626,-4.8,25.1,30,34.8,888.8,-88.8,-999.9,-88.8
627,-4.8,25.1,30,35,888.8,-88.8,-999.9,-88.8
628,-4.8,25.1,30,35.4,888.8,-88.8,-999.9,-88.8
629,-4.8,25.1,30,36.1,888.8,-88.8,-999.9,-88.8
630,-4.8,25.2,30,36.7,888.8,-88.8,-999.9,-88.8
631,-4.8,25.1,30,37.5,888.8,-88.8,-999.9,-88.8
632,-4.8,25.1,30,38.1,888.8,-88.8,-999.9,-88.8
633,-4.8,25.1,30,38.6,888.8,-88.8,-999.9,-88.8
634,-4.8,25.2,30,39.1,888.8,-88.8,-999.9,-88.8
635,-4.8,25.2,30,39.3,888.8,-88.8,-999.9,-88.8
636,-4.9,25.2,30,39.8,888.8,-88.8,-999.9,-88.8
637,-4.8,25.2,30,40.3,888.8,-88.8,-999.9,-88.8
638,-4.9,25.1,30.1,40.8,888.8,-88.8,-999.9,-88.8
639,-4.9,25.2,30.1,41,888.8,-88.8,-999.9,-88.8
640,-4.9,25.2,30.1,41.3,888.8,-88.8,-999.9,-88.8
641,-4.9,25.2,30.1,41.7,888.8,-88.8,-999.9,-88.8
642,-4.9,25.2,30,42.1,888.8,-88.8,-999.9,-88.8
643,-4.9,25.2,30.1,42.5,888.8,-88.8,-999.9,-88.8
644,-4.9,25.2,30,42.3,888.8,-88.8,-999.9,-88.8
645,-5,25.2,30.1,42.5,888.8,-88.8,-999.9,-88.8
646,-5,25.2,30,41.6,888.8,-88.8,-999.9,-88.8
647,-5,25.2,30,41.1,888.8,-88.8,-999.9,-88.8
648,-5,25.2,30.1,41.1,888.8,-88.8,-999.9,-88.8
649,-5,25.2,30.1,40.4,888.8,-88.8,-999.9,-88.8
650,-5,25.2,30.1,40.1,888.8,-88.8,-999.9,-88.8
651,-5,25.2,30.1,39.8,888.8,-88.8,-999.9,-88.8
652,-5,25.2,30.1,39.5,888.8,-88.8,-999.9,-88.8
653,-5,25.2,30.1,39.2,888.8,-88.8,-999.9,-88.8
654,-5,25.2,30.1,38.5,888.8,-88.8,-999.9,-88.8
655,-5.1,25.2,30.1,38.9,888.8,-88.8,-999.9,-88.8
656,-5.1,25.2,30.1,39.4,888.8,-88.8,-999.9,-88.8
657,-5,25.2,30.1,38.7,888.8,-88.8,-999.9,-88.8
658,-5.1,25.2,30.1,38,888.8,-88.8,-999.9,-88.8
659,-5,25.2,30.1,37.5,888.8,-88.8,-999.9,-88.8
700,-5.1,25.2,30.1,37.1,888.8,-88.8,-999.9,-88.8
701,-5,25.2,30.1,36.7,888.8,-88.8,-999.9,-88.8
702,-5,25.2,30.1,36.3,888.8,-88.8,-999.9,-88.8
703,-5,25.3,30.2,35.8,888.8,-88.8,-999.9,-88.8
704,-5,25.2,30.1,34.7,888.8,-88.8,-999.9,-88.8
705,-5,25.3,30.1,33.7,888.8,-88.8,-999.9,-88.8
706,-5,25.3,30.2,33.2,888.8,-88.8,-999.9,-88.8
707,-5.1,25.3,30.2,33.2,888.8,-88.8,-999.9,-88.8
708,-5.1,25.3,30.2,33.3,888.8,-88.8,-999.9,-88.8
709,-5.1,25.3,30.2,33.4,888.8,-88.8,-999.9,-88.8
710,-5.1,25.3,30.2,33.7,888.8,-88.8,-999.9,-88.8
711,-5.1,25.3,30.2,33.9,888.8,-88.8,-999.9,-88.8
712,-5.1,25.3,30.2,33.5,888.8,-88.8,-999.9,-88.8
713,-5.1,25.3,30.2,33.1,888.8,-88.8,-999.9,-88.8
714,-5.1,25.3,30.2,32.8,888.8,-88.8,-999.9,-88.8
715,-5.1,25.2,30.2,32.5,888.8,-88.8,-999.9,-88.8
716,-5.1,25.2,30.2,32.3,888.8,-88.8,-999.9,-88.8
717,-5.2,25.1,30.2,32.2,888.8,-88.8,-999.9,-88.8
718,-5.2,25.1,30.2,32.3,888.8,-88.8,-999.9,-88.8
719,-5.2,25,30.2,32.1,888.8,-88.8,-999.9,-88.8
720,-5.2,24.9,30.2,32.1,888.8,-88.8,-999.9,-88.8
721,-5.2,24.8,30.1,32.2,888.8,-88.8,-999.9,-88.8
722,-5.2,24.6,30.1,32.2,888.8,-88.8,-999.9,-88.8
723,-5.2,24.5,30.1,31.9,888.8,-88.8,-999.9,-88.8
724,-5.3,24.4,30.1,31.9,888.8,-88.8,-999.9,-88.8
725,-5.3,24.3,30.1,31.6,888.8,-88.8,-999.9,-88.8
726,-5.3,24.3,30.1,30.9,888.8,-88.8,-999.9,-88.8
727,-5.3,24.2,30.1,30.5,888.8,-88.8,-999.9,-88.8
728,-5.3,24.2,30.1,30.9,888.8,-88.8,-999.9,-88.8
729,-5.3,24.2,30.1,31.5,888.8,-88.8,-999.9,-88.8
730,-5.3,24.1,30,31.6,888.8,-88.8,-999.9,-88.8
731,-5.3,24.1,30.1,31.7,888.8,-88.8,-999.9,-88.8
732,-5.3,24.1,30,31.6,888.8,-88.8,-999.9,-88.8
733,-5.3,24,30,31.4,888.8,-88.8,-999.9,-88.8
734,-5.3,24,30,31.2,888.8,-88.8,-999.9,-88.8
735,-5.4,24,30,30.9,888.8,-88.8,-999.9,-88.8
736,-5.4,24,30.1,30.5,888.8,-88.8,-999.9,-88.8
737,-5.4,24,30,30.4,888.8,-88.8,-999.9,-88.8
738,-5.4,24,30,31,888.8,-88.8,-999.9,-88.8
739,-5.4,24,30,31.3,888.8,-88.8,-999.9,-88.8
740,-5.5,24,30,31.3,888.8,-88.8,-999.9,-88.8
741,-5.5,24,30.1,31.2,888.8,-88.8,-999.9,-88.8
742,-5.5,24,30.1,31.2,888.8,-88.8,-999.9,-88.8
743,-5.5,24,30,31,888.8,-88.8,-999.9,-88.8
744,-5.5,24,30.1,30.8,888.8,-88.8,-999.9,-88.8
745,-5.5,24,30.1,30.6,888.8,-88.8,-999.9,-88.8
746,-5.5,24,30.1,30.1,888.8,-88.8,-999.9,-88.8
747,-5.6,24,30.1,29.7,888.8,-88.8,-999.9,-88.8
748,-5.6,24,30.1,30.5,888.8,-88.8,-999.9,-88.8
749,-5.6,24,30.1,28.8,888.8,-88.8,-999.9,-88.8
750,-5.6,24,30.1,25.5,888.8,-88.8,-999.9,-88.8
751,-5.6,24,30.1,27.2,888.8,-88.8,-999.9,-88.8
752,-5.6,24,30.1,30,888.8,-88.8,-999.9,-88.8
753,-5.6,24,30.1,30.3,888.8,-88.8,-999.9,-88.8
754,-5.6,24,30.1,29.9,888.8,-88.8,-999.9,-88.8
755,-5.6,23.9,30.1,29.7,888.8,-88.8,-999.9,-88.8
756,-5.6,24,30.1,29.3,888.8,-88.8,-999.9,-88.8
757,-5.6,24,30.1,28.8,888.8,-88.8,-999.9,-88.8
758,-5.6,24,30.1,29.4,888.8,-88.8,-999.9,-88.8
759,-5.7,24,30.1,29.9,888.8,-88.8,-999.9,-88.8
800,-5.7,23.9,30.1,30,888.8,-88.8,-999.9,-88.8
801,-5.7,24,30.1,30.2,888.8,-88.8,-999.9,-88.8
802,-5.7,24,30.1,30.4,888.8,-88.8,-999.9,-88.8
803,-5.7,24,30.1,29.2,888.8,-88.8,-999.9,-88.8
804,-5.7,24,30.1,27.2,888.8,-88.8,-999.9,-88.8
805,-5.7,23.9,30.1,27.9,888.8,-88.8,-999.9,-88.8
806,-5.7,24,30.1,30.5,888.8,-88.8,-999.9,-88.8
807,-5.7,24,30.1,30.5,888.8,-88.8,-999.9,-88.8
808,-5.7,24,30.1,29.9,888.8,-88.8,-999.9,-88.8
809,-5.8,24,30.1,30.1,888.8,-88.8,-999.9,-88.8
810,-5.8,24,30.2,30.2,888.8,-88.8,-999.9,-88.8
811,-5.8,24,30.2,29.2,888.8,-88.8,-999.9,-88.8
812,-5.8,24,30.2,28.1,888.8,-88.8,-999.9,-88.8
813,-5.8,24,30.2,27.8,888.8,-88.8,-999.9,-88.8
814,-5.8,24,30.1,27.6,888.8,-88.8,-999.9,-88.8
815,-5.8,24,30.2,28.1,888.8,-88.8,-999.9,-88.8
816,-5.8,24,30.2,29.2,888.8,-88.8,-999.9,-88.8
817,-5.8,24,30.2,30.7,888.8,-88.8,-999.9,-88.8
818,-5.8,24,30.2,31.8,888.8,-88.8,-999.9,-88.8
819,-5.8,24,30.2,32.2,888.8,-88.8,-999.9,-88.8
820,-5.8,24,30.2,32.5,888.8,-88.8,-999.9,-88.8
821,-5.8,24,30.2,32.8,888.8,-88.8,-999.9,-88.8
822,-5.8,24,30.2,33.5,888.8,-88.8,-999.9,-88.8
823,-5.8,24,30.2,34.2,888.8,-88.8,-999.9,-88.8
824,-5.8,24,30.2,34.9,888.8,-88.8,-999.9,-88.8
825,-5.8,24,30.2,35.6,888.8,-88.8,-999.9,-88.8
826,-5.8,24,30.2,36.4,888.8,-88.8,-999.9,-88.8
827,-5.8,24,30.2,37.5,888.8,-88.8,-999.9,-88.8
828,-5.8,24,30.2,37.7,888.8,-88.8,-999.9,-88.8
829,-5.8,24,30.2,37.7,888.8,-88.8,-999.9,-88.8
830,-5.8,24,30.2,37.9,888.8,-88.8,-999.9,-88.8
831,-5.8,24,30.2,37.8,888.8,-88.8,-999.9,-88.8
832,-5.8,24,30.2,37.1,888.8,-88.8,-999.9,-88.8
833,-5.8,24,30.2,36.8,888.8,-88.8,-999.9,-88.8
834,-5.8,24,30.2,37.2,888.8,-88.8,-999.9,-88.8
835,-5.9,24,30.2,37.5,888.8,-88.8,-999.9,-88.8
836,-5.9,24,30.2,36.9,888.8,-88.8,-999.9,-88.8
837,-5.9,24,30.2,36.2,888.8,-88.8,-999.9,-88.8
838,-5.9,24,30.2,35.8,888.8,-88.8,-999.9,-88.8
839,-5.9,24,30.2,35.8,888.8,-88.8,-999.9,-88.8
840,-5.9,24,30.2,35.8,888.8,-88.8,-999.9,-88.8
841,-5.9,24,30.2,35.9,888.8,-88.8,-999.9,-88.8
842,-5.9,24,30.2,35.9,888.8,-88.8,-999.9,-88.8
843,-5.9,24,30.2,34.7,888.8,-88.8,-999.9,-88.8
844,-5.8,24,30.2,34.2,888.8,-88.8,-999.9,-88.8
845,-5.9,24,30.2,34.3,888.8,-88.8,-999.9,-88.8
846,-5.8,24,30.2,34,888.8,-88.8,-999.9,-88.8
847,-5.8,24,30.3,33.7,888.8,-88.8,-999.9,-88.8
848,-5.8,24,30.3,34.2,888.8,-88.8,-999.9,-88.8
849,-5.8,24,30.3,35.2,888.8,-88.8,-999.9,-88.8
850,-5.8,24,30.3,36.3,888.8,-88.8,-999.9,-88.8
851,-5.7,24,30.3,37.2,888.8,-88.8,-999.9,-88.8
852,-5.7,24,30.3,38.1,888.8,-88.8,-999.9,-88.8
853,-5.7,24,30.3,39.1,888.8,-88.8,-999.9,-88.8
854,-5.7,24,30.3,40.2,888.8,-88.8,-999.9,-88.8
855,-5.7,24,30.3,41.2,888.8,-88.8,-999.9,-88.8
856,-5.7,24,30.3,42.1,888.8,-88.8,-999.9,-88.8
857,-5.6,24,30.3,41.6,888.8,-88.8,-999.9,-88.8
858,-5.6,24.1,30.3,41.6,888.8,-88.8,-999.9,-88.8
859,-5.6,24,30.3,42.3,888.8,-88.8,-999.9,-88.8
900,-5.6,24,30.3,40.6,888.8,-88.8,-999.9,-88.8
901,-5.5,24.1,30.3,39.6,888.8,-88.8,-999.9,-88.8
902,-5.5,24.1,30.3,39.3,888.8,-88.8,-999.9,-88.8
903,-5.5,24.1,30.3,38.9,888.8,-88.8,-999.9,-88.8
904,-5.4,24.1,30.3,38.3,888.8,-88.8,-999.9,-88.8
905,-5.4,24.1,30.3,37.7,888.8,-88.8,-999.9,-88.8
906,-5.4,24,30.3,37.3,888.8,-88.8,-999.9,-88.8
907,-5.3,24.1,30.3,36.9,888.8,-88.8,-999.9,-88.8
908,-5.3,24.1,30.3,37.2,888.8,-88.8,-999.9,-88.8
909,-5.3,24.1,30.3,39,888.8,-88.8,-999.9,-88.8
910,-5.3,24.1,30.3,41.6,888.8,-88.8,-999.9,-88.8
911,-5.2,24.1,30.3,40.5,888.8,-88.8,-999.9,-88.8
912,-5.2,24.1,30.3,38.6,888.8,-88.8,-999.9,-88.8
913,-5.2,24.1,30.3,38.2,888.8,-88.8,-999.9,-88.8
914,-5.1,24.1,30.3,38.2,888.8,-88.8,-999.9,-88.8
915,-5.1,24.1,30.3,37.9,888.8,-88.8,-999.9,-88.8
916,-5.1,24.1,30.3,37.4,888.8,-88.8,-999.9,-88.8
917,-5,24.1,30.3,37,888.8,-88.8,-999.9,-88.8
918,-5,24.1,30.3,37.1,888.8,-88.8,-999.9,-88.8
919,-5,24.1,30.3,38.9,888.8,-88.8,-999.9,-88.8
920,-4.9,24.2,30.3,39.4,888.8,-88.8,-999.9,-88.8
921,-4.8,24.1,30.3,37.7,888.8,-88.8,-999.9,-88.8
922,-4.8,24.1,30.3,36.9,888.8,-88.8,-999.9,-88.8
923,-4.8,24.1,30.3,36.9,888.8,-88.8,-999.9,-88.8
924,-4.8,24.1,30.3,36.8,888.8,-88.8,-999.9,-88.8
925,-4.7,24.1,30.3,36.5,888.8,-88.8,-999.9,-88.8
926,-4.7,24.1,30.3,36,888.8,-88.8,-999.9,-88.8
927,-4.7,24.1,30.3,35.7,888.8,-88.8,-999.9,-88.8
928,-4.7,24.1,30.3,35.6,888.8,-88.8,-999.9,-88.8
929,-4.6,24.2,30.3,37.3,888.8,-88.8,-999.9,-88.8
930,-4.6,24.2,30.3,39.2,888.8,-88.8,-999.9,-88.8
931,-4.6,24.2,30.3,37.5,888.8,-88.8,-999.9,-88.8
932,-4.6,24.1,30.3,36.3,888.8,-88.8,-999.9,-88.8
933,-4.5,24.2,30.3,36.1,888.8,-88.8,-999.9,-88.8
934,-4.5,24.1,30.3,36.2,888.8,-88.8,-999.9,-88.8
935,-4.5,24.2,30.4,36.1,888.8,-88.8,-999.9,-88.8
936,-4.5,24.2,30.4,35.6,888.8,-88.8,-999.9,-88.8
937,-4.4,24.2,30.4,35.2,888.8,-88.8,-999.9,-88.8
938,-4.4,24.2,30.4,35.2,888.8,-88.8,-999.9,-88.8
939,-4.4,24.2,30.3,36.8,888.8,-88.8,-999.9,-88.8
940,-4.4,24.2,30.4,39.1,888.8,-88.8,-999.9,-88.8
941,-4.4,24.2,30.3,37.9,888.8,-88.8,-999.9,-88.8
942,-4.3,24.1,30.4,36.3,888.8,-88.8,-999.9,-88.8
943,-4.3,24.2,30.4,35.9,888.8,-88.8,-999.9,-88.8
944,-4.3,24.2,30.4,36.1,888.8,-88.8,-999.9,-88.8
945,-4.3,24.2,30.4,36,888.8,-88.8,-999.9,-88.8
946,-4.3,24.2,30.3,35.6,888.8,-88.8,-999.9,-88.8
947,-4.2,24.2,30.4,35.2,888.8,-88.8,-999.9,-88.8
948,-4.2,24.2,30.4,35.1,888.8,-88.8,-999.9,-88.8
949,-4.2,24.2,30.4,36.3,888.8,-88.8,-999.9,-88.8
950,-4.2,24.2,30.4,38.6,888.8,-88.8,-999.9,-88.8
951,-4.1,24.2,30.4,37.9,888.8,-88.8,-999.9,-88.8
952,-4.1,24.2,30.4,35.1,888.8,-88.8,-999.9,-88.8
953,-4.1,24.2,30.4,34.3,888.8,-88.8,-999.9,-88.8
954,-4.1,24.2,30.4,34.5,888.8,-88.8,-999.9,-88.8
955,-4.1,24.2,30.4,34.3,888.8,-88.8,-999.9,-88.8
956,-4,24.2,30.4,33.8,888.8,-88.8,-999.9,-88.8
957,-4,24.2,30.4,33.3,888.8,-88.8,-999.9,-88.8
958,-4,24.2,30.4,32.9,888.8,-88.8,-999.9,-88.8
959,-3.9,24.2,30.4,32.6,888.8,-88.8,-999.9,-88.8
1000,-3.9,24.2,30.4,33.3,888.8,-88.8,-999.9,-88.8
1001,-3.9,24.2,30.4,34.5,888.8,-88.8,-999.9,-88.8
1002,-3.9,24.2,30.4,35.1,888.8,-88.8,-999.9,-88.8
1003,-3.9,24.2,30.4,35.4,888.8,-88.8,-999.9,-88.8
1004,-3.9,24.2,30.4,35.8,888.8,-88.8,-999.9,-88.8
1005,-3.8,24.2,30.4,36.3,888.8,-88.8,-999.9,-88.8
1006,-3.8,24.3,30.4,37,888.8,-88.8,-999.9,-88.8
1007,-3.8,24.2,30.4,37,888.8,-88.8,-999.9,-88.8
1008,-3.8,24.2,30.4,37.5,888.8,-88.8,-999.9,-88.8
1009,-3.7,24.2,30.4,38,888.8,-88.8,-999.9,-88.8
1010,-3.7,24.2,30.4,38.2,888.8,-88.8,-999.9,-88.8
1011,-3.7,24.2,30.4,38.1,888.8,-88.8,-999.9,-88.8
1012,-3.7,24.2,30.4,38.2,888.8,-88.8,-999.9,-88.8
1013,-3.7,24.2,30.4,38.4,888.8,-88.8,-999.9,-88.8
1014,-3.6,24.3,30.4,38.6,888.8,-88.8,-999.9,-88.8
1015,-3.6,24.3,30.5,38.6,888.8,-88.8,-999.9,-88.8
1016,-3.6,24.3,30.5,38.8,888.8,-88.8,-999.9,-88.8
1017,-3.6,24.3,30.5,38.9,888.8,-88.8,-999.9,-88.8
1018,-3.6,24.3,30.4,39,888.8,-88.8,-999.9,-88.8
1019,-3.5,24.3,30.5,39.3,888.8,-88.8,-999.9,-88.8
1020,-3.5,24.3,30.5,39.5,888.8,-88.8,-999.9,-88.8
1021,-3.5,24.3,30.5,40.1,888.8,-88.8,-999.9,-88.8
1022,-3.5,24.3,30.5,40.6,888.8,-88.8,-999.9,-88.8
1023,-3.4,24.3,30.5,41.1,888.8,-88.8,-999.9,-88.8
1024,-3.4,24.3,30.5,41.5,888.8,-88.8,-999.9,-88.8
1025,-3.4,24.3,30.5,41.9,888.8,-88.8,-999.9,-88.8
1026,-3.4,24.3,30.5,41.6,888.8,-88.8,-999.9,-88.8
1027,-3.3,24.3,30.5,41.2,888.8,-88.8,-999.9,-88.8
1028,-3.3,24.3,30.5,41.3,888.8,-88.8,-999.9,-88.8
1029,-3.3,24.3,30.5,40.4,888.8,-88.8,-999.9,-88.8
1030,-3.2,24.3,30.5,39.5,888.8,-88.8,-999.9,-88.8
1031,-3.1,24.3,30.5,39.2,888.8,-88.8,-999.9,-88.8
1032,-3.1,24.3,30.5,38.5,888.8,-88.8,-999.9,-88.8
1033,-3.1,24.3,30.5,37.9,888.8,-88.8,-999.9,-88.8
1034,-3,24.3,30.5,37.4,888.8,-88.8,-999.9,-88.8
1035,-3,24.3,30.5,37,888.8,-88.8,-999.9,-88.8
1036,-3,24.3,30.5,36.5,888.8,-88.8,-999.9,-88.8
1037,-2.9,24.3,30.5,35.9,888.8,-88.8,-999.9,-88.8
1038,-2.9,24.3,30.5,35.1,888.8,-88.8,-999.9,-88.8
1039,-2.9,24.3,30.5,35.5,888.8,-88.8,-999.9,-88.8
1040,-2.8,24.3,30.5,35.9,888.8,-88.8,-999.9,-88.8
1041,-2.8,24.3,30.5,35.6,888.8,-88.8,-999.9,-88.8
1042,-2.8,24.3,30.5,35.6,888.8,-88.8,-999.9,-88.8
1043,-2.7,24.3,30.5,35.4,888.8,-88.8,-999.9,-88.8
1044,-2.7,24.3,30.5,35.1,888.8,-88.8,-999.9,-88.8
1045,-2.7,24.3,30.5,34.6,888.8,-88.8,-999.9,-88.8
1046,-2.7,24.4,30.5,33.9,888.8,-88.8,-999.9,-88.8
1047,-2.7,24.3,30.5,33.3,888.8,-88.8,-999.9,-88.8
1048,-2.6,24.3,30.5,32.7,888.8,-88.8,-999.9,-88.8
1049,-2.6,24.3,30.5,31.9,888.8,-88.8,-999.9,-88.8
1050,-2.6,24.3,30.5,31.2,888.8,-88.8,-999.9,-88.8
1051,-2.6,24.3,30.5,31,888.8,-88.8,-999.9,-88.8
1052,-2.6,24.3,30.5,31.1,888.8,-88.8,-999.9,-88.8
1053,-2.5,24.3,30.5,31.7,888.8,-88.8,-999.9,-88.8
1054,-2.5,24.3,30.5,32.3,888.8,-88.8,-999.9,-88.8
1055,-2.4,24.4,30.5,32.5,888.8,-88.8,-999.9,-88.8
1056,-2.3,24.4,30.5,32.5,888.8,-88.8,-999.9,-88.8
1057,-2.2,24.3,30.5,32.5,888.8,-88.8,-999.9,-88.8
1058,-2.2,24.3,30.5,32.4,888.8,-88.8,-999.9,-88.8
1059,-2.1,24.4,30.5,32.2,888.8,-88.8,-999.9,-88.8
1100,-2,24.4,30.5,31.6,888.8,-88.8,-999.9,-88.8
1101,-1.8,24.4,30.5,30.9,888.8,-88.8,-999.9,-88.8
1102,-1.7,24.4,30.5,30.6,888.8,-88.8,-999.9,-88.8
1103,-1.6,24.4,30.5,30.7,888.8,-88.8,-999.9,-88.8
1104,-1.4,24.4,30.5,31.1,888.8,-88.8,-999.9,-88.8
1105,-1.3,24.4,30.5,31.5,888.8,-88.8,-999.9,-88.8
1106,-1.2,24.4,30.5,31.7,888.8,-88.8,-999.9,-88.8
1107,-1,24.4,30.5,31.6,888.8,-88.8,-999.9,-88.8
1108,-0.9,24.4,30.5,31.5,888.8,-88.8,-999.9,-88.8
1109,-0.7,24.4,30.6,31.5,888.8,-88.8,-999.9,-88.8
1110,-0.6,24.4,30.5,31.2,888.8,-88.8,-999.9,-88.8
1111,-0.4,24.4,30.5,30.6,888.8,-88.8,-999.9,-88.8
1112,-0.2,24.4,30.5,30.4,888.8,-88.8,-999.9,-88.8
1113,0,24.4,30.5,30.5,888.8,-88.8,-999.9,-88.8
1114,0.5,24.4,30.5,30.8,888.8,-88.8,-999.9,-88.8
1115,1.2,24.4,30.5,31.2,888.8,-88.8,-999.9,-88.8
1116,2.1,24.4,30.6,31.4,888.8,-88.8,-999.9,-88.8
1117,3.3,24.4,30.5,31.3,888.8,-88.8,-999.9,-88.8
1118,5.1,24.4,30.5,31.3,888.8,-88.8,-999.9,-88.8
1119,7.8,24.4,30.5,31.2,888.8,-88.8,-999.9,-88.8
1120,11.1,24.4,30.5,30.8,888.8,-88.8,-999.9,-88.8
1121,14.8,24.4,30.5,30.5,888.8,-88.8,-999.9,-88.8
1122,18.6,24.4,30.5,30.1,888.8,-88.8,-999.9,-88.8
1123,22.3,24.4,30.5,28.9,888.8,-88.8,-999.9,-88.8
1124,25.8,24.4,30.5,27.7,888.8,-88.8,-999.9,-88.8
1125,29.2,24.4,30.5,26.9,888.8,-88.8,-999.9,-88.8
1126,32.3,24.4,30.5,26.4,888.8,-88.8,-999.9,-88.8
1127,35.5,24.5,30.5,26.3,888.8,-88.8,-999.9,-88.8
1128,44.6,24.4,30.5,26,888.8,-88.8,-999.9,-88.8
1129,48.6,24.5,30.5,26,888.8,-88.8,-999.9,-88.8
1130,42.3,24.4,30.6,26.7,888.8,-88.8,-999.9,-88.8
1131,38.4,24.5,30.6,27.1,888.8,-88.8,-999.9,-88.8
1132,37.9,24.5,30.7,27.4,888.8,-88.8,-999.9,-88.8
1133,38.9,24.5,30.8,27.7,888.8,-88.8,-999.9,-88.8
1134,40.6,24.5,30.9,28,888.8,-88.8,-999.9,-88.8
1135,42.2,24.5,31.1,28.2,888.8,-88.8,-999.9,-88.8
1136,43.3,24.6,31.2,28.4,888.8,-88.8,-999.9,-88.8
1137,43.6,24.6,31.3,28.4,888.8,-88.8,-999.9,-88.8
1138,42.7,24.6,31.4,28.1,888.8,-88.8,-999.9,-88.8
1139,42.2,24.6,31.5,27.7,888.8,-88.8,-999.9,-88.8
1140,42.3,24.6,31.7,27.5,888.8,-88.8,-999.9,-88.8
1141,43,24.7,31.8,27.7,888.8,-88.8,-999.9,-88.8
1142,43.8,24.7,32,27.6,888.8,-88.8,-999.9,-88.8
1143,44.3,24.8,32.2,27.6,888.8,-88.8,-999.9,-88.8
1144,44.4,24.8,32.4,27.7,888.8,-88.8,-999.9,-88.8
1145,44.2,24.8,32.5,27.8,888.8,-88.8,-999.9,-88.8
1146,44.2,24.9,32.7,27.9,888.8,-88.8,-999.9,-88.8
1147,43.8,24.9,32.8,28.4,888.8,-88.8,-999.9,-88.8
1148,42.5,25,33,26.5,888.8,-88.8,-999.9,-88.8
1149,41.9,25,33.2,25.9,888.8,-88.8,-999.9,-88.8
1150,41.8,25.1,33.3,26,888.8,-88.8,-999.9,-88.8
1151,40.8,25.1,33.5,26.9,888.8,-88.8,-999.9,-88.8
1152,39.4,25.1,33.5,27.6,888.8,-88.8,-999.9,-88.8
1153,38.3,25.2,33.7,27.9,888.8,-88.8,-999.9,-88.8
1154,37.1,25.2,33.9,27.9,888.8,-88.8,-999.9,-88.8
1155,36.4,25.3,33.9,27.8,888.8,-88.8,-999.9,-88.8
1156,36.4,25.3,34,27.6,888.8,-88.8,-999.9,-88.8
1157,37.6,25.3,34.1,27.3,888.8,-88.8,-999.9,-88.8
1158,37.9,25.4,34.1,27,888.8,-88.8,-999.9,-88.8
1159,38,25.4,34.1,27.1,888.8,-88.8,-999.9,-88.8
1200,38.7,25.4,34.2,27.5,888.8,-88.8,-999.9,-88.8
1201,39,25.4,34.2,28.9,888.8,-88.8,-999.9,-88.8
1202,40.6,25.4,34.2,30.3,888.8,-88.8,-999.9,-88.8
1203,43.2,25.4,34.2,30.4,888.8,-88.8,-999.9,-88.8
1204,45.6,25.4,34.2,29.9,888.8,-88.8,-999.9,-88.8
1205,48.6,25.4,34.2,29.4,888.8,-88.8,-999.9,-88.8
1206,50,25.4,34.3,29,888.8,-88.8,-999.9,-88.8
1207,48.2,25.5,34.4,28.7,888.8,-88.8,-999.9,-88.8
1208,46.4,25.5,34.5,28.4,888.8,-88.8,-999.9,-88.8
1209,46.4,25.6,34.7,28.5,888.8,-88.8,-999.9,-88.8
1210,47.4,25.6,34.9,28.8,888.8,-88.8,-999.9,-88.8
1211,46.6,25.6,35.1,29.7,888.8,-88.8,-999.9,-88.8
1212,46.1,25.7,35.3,30.5,888.8,-88.8,-999.9,-88.8
1213,46.6,25.7,35.5,30.6,888.8,-88.8,-999.9,-88.8
1214,44.7,25.8,35.7,30.2,888.8,-88.8,-999.9,-88.8
1215,44.4,25.9,35.8,29.8,888.8,-88.8,-999.9,-88.8
1216,46.6,25.9,36,29.4,888.8,-88.8,-999.9,-88.8
1217,49.4,26,36.1,29.2,888.8,-88.8,-999.9,-88.8
1218,50.9,26,36.3,28.1,888.8,-88.8,-999.9,-88.8
1219,50.4,26,36.4,26.5,888.8,-88.8,-999.9,-88.8
1220,49.5,26.1,36.6,25.8,888.8,-88.8,-999.9,-88.8
1221,48.8,26.2,36.8,25.4,888.8,-88.8,-999.9,-88.8
1222,46.5,26.2,37,25.2,888.8,-88.8,-999.9,-88.8
1223,44.4,26.3,37.2,27.9,888.8,-88.8,-999.9,-88.8
1224,43.2,26.4,37.5,28.2,888.8,-88.8,-999.9,-88.8
1225,44.5,26.4,37.6,28.1,888.8,-88.8,-999.9,-88.8
1226,47.2,26.5,37.8,28.8,888.8,-88.8,-999.9,-88.8
1227,49.4,26.5,37.9,29.3,888.8,-88.8,-999.9,-88.8
1228,48.8,26.6,38,30.5,888.8,-88.8,-999.9,-88.8
1229,45.5,26.7,38.2,32.1,888.8,-88.8,-999.9,-88.8
1230,41.9,26.7,38.2,33.8,888.8,-88.8,-999.9,-88.8
1231,39.3,26.7,38.4,34.7,888.8,-88.8,-999.9,-88.8
1232,38.5,26.8,38.5,35.9,888.8,-88.8,-999.9,-88.8
1233,36.1,26.8,38.6,36.8,888.8,-88.8,-999.9,-88.8
1234,33.2,26.9,38.6,37.6,888.8,-88.8,-999.9,-88.8
1235,31,26.9,38.7,38.4,888.8,-88.8,-999.9,-88.8
1236,29.7,26.9,38.7,39.2,888.8,-88.8,-999.9,-88.8
1237,28.7,26.9,38.7,39.8,888.8,-88.8,-999.9,-88.8
1238,27.7,26.9,38.7,40.2,888.8,-88.8,-999.9,-88.8
1239,26.9,27,38.8,40.5,888.8,-88.8,-999.9,-88.8
1240,26.3,26.9,38.7,40.3,888.8,-88.8,-999.9,-88.8
1241,25.8,26.9,38.8,39.3,888.8,-88.8,-999.9,-88.8
1242,25.4,26.9,38.7,39.4,888.8,-88.8,-999.9,-88.8
1243,25,27,38.8,39.6,888.8,-88.8,-999.9,-88.8
1244,24.5,27,38.8,39.2,888.8,-88.8,-999.9,-88.8
1245,24.1,26.9,38.8,38.6,888.8,-88.8,-999.9,-88.8
1246,23.7,26.9,38.8,38.2,888.8,-88.8,-999.9,-88.8
1247,23.3,26.9,38.8,37.6,888.8,-88.8,-999.9,-88.8
1248,22.8,26.9,38.8,37.6,888.8,-88.8,-999.9,-88.8
1249,22.3,26.9,38.8,33.4,888.8,-88.8,-999.9,-88.8
1250,21.9,26.9,38.8,30.1,888.8,-88.8,-999.9,-88.8
1251,21.4,26.9,38.8,28.9,888.8,-88.8,-999.9,-88.8
1252,20.9,26.9,38.8,28.1,888.8,-88.8,-999.9,-88.8
1253,20.5,26.9,38.8,29.3,888.8,-88.8,-999.9,-88.8
1254,20.1,26.9,38.8,30.3,888.8,-88.8,-999.9,-88.8
1255,19.7,26.8,38.8,31.4,888.8,-88.8,-999.9,-88.8
1256,19.4,26.8,38.8,33.2,888.8,-88.8,-999.9,-88.8
1257,19.2,26.8,38.8,34.5,888.8,-88.8,-999.9,-88.8
1258,19,26.7,38.8,35.1,888.8,-88.8,-999.9,-88.8
1259,18.9,26.7,38.8,34.9,888.8,-88.8,-999.9,-88.8
1300,18.8,26.7,38.8,34.7,888.8,-88.8,-999.9,-88.8
1301,18.7,26.7,38.8,34.4,888.8,-88.8,-999.9,-88.8
1302,18.7,26.7,38.8,34.2,888.8,-88.8,-999.9,-88.8
1303,18.8,26.6,38.8,30.8,888.8,-88.8,-999.9,-88.8
1304,18.9,26.6,38.8,28.9,888.8,-88.8,-999.9,-88.8
1305,19,26.6,38.8,27.5,888.8,-88.8,-999.9,-88.8
1306,19.1,26.6,38.8,26.7,888.8,-88.8,-999.9,-88.8
1307,19.3,26.6,38.8,27.1,888.8,-88.8,-999.9,-88.8
1308,19.4,26.6,38.8,27.6,888.8,-88.8,-999.9,-88.8
1309,19.5,26.6,38.8,28.5,888.8,-88.8,-999.9,-88.8
1310,19.5,26.6,38.8,29.3,888.8,-88.8,-999.9,-88.8
1311,19.6,26.6,38.8,29.8,888.8,-88.8,-999.9,-88.8
1312,19.4,26.6,38.8,30,888.8,-88.8,-999.9,-88.8
1313,19.4,26.6,38.8,30,888.8,-88.8,-999.9,-88.8
1314,19.3,26.6,38.8,30.5,888.8,-88.8,-999.9,-88.8
1315,19.2,26.6,38.8,31.1,888.8,-88.8,-999.9,-88.8
1316,19.1,26.6,38.8,31.8,888.8,-88.8,-999.9,-88.8
1317,19,26.6,38.8,32.6,888.8,-88.8,-999.9,-88.8
1318,19.1,26.6,38.8,33.4,888.8,-88.8,-999.9,-88.8
1319,19.4,26.6,38.8,34.2,888.8,-88.8,-999.9,-88.8
1320,20,26.6,38.8,34.9,888.8,-88.8,-999.9,-88.8
1321,21,26.6,38.8,35.5,888.8,-88.8,-999.9,-88.8
1322,22.7,26.6,38.8,36.1,888.8,-88.8,-999.9,-88.8
1323,27.7,26.6,38.8,36.5,888.8,-88.8,-999.9,-88.8
1324,42.3,26.7,38.8,37,888.8,-88.8,-999.9,-88.8
1325,48.7,26.6,38.8,37.7,888.8,-88.8,-999.9,-88.8
1326,46.6,26.6,38.8,38.2,888.8,-88.8,-999.9,-88.8
1327,43.3,26.7,38.8,38.6,888.8,-88.8,-999.9,-88.8
1328,40.5,26.7,38.8,39,888.8,-88.8,-999.9,-88.8
1329,39.5,26.7,38.8,39.3,888.8,-88.8,-999.9,-88.8
1330,37.7,26.7,38.8,39.7,888.8,-88.8,-999.9,-88.8
1331,34.7,26.7,38.8,39.9,888.8,-88.8,-999.9,-88.8
1332,32.5,26.8,38.8,40.2,888.8,-88.8,-999.9,-88.8
1333,32.4,26.8,38.8,40.4,888.8,-88.8,-999.9,-88.8
1334,34.6,26.8,38.8,40.7,888.8,-88.8,-999.9,-88.8
1335,36.8,26.8,38.8,40.9,888.8,-88.8,-999.9,-88.8
1336,37.8,26.8,38.8,41.2,888.8,-88.8,-999.9,-88.8
1337,38.1,26.8,38.8,41.4,888.8,-88.8,-999.9,-88.8
1338,37.9,26.8,38.8,41.6,888.8,-88.8,-999.9,-88.8
1339,37.6,26.8,38.8,41.8,888.8,-88.8,-999.9,-88.8
1340,37.2,26.8,38.8,41.9,888.8,-88.8,-999.9,-88.8
1341,37.1,26.8,38.8,42.1,888.8,-88.8,-999.9,-88.8
1342,37.1,26.8,38.8,42.2,888.8,-88.8,-999.9,-88.8
1343,37.2,26.8,38.8,42.4,888.8,-88.8,-999.9,-88.8
1344,39.4,26.8,38.8,42.6,888.8,-88.8,-999.9,-88.8
1345,41.7,26.8,38.8,42.7,888.8,-88.8,-999.9,-88.8
1346,42.3,26.8,38.8,42.8,888.8,-88.8,-999.9,-88.8
1347,42.8,26.8,38.8,42.9,888.8,-88.8,-999.9,-88.8
1348,51.2,26.8,38.8,43.1,888.8,-88.8,-999.9,-88.8
1349,57,26.8,38.8,43.2,888.8,-88.8,-999.9,-88.8
1350,55.6,26.8,38.8,43.3,888.8,-88.8,-999.9,-88.8
1351,51.4,26.8,38.9,43.4,888.8,-88.8,-999.9,-88.8
1352,49,26.9,39.2,43.5,888.8,-88.8,-999.9,-88.8
1353,49.3,27,39.4,43.5,888.8,-88.8,-999.9,-88.8
1354,49.7,27,39.7,43.6,888.8,-88.8,-999.9,-88.8
1355,49.1,27.1,39.9,43.2,888.8,-88.8,-999.9,-88.8
1356,49.8,27.1,40,42.9,888.8,-88.8,-999.9,-88.8
1357,51.1,27.2,40.1,42.7,888.8,-88.8,-999.9,-88.8
1358,51.9,27.3,40.3,42.4,888.8,-88.8,-999.9,-88.8
1359,52.4,27.4,40.4,42,888.8,-88.8,-999.9,-88.8
1400,52.3,27.4,40.6,41.6,888.8,-88.8,-999.9,-88.8
1401,51.4,27.5,40.8,41,888.8,-88.8,-999.9,-88.8
1402,51.2,27.6,40.9,40.5,888.8,-88.8,-999.9,-88.8
1403,51.6,27.7,41.1,40.4,888.8,-88.8,-999.9,-88.8
1404,50.2,27.8,41.2,40.4,888.8,-88.8,-999.9,-88.8
1405,48.2,27.8,41.4,40.5,888.8,-88.8,-999.9,-88.8
1406,46,27.9,41.6,40.8,888.8,-88.8,-999.9,-88.8
1407,43.9,27.9,41.7,41.2,888.8,-88.8,-999.9,-88.8
1408,43.2,28,41.8,41.6,888.8,-88.8,-999.9,-88.8
1409,43,28.1,41.9,41.9,888.8,-88.8,-999.9,-88.8
1410,40.3,28.1,42,42.2,888.8,-88.8,-999.9,-88.8
1411,37.9,28.2,42.1,42.4,888.8,-88.8,-999.9,-88.8
1412,36.9,28.2,42.1,42.7,888.8,-88.8,-999.9,-88.8
1413,36.8,28.2,42.1,42.8,888.8,-88.8,-999.9,-88.8
1414,37.3,28.2,42.1,43,888.8,-88.8,-999.9,-88.8
1415,37.8,28.2,42.1,43.1,888.8,-88.8,-999.9,-88.8
1416,38.3,28.2,42.1,43.2,888.8,-88.8,-999.9,-88.8
1417,38.8,28.2,42.1,42.8,888.8,-88.8,-999.9,-88.8
1418,39.1,28.2,42.1,42.5,888.8,-88.8,-999.9,-88.8
1419,39.3,28.2,42.1,42.3,888.8,-88.8,-999.9,-88.8
1420,39.4,28.2,42.1,40.9,888.8,-88.8,-999.9,-88.8
1421,39.3,28.2,42.1,39.2,888.8,-88.8,-999.9,-88.8
1422,39.2,28.2,42.2,38.7,888.8,-88.8,-999.9,-88.8
1423,39.1,28.2,42.1,38.2,888.8,-88.8,-999.9,-88.8
1424,38.7,28.2,42.2,38,888.8,-88.8,-999.9,-88.8
1425,38.1,28.2,42.1,37.7,888.8,-88.8,-999.9,-88.8
1426,37.5,28.2,42.1,37.9,888.8,-88.8,-999.9,-88.8
1427,37.2,28.2,42.1,38.2,888.8,-88.8,-999.9,-88.8
1428,37.1,28.2,42.1,38.7,888.8,-88.8,-999.9,-88.8
1429,37.2,28.2,42.1,39.2,888.8,-88.8,-999.9,-88.8
1430,37.4,28.2,42.1,39.7,888.8,-88.8,-999.9,-88.8
1431,37.7,28.2,42.1,40.1,888.8,-88.8,-999.9,-88.8
1432,38,28.2,42.2,40.6,888.8,-88.8,-999.9,-88.8
1433,38.2,28.2,42.1,40.9,888.8,-88.8,-999.9,-88.8
1434,38.5,28.2,42.1,41.2,888.8,-88.8,-999.9,-88.8
1435,38.8,28.2,42.1,41.4,888.8,-88.8,-999.9,-88.8
1436,40.1,28.2,42.1,41.7,888.8,-88.8,-999.9,-88.8
1437,42.3,28.2,42.1,41.9,888.8,-88.8,-999.9,-88.8
1438,43.1,28.2,42.1,42.1,888.8,-88.8,-999.9,-88.8
1439,43.9,28.2,42.1,42.3,888.8,-88.8,-999.9,-88.8
1440,45.9,28.2,42.1,42.5,888.8,-88.8,-999.9,-88.8
1441,47,28.2,42.1,42.7,888.8,-88.8,-999.9,-88.8
1442,47.2,28.2,42.1,42.9,888.8,-88.8,-999.9,-88.8
1443,51,28.2,42.1,43.1,888.8,-88.8,-999.9,-88.8
1444,54.2,28.2,42.1,43.1,888.8,-88.8,-999.9,-88.8
1445,55.2,28.2,42.1,42.5,888.8,-88.8,-999.9,-88.8
1446,54.5,28.3,42.2,42.2,888.8,-88.8,-999.9,-88.8
1447,52.9,28.3,42.3,41.9,888.8,-88.8,-999.9,-88.8
1448,51.3,28.4,42.4,41.7,888.8,-88.8,-999.9,-88.8
1449,50.6,28.5,42.6,41.4,888.8,-88.8,-999.9,-88.8
1450,50.4,28.5,42.7,41,888.8,-88.8,-999.9,-88.8
1451,50.6,28.6,42.9,40.5,888.8,-88.8,-999.9,-88.8
1452,50.8,28.7,43.1,40.1,888.8,-88.8,-999.9,-88.8
1453,51,28.7,43.2,39.6,888.8,-88.8,-999.9,-88.8
1454,51.2,28.8,43.3,39.3,888.8,-88.8,-999.9,-88.8
1455,51.3,28.9,43.4,39.3,888.8,-88.8,-999.9,-88.8
1456,51.4,29,43.5,39.5,888.8,-88.8,-999.9,-88.8
1457,51.4,29,43.6,39.9,888.8,-88.8,-999.9,-88.8
1458,51.4,29.1,43.8,40.4,888.8,-88.8,-999.9,-88.8
1459,51.4,29.2,43.9,40.8,888.8,-88.8,-999.9,-88.8
1500,51.4,29.2,44,41.2,888.8,-88.8,-999.9,-88.8
1501,51.2,29.3,44.1,41.7,888.8,-88.8,-999.9,-88.8
1502,51.2,29.4,44.2,42,888.8,-88.8,-999.9,-88.8
1503,51.1,29.5,44.3,42.3,888.8,-88.8,-999.9,-88.8
1504,50.8,29.5,44.4,42.6,888.8,-88.8,-999.9,-88.8
1505,50.7,29.6,44.5,42.5,888.8,-88.8,-999.9,-88.8
1506,50.7,29.7,44.6,42.2,888.8,-88.8,-999.9,-88.8
1507,50.6,29.8,44.7,42.1,888.8,-88.8,-999.9,-88.8
1508,50.6,29.8,44.8,41.9,888.8,-88.8,-999.9,-88.8
1509,50,29.9,44.9,41.6,888.8,-88.8,-999.9,-88.8
1510,47.7,30,45,41.2,888.8,-88.8,-999.9,-88.8
1511,46.1,30,45,40.7,888.8,-88.8,-999.9,-88.8
1512,45.4,30.1,45.2,40.3,888.8,-88.8,-999.9,-88.8
1513,41.1,30.2,45.2,39.9,888.8,-88.8,-999.9,-88.8
1514,38.3,30.2,45.2,39.5,888.8,-88.8,-999.9,-88.8
1515,36.7,30.2,45.2,39.1,888.8,-88.8,-999.9,-88.8
1516,36.3,30.2,45.2,38.6,888.8,-88.8,-999.9,-88.8
1517,37.4,30.2,45.2,38.6,888.8,-88.8,-999.9,-88.8
1518,39.7,30.2,45.3,38.6,888.8,-88.8,-999.9,-88.8
1519,42.5,30.2,45.3,38.9,888.8,-88.8,-999.9,-88.8
1520,46,30.2,45.3,39.4,888.8,-88.8,-999.9,-88.8
1521,48.5,30.3,45.3,40,888.8,-88.8,-999.9,-88.8
1522,48.8,30.2,45.3,40.5,888.8,-88.8,-999.9,-88.8
1523,46.6,30.2,45.3,41,888.8,-88.8,-999.9,-88.8
1524,45,30.2,45.3,41.4,888.8,-88.8,-999.9,-88.8
1525,45.6,30.2,45.3,41.7,888.8,-88.8,-999.9,-88.8
1526,47.3,30.2,45.3,42,888.8,-88.8,-999.9,-88.8
1527,48.8,30.2,45.3,42.3,888.8,-88.8,-999.9,-88.8
1528,49.1,30.2,45.3,42.5,888.8,-88.8,-999.9,-88.8
1529,49.3,30.2,45.3,42.1,888.8,-88.8,-999.9,-88.8
1530,48.7,30.2,45.3,42,888.8,-88.8,-999.9,-88.8
1531,47.4,30.2,45.2,41.8,888.8,-88.8,-999.9,-88.8
1532,47.8,30.2,45.2,41.6,888.8,-88.8,-999.9,-88.8
1533,48.6,30.2,45.3,41.3,888.8,-88.8,-999.9,-88.8
1534,49.2,30.1,45.3,40.9,888.8,-88.8,-999.9,-88.8
1535,49.4,30.1,45.3,40.4,888.8,-88.8,-999.9,-88.8
1536,49.2,30.1,45.3,40.1,888.8,-88.8,-999.9,-88.8
1537,49,30.1,45.2,39.7,888.8,-88.8,-999.9,-88.8
1538,49,30.1,45.3,39.3,888.8,-88.8,-999.9,-88.8
1539,49,30.1,45.3,38.9,888.8,-88.8,-999.9,-88.8
1540,48.8,30.1,45.2,38.6,888.8,-88.8,-999.9,-88.8
1541,48.2,30.1,45.3,38.6,888.8,-88.8,-999.9,-88.8
1542,47.8,30.1,45.3,38.8,888.8,-88.8,-999.9,-88.8
1543,47.6,30.2,45.2,39,888.8,-88.8,-999.9,-88.8
1544,47.3,30.1,45.3,39.5,888.8,-88.8,-999.9,-88.8
1545,47,30.1,45.2,40.1,888.8,-88.8,-999.9,-88.8
1546,47.1,30.1,45.2,40.7,888.8,-88.8,-999.9,-88.8
1547,47.1,30.1,45.2,41.2,888.8,-88.8,-999.9,-88.8
1548,46.8,30.1,45.3,41.5,888.8,-88.8,-999.9,-88.8
1549,46.6,30.1,45.3,41.9,888.8,-88.8,-999.9,-88.8
1550,46.4,30.1,45.3,42.3,888.8,-88.8,-999.9,-88.8
1551,46.1,30.1,45.2,42.3,888.8,-88.8,-999.9,-88.8
1552,45.8,30.1,45.2,42.1,888.8,-88.8,-999.9,-88.8
1553,45.4,30.1,45.3,42,888.8,-88.8,-999.9,-88.8
1554,45,30.1,45.3,41.9,888.8,-88.8,-999.9,-88.8
1555,44.5,30.1,45.3,41.6,888.8,-88.8,-999.9,-88.8
1556,44.1,30.1,45.3,41.2,888.8,-88.8,-999.9,-88.8
1557,43.5,30.1,45.3,40.8,888.8,-88.8,-999.9,-88.8
1558,42.8,30.1,45.2,40.4,888.8,-88.8,-999.9,-88.8
1559,41.9,30.1,45.3,40.1,888.8,-88.8,-999.9,-88.8
1600,41,30.1,45.2,39.6,888.8,-88.8,-999.9,-88.8
1601,40.1,30.1,45.2,39.3,888.8,-88.8,-999.9,-88.8
1602,39.2,30.1,45.2,38.9,888.8,-88.8,-999.9,-88.8
1603,38.2,30.1,45.2,38.5,888.8,-88.8,-999.9,-88.8
1604,36.5,30.1,45.2,38.4,888.8,-88.8,-999.9,-88.8
1605,35.7,30,45.2,38.4,888.8,-88.8,-999.9,-88.8
1606,35.4,30.1,45.3,38.7,888.8,-88.8,-999.9,-88.8
1607,35.3,30.1,45.2,39.2,888.8,-88.8,-999.9,-88.8
1608,35.4,30.1,45.2,39.8,888.8,-88.8,-999.9,-88.8
1609,35.6,30.1,45.2,40.3,888.8,-88.8,-999.9,-88.8
1610,35.8,30.1,45.2,40.8,888.8,-88.8,-999.9,-88.8
1611,35.9,30.1,45.2,41.3,888.8,-88.8,-999.9,-88.8
1612,35.9,30.1,45.2,41.6,888.8,-88.8,-999.9,-88.8
1613,35.8,30.1,45.2,42,888.8,-88.8,-999.9,-88.8
1614,35.7,30.1,45.2,42.4,888.8,-88.8,-999.9,-88.8
1615,35.5,30.1,45.2,42.4,888.8,-88.8,-999.9,-88.8
1616,35.3,30.1,45.2,42.2,888.8,-88.8,-999.9,-88.8
1617,35.1,30.1,45.2,42.1,888.8,-88.8,-999.9,-88.8
1618,34.8,30.1,45.2,41.9,888.8,-88.8,-999.9,-88.8
1619,34.2,30.1,45.2,41.6,888.8,-88.8,-999.9,-88.8
1620,33.6,30.1,45.2,41.1,888.8,-88.8,-999.9,-88.8
1621,33,30.1,45.2,40.7,888.8,-88.8,-999.9,-88.8
1622,32.6,30.1,45.2,40.3,888.8,-88.8,-999.9,-88.8
1623,32.2,30.1,45.2,39.9,888.8,-88.8,-999.9,-88.8
1624,31.7,30.1,45.2,39.3,888.8,-88.8,-999.9,-88.8
1625,31.1,30.1,45.2,38.8,888.8,-88.8,-999.9,-88.8
1626,30.5,30.1,45.2,38.6,888.8,-88.8,-999.9,-88.8
1627,29.9,30.1,45.2,38.6,888.8,-88.8,-999.9,-88.8
1628,29.4,30.1,45.2,38.7,888.8,-88.8,-999.9,-88.8
1629,28.8,30.1,45.2,39.3,888.8,-88.8,-999.9,-88.8
1630,28.2,30.1,45.2,39.9,888.8,-88.8,-999.9,-88.8
1631,27.6,30.2,45.2,40.5,888.8,-88.8,-999.9,-88.8
1632,27,30.1,45.2,41,888.8,-88.8,-999.9,-88.8
1633,26.4,30.2,45.2,41.5,888.8,-88.8,-999.9,-88.8
1634,25.8,30.1,45.2,41.9,888.8,-88.8,-999.9,-88.8
1635,25.2,30.2,45.2,42.2,888.8,-88.8,-999.9,-88.8
1636,24.6,30.1,45.2,42.4,888.8,-88.8,-999.9,-88.8
1637,24,30.2,45.2,42.8,888.8,-88.8,-999.9,-88.8
1638,23.4,30.1,45.2,42.5,888.8,-88.8,-999.9,-88.8
1639,22.7,30.2,45.2,42.3,888.8,-88.8,-999.9,-88.8
1640,22.1,30.2,45.2,42.1,888.8,-88.8,-999.9,-88.8
1641,21.5,30.2,45.2,41.8,888.8,-88.8,-999.9,-88.8
1642,20.9,30.2,45.2,41.4,888.8,-88.8,-999.9,-88.8
1643,20.3,30.2,45.2,41,888.8,-88.8,-999.9,-88.8
1644,19.7,30.2,45.2,39.4,888.8,-88.8,-999.9,-88.8
1645,19.2,30.2,45.2,36.9,888.8,-88.8,-999.9,-88.8
1646,18.7,30.2,45.2,36.4,888.8,-88.8,-999.9,-88.8
1647,18.2,30.2,45.2,36.2,888.8,-88.8,-999.9,-88.8
1648,17.7,30.1,45.2,36.6,888.8,-88.8,-999.9,-88.8
1649,17.1,30.1,45.2,37.5,888.8,-88.8,-999.9,-88.8
1650,16.6,30.1,45.2,38.2,888.8,-88.8,-999.9,-88.8
1651,16.1,30.1,45.2,38.8,888.8,-88.8,-999.9,-88.8
1652,15.6,30.1,45.2,39.2,888.8,-88.8,-999.9,-88.8
1653,15.1,30.1,45.2,39.6,888.8,-88.8,-999.9,-88.8
1654,14.6,30.1,45.2,40.1,888.8,-88.8,-999.9,-88.8
1655,14.2,30.1,45.2,40.4,888.8,-88.8,-999.9,-88.8
1656,13.7,30.1,45.2,40.8,888.8,-88.8,-999.9,-88.8
1657,13.3,30.1,45.2,41.1,888.8,-88.8,-999.9,-88.8
1658,12.9,30.1,45.2,41.4,888.8,-88.8,-999.9,-88.8
1659,12.5,30.1,45.2,41.6,888.8,-88.8,-999.9,-88.8
1700,12.1,30.1,45.2,41.9,888.8,-88.8,-999.9,-88.8
1701,11.7,30.1,45.2,42.1,888.8,-88.8,-999.9,-88.8
1702,11.3,30.1,45.1,42.3,888.8,-88.8,-999.9,-88.8
1703,10.9,30.1,45.1,42.5,888.8,-88.8,-999.9,-88.8
1704,10.5,30.1,45.2,42.7,888.8,-88.8,-999.9,-88.8
1705,10.1,30.1,45.2,42.8,888.8,-88.8,-999.9,-88.8
1706,9.8,30.2,45.2,42.4,888.8,-88.8,-999.9,-88.8
1707,9.4,30.1,45.2,42,888.8,-88.8,-999.9,-88.8
1708,9.1,30.2,45.2,41.8,888.8,-88.8,-999.9,-88.8
1709,8.8,30.2,45.2,41.6,888.8,-88.8,-999.9,-88.8
1710,8.5,30.2,45.2,41.2,888.8,-88.8,-999.9,-88.8
1711,8.2,30.2,45.1,40.8,888.8,-88.8,-999.9,-88.8
1712,7.9,30.1,45.1,40.4,888.8,-88.8,-999.9,-88.8
1713,7.6,30.2,45.1,40.1,888.8,-88.8,-999.9,-88.8
1714,7.4,30.2,45.1,39.7,888.8,-88.8,-999.9,-88.8
1715,7.1,30.2,45.1,39.3,888.8,-88.8,-999.9,-88.8
1716,6.8,30.2,45.1,38.7,888.8,-88.8,-999.9,-88.8
1717,6.5,30.2,45.1,38.5,888.8,-88.8,-999.9,-88.8
1718,6.3,30.2,45.1,38.5,888.8,-88.8,-999.9,-88.8
1719,6,30.2,45.1,38.8,888.8,-88.8,-999.9,-88.8
1720,5.7,30.2,45.1,39.3,888.8,-88.8,-999.9,-88.8
1721,5.5,30.2,45.1,39.9,888.8,-88.8,-999.9,-88.8
1722,5.2,30.2,45.1,40.5,888.8,-88.8,-999.9,-88.8
1723,5,30.2,45.1,41,888.8,-88.8,-999.9,-88.8
1724,4.8,30.2,45.1,41.5,888.8,-88.8,-999.9,-88.8
1725,4.6,30.2,45.1,41.9,888.8,-88.8,-999.9,-88.8
1726,4.4,30.2,45.1,42.2,888.8,-88.8,-999.9,-88.8
1727,4.1,30.2,45.1,42.5,888.8,-88.8,-999.9,-88.8
1728,4,30.2,45.1,42.3,888.8,-88.8,-999.9,-88.8
1729,3.8,30.2,45.1,42.2,888.8,-88.8,-999.9,-88.8
1730,3.6,30.2,45.1,42.1,888.8,-88.8,-999.9,-88.8
1731,3.4,30.2,45.1,41.8,888.8,-88.8,-999.9,-88.8
1732,3.2,30,45.1,41.4,888.8,-88.8,-999.9,-88.8
1733,3.1,30,45,40.9,888.8,-88.8,-999.9,-88.8
1734,2.9,29.9,45,40.6,888.8,-88.8,-999.9,-88.8
1735,2.8,29.7,45,40,888.8,-88.8,-999.9,-88.8
1736,2.6,29.7,45,39.8,888.8,-88.8,-999.9,-88.8
1737,2.4,29.5,45,39.4,888.8,-88.8,-999.9,-88.8
1738,2.3,29.4,45,39,888.8,-88.8,-999.9,-88.8
1739,2.1,29.3,45,38.6,888.8,-88.8,-999.9,-88.8
1740,1.9,29.2,45,38.6,888.8,-88.8,-999.9,-88.8
1741,1.8,29.1,44.9,38.7,888.8,-88.8,-999.9,-88.8
1742,1.6,29.1,44.9,39,888.8,-88.8,-999.9,-88.8
1743,1.5,29,44.9,39.6,888.8,-88.8,-999.9,-88.8
1744,1.3,29,44.9,40.2,888.8,-88.8,-999.9,-88.8
1745,1.2,29,44.9,40.7,888.8,-88.8,-999.9,-88.8
1746,1,29,44.9,41.2,888.8,-88.8,-999.9,-88.8
1747,0.9,29,44.9,41.6,888.8,-88.8,-999.9,-88.8
1748,0.7,29,44.9,38.7,888.8,-88.8,-999.9,-88.8
1749,0.6,29,44.9,39.6,888.8,-88.8,-999.9,-88.8
1750,0.4,29,44.9,40.5,888.8,-88.8,-999.9,-88.8
1751,0.3,29,44.9,41.1,888.8,-88.8,-999.9,-88.8
1752,0.1,29,44.8,42.1,888.8,-88.8,-999.9,-88.8
1753,0,29,44.9,42.5,888.8,-88.8,-999.9,-88.8
1754,0,29,44.8,42.8,888.8,-88.8,-999.9,-88.8
1755,-0.1,29,44.9,43,888.8,-88.8,-999.9,-88.8
1756,-0.3,29,44.8,42.9,888.8,-88.8,-999.9,-88.8
1757,-0.4,29,44.8,42.2,888.8,-88.8,-999.9,-88.8
1758,-0.5,29,44.8,41.6,888.8,-88.8,-999.9,-88.8
1759,-0.7,29,44.8,41.1,888.8,-88.8,-999.9,-88.8
1800,-0.8,29,44.8,41.1,888.8,-88.8,-999.9,-88.8
1801,-0.9,29,44.8,41.2,888.8,-88.8,-999.9,-88.8
1802,-1,29,44.8,41.4,888.8,-88.8,-999.9,-88.8
1803,-1.1,29,44.8,41.8,888.8,-88.8,-999.9,-88.8
1804,-1.3,29,44.8,42.2,888.8,-88.8,-999.9,-88.8
1805,-1.4,29,44.8,42.3,888.8,-88.8,-999.9,-88.8
1806,-1.5,29,44.8,42.5,888.8,-88.8,-999.9,-88.8
1807,-1.5,29.1,44.8,42.7,888.8,-88.8,-999.9,-88.8
1808,-1.6,29.1,44.8,42.9,888.8,-88.8,-999.9,-88.8
1809,-1.8,29.1,44.8,43.1,888.8,-88.8,-999.9,-88.8
1810,-1.9,29.1,44.8,43.3,888.8,-88.8,-999.9,-88.8
1811,-2,29.1,44.8,43.5,888.8,-88.8,-999.9,-88.8
1812,-2.1,29.1,44.8,43.7,888.8,-88.8,-999.9,-88.8
1813,-2.2,29.1,44.8,43.9,888.8,-88.8,-999.9,-88.8
1814,-2.3,29.1,44.8,44.1,888.8,-88.8,-999.9,-88.8
1815,-2.4,29.2,44.8,44.1,888.8,-88.8,-999.9,-88.8
1816,-2.5,29.1,44.8,43.7,888.8,-88.8,-999.9,-88.8
1817,-2.6,29.1,44.8,43.4,888.8,-88.8,-999.9,-88.8
1818,-2.7,29.1,44.8,43.4,888.8,-88.8,-999.9,-88.8
1819,-2.8,29.1,44.7,42.7,888.8,-88.8,-999.9,-88.8
1820,-2.9,29.1,44.8,42.2,888.8,-88.8,-999.9,-88.8
1821,-3,29.1,44.8,41.8,888.8,-88.8,-999.9,-88.8
1822,-3.1,29.1,44.8,41.5,888.8,-88.8,-999.9,-88.8
1823,-3.2,29.1,44.8,41.2,888.8,-88.8,-999.9,-88.8
1824,-3.3,29.1,44.8,41.1,888.8,-88.8,-999.9,-88.8
1825,-3.4,29.1,44.7,41,888.8,-88.8,-999.9,-88.8
1826,-3.5,29,44.7,40.7,888.8,-88.8,-999.9,-88.8
1827,-3.6,29,44.7,40.5,888.8,-88.8,-999.9,-88.8
1828,-3.6,29,44.7,40.2,888.8,-88.8,-999.9,-88.8
1829,-3.7,29,44.7,39.9,888.8,-88.8,-999.9,-88.8
1830,-3.8,28.9,44.7,40,888.8,-88.8,-999.9,-88.8
1831,-3.9,28.9,44.7,40,888.8,-88.8,-999.9,-88.8
1832,-4,28.9,44.7,40.2,888.8,-88.8,-999.9,-88.8
1833,-4.1,28.9,44.7,40.6,888.8,-88.8,-999.9,-88.8
1834,-4.2,28.9,44.7,41,888.8,-88.8,-999.9,-88.8
1835,-4.3,28.9,44.7,41.3,888.8,-88.8,-999.9,-88.8
1836,-4.3,28.9,44.7,41.6,888.8,-88.8,-999.9,-88.8
1837,-4.4,28.9,44.7,41.9,888.8,-88.8,-999.9,-88.8
1838,-4.5,28.9,44.7,42.2,888.8,-88.8,-999.9,-88.8
1839,-4.6,28.9,44.6,42.5,888.8,-88.8,-999.9,-88.8
1840,-4.7,28.9,44.7,42.6,888.8,-88.8,-999.9,-88.8
1841,-4.7,28.9,44.6,42.1,888.8,-88.8,-999.9,-88.8
1842,-4.8,28.9,44.6,41.8,888.8,-88.8,-999.9,-88.8
1843,-5,28.9,44.6,41.5,888.8,-88.8,-999.9,-88.8
1844,-5,28.9,44.7,41.3,888.8,-88.8,-999.9,-88.8
1845,-5.1,28.9,44.6,41.1,888.8,-88.8,-999.9,-88.8
1846,-5.2,28.9,44.6,40.9,888.8,-88.8,-999.9,-88.8
1847,-5.2,28.9,44.6,40.8,888.8,-88.8,-999.9,-88.8
1848,-5.3,28.9,44.6,40.5,888.8,-88.8,-999.9,-88.8
1849,-5.4,28.9,44.6,40.2,888.8,-88.8,-999.9,-88.8
1850,-5.5,28.9,44.6,40.3,888.8,-88.8,-999.9,-88.8
1851,-5.6,28.9,44.6,40.3,888.8,-88.8,-999.9,-88.8
1852,-5.6,28.9,44.6,40.4,888.8,-88.8,-999.9,-88.8
1853,-5.7,28.9,44.6,40.8,888.8,-88.8,-999.9,-88.8
1854,-5.8,28.9,44.6,41,888.8,-88.8,-999.9,-88.8
1855,-5.8,28.9,44.6,41.4,888.8,-88.8,-999.9,-88.8
1856,-5.9,28.9,44.6,41.7,888.8,-88.8,-999.9,-88.8
1857,-5.9,28.9,44.6,41.9,888.8,-88.8,-999.9,-88.8
1858,-6,28.9,44.6,42.1,888.8,-88.8,-999.9,-88.8
1859,-6,28.9,44.6,42.5,888.8,-88.8,-999.9,-88.8
1900,-6,28.9,44.6,42.8,888.8,-88.8,-999.9,-88.8
1901,-6.1,28.8,44.6,43,888.8,-88.8,-999.9,-88.8
1902,-6.1,28.7,44.6,43.1,888.8,-88.8,-999.9,-88.8
1903,-6.1,28.7,44.6,43.5,888.8,-88.8,-999.9,-88.8
1904,-6.1,28.6,44.5,43.8,888.8,-88.8,-999.9,-88.8
1905,-6.1,28.5,44.5,44,888.8,-88.8,-999.9,-88.8
1906,-6.2,28.3,44.5,43.9,888.8,-88.8,-999.9,-88.8
1907,-6.2,28.2,44.4,43.4,888.8,-88.8,-999.9,-88.8
1908,-6.2,28.2,44.4,43,888.8,-88.8,-999.9,-88.8
1909,-6.3,28.1,44.4,42.7,888.8,-88.8,-999.9,-88.8
1910,-6.3,28.1,44.4,42.3,888.8,-88.8,-999.9,-88.8
1911,-6.4,28,44.4,42.1,888.8,-88.8,-999.9,-88.8
1912,-6.4,28,44.4,41.8,888.8,-88.8,-999.9,-88.8
1913,-6.4,28,44.4,41.6,888.8,-88.8,-999.9,-88.8
1914,-6.5,28,44.4,41.2,888.8,-88.8,-999.9,-88.8
1915,-6.5,28,44.4,41,888.8,-88.8,-999.9,-88.8
1916,-6.5,28,44.4,41.1,888.8,-88.8,-999.9,-88.8
1917,-6.6,28,44.4,41,888.8,-88.8,-999.9,-88.8
1918,-6.6,28,44.4,41.3,888.8,-88.8,-999.9,-88.8
1919,-6.6,28,44.4,41.6,888.8,-88.8,-999.9,-88.8
1920,-6.7,28,44.3,41.9,888.8,-88.8,-999.9,-88.8
1921,-6.7,28,44.4,42.1,888.8,-88.8,-999.9,-88.8
1922,-6.7,28,44.3,42.5,888.8,-88.8,-999.9,-88.8
1923,-6.8,28,44.3,42.8,888.8,-88.8,-999.9,-88.8
1924,-6.8,28,44.3,43,888.8,-88.8,-999.9,-88.8
1925,-6.9,28,44.3,43.3,888.8,-88.8,-999.9,-88.8
1926,-6.9,28,44.3,43.5,888.8,-88.8,-999.9,-88.8
1927,-6.9,28,44.3,43.7,888.8,-88.8,-999.9,-88.8
1928,-7,28.1,44.3,43.9,888.8,-88.8,-999.9,-88.8
1929,-7,28.1,44.3,43.3,888.8,-88.8,-999.9,-88.8
1930,-7,28.1,44.3,42.9,888.8,-88.8,-999.9,-88.8
1931,-7.1,28.1,44.3,42.5,888.8,-88.8,-999.9,-88.8
1932,-7.1,28.1,44.3,42.3,888.8,-88.8,-999.9,-88.8
1933,-7.1,28.1,44.3,42.1,888.8,-88.8,-999.9,-88.8
1934,-7.2,28.1,44.3,41.9,888.8,-88.8,-999.9,-88.8
1935,-7.2,28.1,44.3,41.7,888.8,-88.8,-999.9,-88.8
1936,-7.2,28.1,44.3,41.4,888.8,-88.8,-999.9,-88.8
1937,-7.2,28.1,44.3,41.1,888.8,-88.8,-999.9,-88.8
1938,-7.3,28.1,44.3,41,888.8,-88.8,-999.9,-88.8
1939,-7.3,28.1,44.2,41.1,888.8,-88.8,-999.9,-88.8
1940,-7.3,28.1,44.2,41.2,888.8,-88.8,-999.9,-88.8
1941,-7.4,28.2,44.2,41.5,888.8,-88.8,-999.9,-88.8
1942,-7.4,28.1,44.2,41.8,888.8,-88.8,-999.9,-88.8
1943,-7.5,28.1,44.2,42.1,888.8,-88.8,-999.9,-88.8
1944,-7.5,28.1,44.2,42.3,888.8,-88.8,-999.9,-88.8
1945,-7.5,28.2,44.2,42.7,888.8,-88.8,-999.9,-88.8
1946,-7.6,28.2,44.2,42.9,888.8,-88.8,-999.9,-88.8
1947,-7.6,28.2,44.2,43.2,888.8,-88.8,-999.9,-88.8
1948,-7.7,28.2,44.2,43.5,888.8,-88.8,-999.9,-88.8
1949,-7.7,28.2,44.3,43.6,888.8,-88.8,-999.9,-88.8
1950,-7.7,28.2,44.2,43.1,888.8,-88.8,-999.9,-88.8
1951,-7.7,28.2,44.2,42.7,888.8,-88.8,-999.9,-88.8
1952,-7.7,28.2,44.2,42.3,888.8,-88.8,-999.9,-88.8
1953,-7.7,28.2,44.2,42,888.8,-88.8,-999.9,-88.8
1954,-7.8,28.2,44.2,41.8,888.8,-88.8,-999.9,-88.8
1955,-7.8,28.2,44.2,41.7,888.8,-88.8,-999.9,-88.8
1956,-7.8,28.2,44.2,41.5,888.8,-88.8,-999.9,-88.8
1957,-7.9,28.2,44.2,41.2,888.8,-88.8,-999.9,-88.8
1958,-7.9,28.2,44.2,41,888.8,-88.8,-999.9,-88.8
1959,-7.9,28.2,44.2,41.2,888.8,-88.8,-999.9,-88.8
2000,-8,28.3,44.2,41.2,888.8,-88.8,-999.9,-88.8
2001,-8,28.3,44.2,41.4,888.8,-88.8,-999.9,-88.8
2002,-8.1,28.2,44.2,41.6,888.8,-88.8,-999.9,-88.8
2003,-8.1,28.3,44.2,41.9,888.8,-88.8,-999.9,-88.8
2004,-8.1,28.3,44.2,42.3,888.8,-88.8,-999.9,-88.8
2005,-8.2,28.3,44.2,42.7,888.8,-88.8,-999.9,-88.8
2006,-8.2,28.3,44.2,43.2,888.8,-88.8,-999.9,-88.8
2007,-8.2,28.3,44.1,43.5,888.8,-88.8,-999.9,-88.8
2008,-8.2,28.3,44.2,43.9,888.8,-88.8,-999.9,-88.8
2009,-8.2,28.4,44.2,44.3,888.8,-88.8,-999.9,-88.8
2010,-8.3,28.4,44.1,44.6,888.8,-88.8,-999.9,-88.8
2011,-8.3,28.4,44.1,45,888.8,-88.8,-999.9,-88.8
2012,-8.3,28.4,44.1,44.5,888.8,-88.8,-999.9,-88.8
2013,-8.3,28.4,44.1,44.2,888.8,-88.8,-999.9,-88.8
2014,-8.3,28.4,44.1,43.9,888.8,-88.8,-999.9,-88.8
2015,-8.4,28.4,44.1,43.6,888.8,-88.8,-999.9,-88.8
2016,-8.4,28.4,44.1,43.4,888.8,-88.8,-999.9,-88.8
2017,-8.4,28.4,44.1,43.2,888.8,-88.8,-999.9,-88.8
2018,-8.4,28.4,44.1,42.9,888.8,-88.8,-999.9,-88.8
2019,-8.4,28.4,44.1,42.4,888.8,-88.8,-999.9,-88.8
2020,-8.4,28.4,44.1,41.9,888.8,-88.8,-999.9,-88.8
2021,-8.4,28.4,44.1,41.6,888.8,-88.8,-999.9,-88.8
2022,-8.4,28.4,44.1,41.6,888.8,-88.8,-999.9,-88.8
2023,-8.5,28.5,44.1,41.6,888.8,-88.8,-999.9,-88.8
2024,-8.5,28.5,44.1,41.7,888.8,-88.8,-999.9,-88.8
2025,-8.5,28.5,44.1,42,888.8,-88.8,-999.9,-88.8
2026,-8.5,28.5,44.1,42.3,888.8,-88.8,-999.9,-88.8
2027,-8.5,28.5,44.1,42.5,888.8,-88.8,-999.9,-88.8
2028,-8.5,28.5,44.1,42.8,888.8,-88.8,-999.9,-88.8
2029,-8.5,28.5,44.1,43.3,888.8,-88.8,-999.9,-88.8
2030,-8.6,28.5,44.1,43.7,888.8,-88.8,-999.9,-88.8
2031,-8.6,28.5,44.1,44.1,888.8,-88.8,-999.9,-88.8
2032,-8.6,28.6,44.1,44.5,888.8,-88.8,-999.9,-88.8
2033,-8.6,28.6,44.1,44.8,888.8,-88.8,-999.9,-88.8
2034,-8.6,28.6,44.1,44.6,888.8,-88.8,-999.9,-88.8
2035,-8.7,28.6,44,44.2,888.8,-88.8,-999.9,-88.8
2036,-8.7,28.6,44.1,44.1,888.8,-88.8,-999.9,-88.8
2037,-8.7,28.6,44.1,43.7,888.8,-88.8,-999.9,-88.8
2038,-8.7,28.6,44,43.5,888.8,-88.8,-999.9,-88.8
2039,-8.7,28.6,44,43.3,888.8,-88.8,-999.9,-88.8
2040,-8.8,28.6,44.1,42.9,888.8,-88.8,-999.9,-88.8
2041,-8.8,28.6,44,42.5,888.8,-88.8,-999.9,-88.8
2042,-8.8,28.6,44,42.1,888.8,-88.8,-999.9,-88.8
2043,-8.8,28.6,44,41.6,888.8,-88.8,-999.9,-88.8
2044,-8.8,28.6,44,41.5,888.8,-88.8,-999.9,-88.8
2045,-8.9,28.6,44,41.6,888.8,-88.8,-999.9,-88.8
2046,-8.9,28.6,44,41.7,888.8,-88.8,-999.9,-88.8
2047,-8.9,28.6,44,41.9,888.8,-88.8,-999.9,-88.8
2048,-8.9,28.7,44,42.1,888.8,-88.8,-999.9,-88.8
2049,-8.9,28.7,44,42.9,888.8,-88.8,-999.9,-88.8
2050,-8.9,28.7,44,44.2,888.8,-88.8,-999.9,-88.8
2051,-9,28.7,44,44.7,888.8,-88.8,-999.9,-88.8
2052,-9,28.7,44,45.1,888.8,-88.8,-999.9,-88.8
2053,-9,28.7,43.9,44.1,888.8,-88.8,-999.9,-88.8
2054,-9,28.7,44,43.9,888.8,-88.8,-999.9,-88.8
2055,-9,28.7,44,43.8,888.8,-88.8,-999.9,-88.8
2056,-9,28.7,44,43.6,888.8,-88.8,-999.9,-88.8
2057,-9,28.7,43.9,43.4,888.8,-88.8,-999.9,-88.8
2058,-9,28.7,43.9,43.1,888.8,-88.8,-999.9,-88.8
2059,-9,28.7,43.9,43.1,888.8,-88.8,-999.9,-88.8
2100,-9,28.7,43.9,43.8,888.8,-88.8,-999.9,-88.8
2101,-9,28.7,43.9,44.1,888.8,-88.8,-999.9,-88.8
2102,-9.1,28.8,43.9,44.5,888.8,-88.8,-999.9,-88.8
2103,-9.1,28.8,43.9,44.8,888.8,-88.8,-999.9,-88.8
2104,-9.1,28.8,43.9,45,888.8,-88.8,-999.9,-88.8
2105,-9.2,28.8,43.9,45.3,888.8,-88.8,-999.9,-88.8
2106,-9.2,28.8,43.9,44.1,888.8,-88.8,-999.9,-88.8
2107,-9.2,28.8,43.9,43.7,888.8,-88.8,-999.9,-88.8
2108,-9.2,28.7,43.9,43.8,888.8,-88.8,-999.9,-88.8
2109,-9.3,28.7,43.9,43.6,888.8,-88.8,-999.9,-88.8
2110,-9.3,28.6,43.9,43.4,888.8,-88.8,-999.9,-88.8
2111,-9.3,28.5,43.8,43.2,888.8,-88.8,-999.9,-88.8
2112,-9.3,28.5,43.8,42.9,888.8,-88.8,-999.9,-88.8
2113,-9.4,28.5,43.8,42.5,888.8,-88.8,-999.9,-88.8
2114,-9.4,28.4,43.8,42.1,888.8,-88.8,-999.9,-88.8
2115,-9.4,28.4,43.8,41.6,888.8,-88.8,-999.9,-88.8
2116,-9.4,28.4,43.8,41.3,888.8,-88.8,-999.9,-88.8
2117,-9.5,28.4,43.7,41,888.8,-88.8,-999.9,-88.8
2118,-9.5,28.4,43.7,40.7,888.8,-88.8,-999.9,-88.8
2119,-9.5,28.5,43.7,40.4,888.8,-88.8,-999.9,-88.8
2120,-9.5,28.4,43.8,40.2,888.8,-88.8,-999.9,-88.8
2121,-9.5,28.4,43.7,39.9,888.8,-88.8,-999.9,-88.8
2122,-9.5,28.5,43.8,39.7,888.8,-88.8,-999.9,-88.8
2123,-9.6,28.5,43.8,39.5,888.8,-88.8,-999.9,-88.8
2124,-9.6,28.5,43.8,39.3,888.8,-88.8,-999.9,-88.8
2125,-9.6,28.5,43.8,39.2,888.8,-88.8,-999.9,-88.8
2126,-9.6,28.5,43.8,39,888.8,-88.8,-999.9,-88.8
2127,-9.7,28.5,43.8,38.8,888.8,-88.8,-999.9,-88.8
2128,-9.7,28.5,43.8,38.6,888.8,-88.8,-999.9,-88.8
2129,-9.7,28.5,43.8,38.4,888.8,-88.8,-999.9,-88.8
2130,-9.7,28.5,43.8,38.3,888.8,-88.8,-999.9,-88.8
2131,-9.7,28.5,43.8,38.1,888.8,-88.8,-999.9,-88.8
2132,-9.8,28.5,43.8,38,888.8,-88.8,-999.9,-88.8
2133,-9.8,28.5,43.8,37.9,888.8,-88.8,-999.9,-88.8
2134,-9.8,28.5,43.9,37.7,888.8,-88.8,-999.9,-88.8
2135,-9.8,28.6,43.9,37.6,888.8,-88.8,-999.9,-88.8
2136,-9.8,28.6,43.9,37.4,888.8,-88.8,-999.9,-88.8
2137,-9.9,28.5,44,37.3,888.8,-88.8,-999.9,-88.8
2138,-9.9,28.5,44,37.2,888.8,-88.8,-999.9,-88.8
2139,-9.9,28.6,44,37,888.8,-88.8,-999.9,-88.8
2140,-9.9,28.6,44.1,36.8,888.8,-88.8,-999.9,-88.8
2141,-10,28.6,44.1,36.7,888.8,-88.8,-999.9,-88.8
2142,-10,28.6,44.1,36.6,888.8,-88.8,-999.9,-88.8
2143,-10,28.6,44.2,36.6,888.8,-88.8,-999.9,-88.8
2144,-10.1,28.6,44.3,36.5,888.8,-88.8,-999.9,-88.8
2145,-10.1,28.6,44.3,36.4,888.8,-88.8,-999.9,-88.8
2146,-10.1,28.6,44.4,36.3,888.8,-88.8,-999.9,-88.8
2147,-10.1,28.6,44.4,36.2,888.8,-88.8,-999.9,-88.8
2148,-10.1,28.6,44.5,36.1,888.8,-88.8,-999.9,-88.8
2149,-10.1,28.6,44.6,36,888.8,-88.8,-999.9,-88.8
2150,-10.2,28.6,44.6,35.9,888.8,-88.8,-999.9,-88.8
2151,-10.1,28.6,44.6,35.9,888.8,-88.8,-999.9,-88.8
2152,-10.1,28.6,44.7,35.8,888.8,-88.8,-999.9,-88.8
2153,-10.2,28.7,44.8,35.7,888.8,-88.8,-999.9,-88.8
2154,-10.2,28.7,44.8,35.6,888.8,-88.8,-999.9,-88.8
2155,-10.2,28.6,44.8,35.6,888.8,-88.8,-999.9,-88.8
2156,-10.2,28.7,44.8,35.5,888.8,-88.8,-999.9,-88.8
2157,-10.2,28.7,44.8,35.4,888.8,-88.8,-999.9,-88.8
2158,-10.3,28.7,44.8,35.4,888.8,-88.8,-999.9,-88.8
2159,-10.3,28.7,44.8,35.4,888.8,-88.8,-999.9,-88.8
2200,-10.3,28.7,44.7,35.3,888.8,-88.8,-999.9,-88.8
2201,-10.3,28.7,44.8,35.2,888.8,-88.8,-999.9,-88.8
2202,-10.3,28.7,44.8,35.1,888.8,-88.8,-999.9,-88.8
2203,-10.3,28.7,44.7,35,888.8,-88.8,-999.9,-88.8
2204,-10.4,28.7,44.6,33.5,888.8,-88.8,-999.9,-88.8
2205,-10.4,28.7,44.6,32.5,888.8,-88.8,-999.9,-88.8
2206,-10.4,28.7,44.5,31.6,888.8,-88.8,-999.9,-88.8
2207,-10.4,28.7,44.6,30.6,888.8,-88.8,-999.9,-88.8
2208,-10.4,28.7,44.5,30.3,888.8,-88.8,-999.9,-88.8
2209,-10.4,28.7,44.5,30.2,888.8,-88.8,-999.9,-88.8
2210,-10.4,28.7,44.5,30.3,888.8,-88.8,-999.9,-88.8
2211,-10.4,28.8,44.5,30.3,888.8,-88.8,-999.9,-88.8
2212,-10.4,28.7,44.4,30.3,888.8,-88.8,-999.9,-88.8
2213,-10.5,28.8,44.4,30.3,888.8,-88.8,-999.9,-88.8
2214,-10.5,28.7,44.5,30.3,888.8,-88.8,-999.9,-88.8
2215,-10.6,28.7,44.4,30.4,888.8,-88.8,-999.9,-88.8
2216,-10.6,28.8,44.4,30.5,888.8,-88.8,-999.9,-88.8
2217,-10.6,28.8,44.4,30.7,888.8,-88.8,-999.9,-88.8
2218,-10.6,28.8,44.4,30.8,888.8,-88.8,-999.9,-88.8
2219,-10.7,28.8,44.4,31,888.8,-88.8,-999.9,-88.8
2220,-10.7,28.8,44.4,31.3,888.8,-88.8,-999.9,-88.8
2221,-10.7,28.8,44.4,31.6,888.8,-88.8,-999.9,-88.8
2222,-10.7,28.8,44.4,31.8,888.8,-88.8,-999.9,-88.8
2223,-10.8,28.8,44.3,32,888.8,-88.8,-999.9,-88.8
2224,-10.7,28.8,44.3,32.2,888.8,-88.8,-999.9,-88.8
2225,-10.8,28.8,44.3,32.3,888.8,-88.8,-999.9,-88.8
2226,-10.8,28.9,44.2,32.4,888.8,-88.8,-999.9,-88.8
2227,-10.8,28.9,44.2,32.5,888.8,-88.8,-999.9,-88.8
2228,-10.8,28.8,44.2,32.5,888.8,-88.8,-999.9,-88.8
2229,-10.9,28.9,44.2,32.5,888.8,-88.8,-999.9,-88.8
2230,-10.9,28.9,44.2,32.5,888.8,-88.8,-999.9,-88.8
2231,-10.9,28.9,44.2,32.5,888.8,-88.8,-999.9,-88.8
2232,-10.9,28.9,44.1,32.5,888.8,-88.8,-999.9,-88.8
2233,-10.9,28.9,44.1,32.5,888.8,-88.8,-999.9,-88.8
2234,-10.9,28.9,44.1,32.5,888.8,-88.8,-999.9,-88.8
2235,-10.9,28.9,44.1,32.5,888.8,-88.8,-999.9,-88.8
2236,-10.9,28.9,44,32.5,888.8,-88.8,-999.9,-88.8
2237,-10.9,28.9,44,32.5,888.8,-88.8,-999.9,-88.8
2238,-10.9,28.9,44,32.2,888.8,-88.8,-999.9,-88.8
2239,-10.9,28.9,43.9,32,888.8,-88.8,-999.9,-88.8
2240,-10.8,28.9,43.9,32.2,888.8,-88.8,-999.9,-88.8
2241,-10.8,28.9,43.9,32,888.8,-88.8,-999.9,-88.8
2242,-10.8,28.9,43.9,31.6,888.8,-88.8,-999.9,-88.8
2243,-10.8,28.9,43.8,31.4,888.8,-88.8,-999.9,-88.8
2244,-10.8,28.9,43.8,31.3,888.8,-88.8,-999.9,-88.8
2245,-10.8,28.9,43.7,30.8,888.8,-88.8,-999.9,-88.8
2246,-10.7,28.9,43.8,30.8,888.8,-88.8,-999.9,-88.8
2247,-10.7,28.9,43.7,30.7,888.8,-88.8,-999.9,-88.8
2248,-10.7,28.9,43.7,30.8,888.8,-88.8,-999.9,-88.8
2249,-10.7,28.9,43.7,30.6,888.8,-88.8,-999.9,-88.8
2250,-10.6,28.8,43.6,30.6,888.8,-88.8,-999.9,-88.8
2251,-10.6,28.7,43.5,30.5,888.8,-88.8,-999.9,-88.8
2252,-10.6,28.5,43.5,30.3,888.8,-88.8,-999.9,-88.8
2253,-10.6,28.3,43.4,30.2,888.8,-88.8,-999.9,-88.8
2254,-10.6,28.2,43.3,30,888.8,-88.8,-999.9,-88.8
2255,-10.6,28,43.2,30,888.8,-88.8,-999.9,-88.8
2256,-10.5,27.8,43.1,30,888.8,-88.8,-999.9,-88.8
2257,-10.5,27.6,42.9,30.1,888.8,-88.8,-999.9,-88.8
2258,-10.5,27.4,42.9,30,888.8,-88.8,-999.9,-88.8
2259,-10.5,27.2,42.8,30,888.8,-88.8,-999.9,-88.8
2300,-10.5,27.1,42.7,30,888.8,-88.8,-999.9,-88.8
2301,-10.5,26.9,42.7,29.8,888.8,-88.8,-999.9,-88.8
2302,-10.5,26.8,42.7,29.9,888.8,-88.8,-999.9,-88.8
2303,-10.5,26.7,42.7,29.9,888.8,-88.8,-999.9,-88.8
2304,-10.4,26.7,42.6,29.8,888.8,-88.8,-999.9,-88.8
2305,-10.4,26.6,42.6,29.7,888.8,-88.8,-999.9,-88.8
2306,-10.4,26.6,42.5,29.6,888.8,-88.8,-999.9,-88.8
2307,-10.4,26.5,42.5,29.5,888.8,-88.8,-999.9,-88.8
2308,-10.3,26.5,42.5,29.5,888.8,-88.8,-999.9,-88.8
2309,-10.4,26.4,42.5,29.4,888.8,-88.8,-999.9,-88.8
2310,-10.3,26.3,42.5,29.2,888.8,-88.8,-999.9,-88.8
2311,-10.3,26.3,42.4,29.1,888.8,-88.8,-999.9,-88.8
2312,-10.3,26.2,42.4,28.9,888.8,-88.8,-999.9,-88.8
2313,-10.2,26.2,42.4,28.8,888.8,-88.8,-999.9,-88.8
2314,-10.2,26,42.3,28.7,888.8,-88.8,-999.9,-88.8
2315,-10.2,26,42.3,28.6,888.8,-88.8,-999.9,-88.8
2316,-10.2,26,42.3,28.5,888.8,-88.8,-999.9,-88.8
2317,-10.2,26,42.3,28.2,888.8,-88.8,-999.9,-88.8
2318,-10.1,26,42.3,28.4,888.8,-88.8,-999.9,-88.8
2319,-10.1,26,42.2,28.4,888.8,-88.8,-999.9,-88.8
2320,-10.1,25.9,42.1,28.3,888.8,-88.8,-999.9,-88.8
2321,-10.1,25.9,42.1,28.2,888.8,-88.8,-999.9,-88.8
2322,-10,25.9,42.1,28.2,888.8,-88.8,-999.9,-88.8
2323,-10,25.9,42.1,28.1,888.8,-88.8,-999.9,-88.8
2324,-10,25.9,42,28.1,888.8,-88.8,-999.9,-88.8
2325,-9.9,25.9,42,27.7,888.8,-88.8,-999.9,-88.8
2326,-9.9,25.9,41.9,27.5,888.8,-88.8,-999.9,-88.8
2327,-9.9,25.9,41.9,27.6,888.8,-88.8,-999.9,-88.8
2328,-9.9,25.9,41.9,27.3,888.8,-88.8,-999.9,-88.8
2329,-9.9,25.9,41.8,27,888.8,-88.8,-999.9,-88.8
2330,-9.9,25.9,41.8,26.7,888.8,-88.8,-999.9,-88.8
2331,-9.9,25.9,41.7,26.3,888.8,-88.8,-999.9,-88.8
2332,-9.9,25.9,41.7,26,888.8,-88.8,-999.9,-88.8
2333,-9.9,25.9,41.6,25.8,888.8,-88.8,-999.9,-88.8
2334,-9.8,25.9,41.6,25.5,888.8,-88.8,-999.9,-88.8
2335,-9.8,25.9,41.5,25.2,888.8,-88.8,-999.9,-88.8
2336,-9.8,25.9,41.5,24.9,888.8,-88.8,-999.9,-88.8
2337,-9.8,25.9,41.4,24.6,888.8,-88.8,-999.9,-88.8
2338,-9.8,25.9,41.4,24.4,888.8,-88.8,-999.9,-88.8
2339,-9.8,25.9,41.3,24.3,888.8,-88.8,-999.9,-88.8
2340,-9.8,25.9,41.3,24.2,888.8,-88.8,-999.9,-88.8
2341,-9.8,25.9,41.2,24.1,888.8,-88.8,-999.9,-88.8
2342,-9.8,25.9,41.2,24.1,888.8,-88.8,-999.9,-88.8
2343,-9.8,25.9,41.1,24.1,888.8,-88.8,-999.9,-88.8
2344,-9.9,25.9,41,24,888.8,-88.8,-999.9,-88.8
2345,-9.9,25.9,41,24,888.8,-88.8,-999.9,-88.8
2346,-9.9,25.9,41,24,888.8,-88.8,-999.9,-88.8
2347,-9.9,25.9,40.9,24,888.8,-88.8,-999.9,-88.8
2348,-9.9,25.9,40.8,24,888.8,-88.8,-999.9,-88.8
2349,-9.9,25.9,40.8,24,888.8,-88.8,-999.9,-88.8
2350,-9.9,25.9,40.8,24.1,888.8,-88.8,-999.9,-88.8
2351,-9.9,25.9,40.7,24.1,888.8,-88.8,-999.9,-88.8
2352,-9.9,25.9,40.6,24.2,888.8,-88.8,-999.9,-88.8
2353,-9.9,25.9,40.6,24.2,888.8,-88.8,-999.9,-88.8
2354,-9.9,25.9,40.6,24.3,888.8,-88.8,-999.9,-88.8
2355,-9.9,25.9,40.5,24.4,888.8,-88.8,-999.9,-88.8
2356,-10,25.9,40.5,24.5,888.8,-88.8,-999.9,-88.8
2357,-9.9,25.9,40.4,24.5,888.8,-88.8,-999.9,-88.8
2358,-10,25.9,40.4,24.6,888.8,-88.8,-999.9,-88.8
2359,-10,25.9,40.4,24.6,888.8,-88.8,-999.9,-88.8